 1.088035 0.
 1.08818 0.
 1.088325 0.
 1.08847 0.
 1.088615 0.
 1.08876 0.
 1.088905 0.
 1.08905 0.
 1.089195 0.
 1.08934 0.
 1.089485 0.
 1.08963 0.
 1.089775 0.
 1.08992 0.
 1.090065 0.
 1.09021 0.
 1.090355 0.
 1.0905 0.
 1.090645 0.
 1.09079 0.
 1.090935 0.
 1.09108 0.
 1.091225 0.
 1.09137 0.
 1.091515 0.
 1.09166 0.
 1.091805 0.
 1.09195 0.
 1.092095 0.
 1.09224 0.
 1.092385 0.
 1.09253 0.
 1.092675 0.
 1.09282 0.
 1.092965 0.
 1.09311 0.
 1.093255 0.
 1.0934 0.
 1.093545 0.
 1.09369 0.
 1.093835 0.
 1.09398 0.
 1.094125 0.
 1.09427 0.
 1.094415 0.
 1.09456 0.
 1.094705 0.
 1.09485 0.
 1.094995 0.
 1.09514 0.
 1.095285 0.
 1.09543 0.
 1.095575 0.
 1.09572 0.
 1.095865 0.
 1.09601 0.
 1.096155 0.
 1.0963 0.
 1.096445 0.
 1.09659 0.
 1.096735 0.
 1.09688 0.
 1.097025 0.
 1.09717 0.
 1.097315 0.
 1.09746 0.
 1.097605 0.
 1.09775 0.
 1.097895 0.
 1.09804 0.
 1.098185 0.
 1.09833 0.
 1.098475 0.
 1.09862 0.
 1.098765 0.
 1.09891 0.
 1.099055 0.
 1.0992 0.
 1.099345 0.
 1.09949 0.
 1.099635 0.
 1.09978 4.2429668E-15
 1.099925 4.193504E-15
 1.10007 4.0685407E-15
 1.100215 4.085982E-15
 1.10036 4.1552552E-15
 1.100505 4.0916714E-15
 1.10065 3.9842312E-15
 1.100795 4.054986E-15
 1.10094 4.110228E-15
 1.101085 4.096245E-15
 1.10123 4.0439246E-15
 1.101375 4.0814376E-15
 1.10152 4.12499E-15
 1.101665 4.3389055E-15
 1.10181 4.255027E-15
 1.101955 4.2822483E-15
 1.1021 4.2504033E-15
 1.102245 4.1701202E-15
 1.10239 4.0556823E-15
 1.102535 4.112809E-15
 1.10268 4.041162E-15
 1.102825 3.9807626E-15
 1.10297 4.1888896E-15
 1.103115 4.1225394E-15
 1.10326 4.189014E-15
 1.103405 4.0868933E-15
 1.10355 3.9080736E-15
 1.103695 3.6762814E-15
 1.10384 3.5806526E-15
 1.103985 3.2190416E-15
 1.10413 2.096329E-15
 1.104275 3.0559066E-15
 1.10442 3.4971845E-15
 1.104565 3.5564715E-15
 1.10471 3.5091889E-15
 1.104855 3.63375E-15
 1.105 3.731984E-15
 1.105145 3.8526718E-15
 1.10529 3.6162954E-15
 1.105435 3.586116E-15
 1.10558 3.5650753E-15
 1.105725 3.416359E-15
 1.10587 3.3249823E-15
 1.106015 3.365818E-15
 1.10616 3.4725503E-15
 1.106305 3.4704215E-15
 1.10645 3.3813388E-15
 1.106595 3.5127678E-15
 1.10674 3.5634558E-15
 1.106885 3.574026E-15
 1.10703 3.5887304E-15
 1.107175 3.5093403E-15
 1.10732 3.4971208E-15
 1.107465 3.5147954E-15
 1.10761 3.4227509E-15
 1.107755 3.4931588E-15
 1.1079 3.6246132E-15
 1.108045 3.462177E-15
 1.10819 3.3840612E-15
 1.108335 3.492657E-15
 1.10848 3.5143626E-15
 1.108625 3.633979E-15
 1.10877 3.7404975E-15
 1.108915 3.7352874E-15
 1.10906 3.8474655E-15
 1.109205 3.8750203E-15
 1.10935 3.7996937E-15
 1.109495 3.739376E-15
 1.10964 3.7721736E-15
 1.109785 3.8093007E-15
 1.10993 3.844806E-15
 1.110075 3.86972E-15
 1.11022 3.8242695E-15
 1.110365 3.8906934E-15
 1.11051 3.7638176E-15
 1.110655 3.634352E-15
 1.1108 3.5416544E-15
 1.110945 3.4799019E-15
 1.11109 3.506708E-15
 1.111235 3.6044365E-15
 1.11138 3.596051E-15
 1.111525 3.413654E-15
 1.11167 3.5501148E-15
 1.111815 3.4387088E-15
 1.11196 3.5384888E-15
 1.112105 3.5293474E-15
 1.11225 3.5548016E-15
 1.112395 3.4914203E-15
 1.11254 3.507269E-15
 1.112685 3.5128087E-15
 1.11283 3.6292397E-15
 1.112975 3.785136E-15
 1.11312 3.9091714E-15
 1.113265 3.8500193E-15
 1.11341 3.8299404E-15
 1.113555 3.8355613E-15
 1.1137 3.882814E-15
 1.113845 3.68435E-15
 1.11399 3.7204508E-15
 1.114135 3.6542954E-15
 1.11428 3.687768E-15
 1.114425 3.677586E-15
 1.11457 3.780255E-15
 1.114715 3.9214356E-15
 1.11486 4.074143E-15
 1.115005 4.1517307E-15
 1.11515 4.1377644E-15
 1.115295 4.0301726E-15
 1.11544 3.934667E-15
 1.115585 3.8402432E-15
 1.11573 3.867265E-15
 1.115875 3.697215E-15
 1.11602 3.9161124E-15
 1.116165 3.9979066E-15
 1.11631 3.932213E-15
 1.116455 3.870696E-15
 1.1166 3.7523377E-15
 1.116745 3.639079E-15
 1.11689 3.5346577E-15
 1.117035 3.508438E-15
 1.11718 3.4931332E-15
 1.117325 3.4999213E-15
 1.11747 3.3735556E-15
 1.117615 3.2367664E-15
 1.11776 3.3458943E-15
 1.117905 3.4485771E-15
 1.11805 3.4477818E-15
 1.118195 3.5753477E-15
 1.11834 3.6935647E-15
 1.118485 3.7851188E-15
 1.11863 3.8359628E-15
 1.118775 3.9488236E-15
 1.11892 3.9616315E-15
 1.119065 3.8865298E-15
 1.11921 3.737585E-15
 1.119355 3.674624E-15
 1.1195 3.5113528E-15
 1.119645 3.5409607E-15
 1.11979 3.527767E-15
 1.119935 3.6488617E-15
 1.12008 3.5298237E-15
 1.120225 3.627238E-15
 1.12037 3.6941292E-15
 1.120515 3.660459E-15
 1.12066 3.5327686E-15
 1.120805 3.656407E-15
 1.12095 3.792896E-15
 1.121095 3.924147E-15
 1.12124 4.07833E-15
 1.121385 4.1300988E-15
 1.12153 3.8836423E-15
 1.121675 3.7375375E-15
 1.12182 3.81432E-15
 1.121965 3.7043034E-15
 1.12211 3.7092424E-15
 1.122255 3.67491E-15
 1.1224 3.690946E-15
 1.122545 3.589387E-15
 1.12269 3.4930976E-15
 1.122835 3.4392265E-15
 1.12298 3.559849E-15
 1.123125 3.7542326E-15
 1.12327 3.885884E-15
 1.123415 3.927532E-15
 1.12356 3.910193E-15
 1.123705 3.8768143E-15
 1.12385 3.7260645E-15
 1.123995 3.7113553E-15
 1.12414 3.812205E-15
 1.124285 3.8713683E-15
 1.12443 3.846963E-15
 1.124575 3.9170196E-15
 1.12472 3.9479863E-15
 1.124865 4.1431325E-15
 1.12501 4.132913E-15
 1.125155 4.0863317E-15
 1.1253 4.0820466E-15
 1.125445 4.065894E-15
 1.12559 3.957466E-15
 1.125735 3.7708776E-15
 1.12588 3.8167245E-15
 1.126025 4.014336E-15
 1.12617 4.016212E-15
 1.126315 4.0765934E-15
 1.12646 3.849385E-15
 1.126605 3.828355E-15
 1.12675 3.8902453E-15
 1.126895 3.9214623E-15
 1.12704 3.8251174E-15
 1.127185 3.857424E-15
 1.12733 4.125313E-15
 1.127475 4.162611E-15
 1.12762 4.0131527E-15
 1.127765 4.0891612E-15
 1.12791 3.9868863E-15
 1.128055 3.821058E-15
 1.1282 3.896082E-15
 1.128345 3.9317334E-15
 1.12849 3.7966427E-15
 1.128635 3.7561583E-15
 1.12878 3.96341E-15
 1.128925 4.034137E-15
 1.12907 3.869931E-15
 1.129215 4.087525E-15
 1.12936 4.038246E-15
 1.129505 3.8688446E-15
 1.12965 4.049133E-15
 1.129795 4.095398E-15
 1.12994 3.994983E-15
 1.130085 3.985614E-15
 1.13023 3.9996654E-15
 1.130375 3.7846017E-15
 1.13052 3.807585E-15
 1.130665 3.974235E-15
 1.13081 3.8711498E-15
 1.130955 3.80354E-15
 1.1311 3.811079E-15
 1.131245 3.7161855E-15
 1.13139 3.790609E-15
 1.131535 3.7719635E-15
 1.13168 3.904719E-15
 1.131825 3.731532E-15
 1.13197 3.9281454E-15
 1.132115 3.9456544E-15
 1.13226 4.094571E-15
 1.132405 4.0008767E-15
 1.13255 3.8990955E-15
 1.132695 3.8930757E-15
 1.13284 3.984628E-15
 1.132985 3.951557E-15
 1.13313 3.855065E-15
 1.133275 3.891851E-15
 1.13342 4.0021748E-15
 1.133565 3.89217E-15
 1.13371 3.734255E-15
 1.133855 3.521612E-15
 1.134 3.6373433E-15
 1.134145 3.737564E-15
 1.13429 3.8257785E-15
 1.134435 3.5914565E-15
 1.13458 3.7449313E-15
 1.134725 3.5285787E-15
 1.13487 3.4903079E-15
 1.135015 3.1480668E-15
 1.13516 3.4039434E-15
 1.135305 3.2028183E-15
 1.13545 3.209739E-15
 1.135595 3.3594047E-15
 1.13574 3.734722E-15
 1.135885 3.7855787E-15
 1.13603 3.651078E-15
 1.136175 3.564215E-15
 1.13632 3.5308067E-15
 1.136465 3.591632E-15
 1.13661 3.690877E-15
 1.136755 3.603894E-15
 1.1369 3.4890935E-15
 1.137045 3.5989142E-15
 1.13719 3.600872E-15
 1.137335 3.5711002E-15
 1.13748 3.5636125E-15
 1.137625 3.600231E-15
 1.13777 3.4611011E-15
 1.137915 3.5064062E-15
 1.13806 3.621643E-15
 1.138205 3.3500854E-15
 1.13835 3.2796468E-15
 1.138495 3.251072E-15
 1.13864 2.9792883E-15
 1.138785 3.064946E-15
 1.13893 3.228367E-15
 1.139075 3.2907728E-15
 1.13922 3.4733615E-15
 1.139365 3.5266399E-15
 1.13951 3.6367033E-15
 1.139655 3.7446437E-15
 1.1398 3.8974256E-15
 1.139945 3.6727065E-15
 1.14009 3.595016E-15
 1.140235 3.525502E-15
 1.14038 3.4786919E-15
 1.140525 3.4346714E-15
 1.14067 3.128942E-15
 1.140815 2.9908727E-15
 1.14096 2.8500541E-15
 1.141105 2.7552294E-15
 1.14125 2.9897006E-15
 1.141395 3.2088308E-15
 1.14154 3.3184966E-15
 1.141685 3.4818714E-15
 1.14183 3.592681E-15
 1.141975 3.690485E-15
 1.14212 3.810874E-15
 1.142265 3.8027675E-15
 1.14241 3.7381986E-15
 1.142555 3.8836007E-15
 1.1427 3.9042836E-15
 1.142845 3.876842E-15
 1.14299 3.8825708E-15
 1.143135 3.748472E-15
 1.14328 3.740215E-15
 1.143425 3.646492E-15
 1.14357 3.7743784E-15
 1.143715 3.808501E-15
 1.14386 3.7612833E-15
 1.144005 3.6239504E-15
 1.14415 3.792409E-15
 1.144295 3.9267105E-15
 1.14444 3.6363895E-15
 1.144585 3.702198E-15
 1.14473 3.664716E-15
 1.144875 3.6151692E-15
 1.14502 3.57816E-15
 1.145165 3.752916E-15
 1.14531 3.768872E-15
 1.145455 3.784461E-15
 1.1456 3.921357E-15
 1.145745 3.824979E-15
 1.14589 3.793526E-15
 1.146035 3.7409286E-15
 1.14618 3.7175865E-15
 1.146325 3.7618656E-15
 1.14647 3.864214E-15
 1.146615 3.7424406E-15
 1.14676 3.8362393E-15
 1.146905 4.179516E-15
 1.14705 4.2253167E-15
 1.147195 4.0503354E-15
 1.14734 4.1479284E-15
 1.147485 4.023251E-15
 1.14763 3.9049744E-15
 1.147775 3.6780432E-15
 1.14792 3.7907604E-15
 1.148065 3.9072414E-15
 1.14821 3.8682076E-15
 1.148355 3.946172E-15
 1.1485 4.023341E-15
 1.148645 4.0869755E-15
 1.14879 4.080579E-15
 1.148935 3.982537E-15
 1.14908 4.0879762E-15
 1.149225 4.1036976E-15
 1.14937 4.1811507E-15
 1.149515 4.260694E-15
 1.14966 4.3369696E-15
 1.149805 4.1935064E-15
 1.14995 4.0370374E-15
 1.150095 3.892947E-15
 1.15024 3.981594E-15
 1.150385 3.990761E-15
 1.15053 4.017281E-15
 1.150675 4.027611E-15
 1.15082 4.0418434E-15
 1.150965 4.048108E-15
 1.15111 3.999952E-15
 1.151255 4.0618038E-15
 1.1514 4.0326303E-15
 1.151545 3.9533027E-15
 1.15169 4.118048E-15
 1.151835 4.243503E-15
 1.15198 4.169374E-15
 1.152125 4.1299755E-15
 1.15227 4.040219E-15
 1.152415 4.0783235E-15
 1.15256 4.1019603E-15
 1.152705 3.976491E-15
 1.15285 3.670226E-15
 1.152995 3.6456527E-15
 1.15314 3.7459537E-15
 1.153285 3.766771E-15
 1.15343 3.869212E-15
 1.153575 3.7312797E-15
 1.15372 3.802025E-15
 1.153865 4.06869E-15
 1.15401 3.8738243E-15
 1.154155 3.9425E-15
 1.1543 3.9534047E-15
 1.154445 3.9050264E-15
 1.15459 4.0241472E-15
 1.154735 3.9253336E-15
 1.15488 4.0211157E-15
 1.155025 3.912641E-15
 1.15517 3.9931378E-15
 1.155315 4.03464E-15
 1.15546 4.0617665E-15
 1.155605 4.2139123E-15
 1.15575 4.2499057E-15
 1.155895 4.093387E-15
 1.15604 4.1235842E-15
 1.156185 4.1092812E-15
 1.15633 4.177524E-15
 1.156475 4.087638E-15
 1.15662 4.086449E-15
 1.156765 4.0325655E-15
 1.15691 4.0723807E-15
 1.157055 4.1049787E-15
 1.1572 3.9605948E-15
 1.157345 3.9488765E-15
 1.15749 4.003318E-15
 1.157635 4.0470163E-15
 1.15778 4.093179E-15
 1.157925 3.981392E-15
 1.15807 4.0173794E-15
 1.158215 4.1110244E-15
 1.15836 4.081511E-15
 1.158505 4.0633733E-15
 1.15865 4.132548E-15
 1.158795 4.174631E-15
 1.15894 4.236034E-15
 1.159085 4.266876E-15
 1.15923 3.9366902E-15
 1.159375 3.87335E-15
 1.15952 3.884345E-15
 1.159665 3.822075E-15
 1.15981 3.7031357E-15
 1.159955 3.721822E-15
 1.1601 3.750435E-15
 1.160245 3.8524376E-15
 1.16039 3.9974386E-15
 1.160535 3.8858386E-15
 1.16068 3.881423E-15
 1.160825 3.9479803E-15
 1.16097 4.002626E-15
 1.161115 4.0440936E-15
 1.16126 4.0174595E-15
 1.161405 3.9079343E-15
 1.16155 4.0360713E-15
 1.161695 4.1598635E-15
 1.16184 4.120798E-15
 1.161985 4.1119164E-15
 1.16213 4.106148E-15
 1.162275 4.139374E-15
 1.16242 4.0800078E-15
 1.162565 3.9377516E-15
 1.16271 4.0053156E-15
 1.162855 4.1338723E-15
 1.163 4.1811202E-15
 1.163145 4.2109608E-15
 1.16329 4.3019664E-15
 1.163435 4.383022E-15
 1.16358 4.359917E-15
 1.163725 4.3578583E-15
 1.16387 4.2218117E-15
 1.164015 4.1416277E-15
 1.16416 4.09549E-15
 1.164305 4.023261E-15
 1.16445 3.9346633E-15
 1.164595 4.0537138E-15
 1.16474 4.1605496E-15
 1.164885 4.1972706E-15
 1.16503 4.3979784E-15
 1.165175 4.2549828E-15
 1.16532 4.0632124E-15
 1.165465 4.114083E-15
 1.16561 4.0504696E-15
 1.165755 4.033441E-15
 1.1659 3.871428E-15
 1.166045 3.8994525E-15
 1.16619 3.9912624E-15
 1.166335 4.0266375E-15
 1.16648 4.0786297E-15
 1.166625 4.165362E-15
 1.16677 4.1286287E-15
 1.166915 4.228592E-15
 1.16706 4.2540807E-15
 1.167205 4.0732904E-15
 1.16735 4.0796016E-15
 1.167495 4.067497E-15
 1.16764 4.0282308E-15
 1.167785 4.0029604E-15
 1.16793 3.9606435E-15
 1.168075 4.0004134E-15
 1.16822 4.0012096E-15
 1.168365 3.9689126E-15
 1.16851 3.8604903E-15
 1.168655 3.7417685E-15
 1.1688 3.6202476E-15
 1.168945 3.4935152E-15
 1.16909 3.336955E-15
 1.169235 3.1567014E-15
 1.16938 2.9199786E-15
 1.169525 2.7047841E-15
 1.16967 2.8014503E-15
 1.169815 2.9684888E-15
 1.16996 3.1194407E-15
 1.170105 3.367642E-15
 1.17025 3.567682E-15
 1.170395 3.670607E-15
 1.17054 3.8257704E-15
 1.170685 3.9059743E-15
 1.17083 3.939103E-15
 1.170975 3.9932928E-15
 1.17112 3.9499366E-15
 1.171265 4.0262805E-15
 1.17141 3.918517E-15
 1.171555 3.9010102E-15
 1.1717 3.9292232E-15
 1.171845 3.8480664E-15
 1.17199 3.8929994E-15
 1.172135 3.841388E-15
 1.17228 3.858721E-15
 1.172425 3.960501E-15
 1.17257 3.964935E-15
 1.172715 3.8654162E-15
 1.17286 3.830019E-15
 1.173005 3.9335367E-15
 1.17315 3.9787945E-15
 1.173295 3.9412727E-15
 1.17344 3.995595E-15
 1.173585 4.018602E-15
 1.17373 3.8521343E-15
 1.173875 3.8395516E-15
 1.17402 3.7851882E-15
 1.174165 3.6481442E-15
 1.17431 3.6139766E-15
 1.174455 3.7066886E-15
 1.1746 3.693584E-15
 1.174745 3.659961E-15
 1.17489 3.793966E-15
 1.175035 3.8504504E-15
 1.17518 3.9321993E-15
 1.175325 3.867819E-15
 1.17547 3.7615484E-15
 1.175615 3.6566395E-15
 1.17576 3.5687162E-15
 1.175905 3.633924E-15
 1.17605 3.690497E-15
 1.176195 3.6972853E-15
 1.17634 3.6720704E-15
 1.176485 3.619878E-15
 1.17663 3.6254586E-15
 1.176775 3.5705005E-15
 1.17692 3.499465E-15
 1.177065 3.346902E-15
 1.17721 3.0650465E-15
 1.177355 2.8516436E-15
 1.1775 2.6225415E-15
 1.177645 2.3478138E-15
 1.17779 2.2108674E-15
 1.177935 2.2953039E-15
 1.17808 2.4991173E-15
 1.178225 2.7194836E-15
 1.17837 2.9321437E-15
 1.178515 3.1933616E-15
 1.17866 3.362389E-15
 1.178805 3.4919471E-15
 1.17895 3.621129E-15
 1.179095 3.691503E-15
 1.17924 3.6742667E-15
 1.179385 3.635855E-15
 1.17953 3.6111433E-15
 1.179675 3.576191E-15
 1.17982 3.5258632E-15
 1.179965 3.5142063E-15
 1.18011 3.625097E-15
 1.180255 3.5986745E-15
 1.1804 3.5486287E-15
 1.180545 3.662852E-15
 1.18069 3.7412615E-15
 1.180835 3.6889365E-15
 1.18098 3.796183E-15
 1.181125 3.7563412E-15
 1.18127 3.668316E-15
 1.181415 3.591345E-15
 1.18156 3.5330263E-15
 1.181705 3.5427045E-15
 1.18185 3.4281482E-15
 1.181995 3.3265027E-15
 1.18214 3.3124754E-15
 1.182285 3.40708E-15
 1.18243 3.4475152E-15
 1.182575 3.4689366E-15
 1.18272 3.4576073E-15
 1.182865 3.4803616E-15
 1.18301 3.4346523E-15
 1.183155 3.41601E-15
 1.1833 3.5116476E-15
 1.183445 3.5419498E-15
 1.18359 3.5315652E-15
 1.183735 3.4449548E-15
 1.18388 3.4381603E-15
 1.184025 3.316048E-15
 1.18417 3.2995423E-15
 1.184315 3.3761092E-15
 1.18446 3.4041693E-15
 1.184605 3.517923E-15
 1.18475 3.579351E-15
 1.184895 3.5405657E-15
 1.18504 3.4460093E-15
 1.185185 3.2522349E-15
 1.18533 3.2241763E-15
 1.185475 3.1764328E-15
 1.18562 3.2415582E-15
 1.185765 3.2743947E-15
 1.18591 3.299331E-15
 1.186055 3.3909156E-15
 1.1862 3.3972569E-15
 1.186345 3.4631088E-15
 1.18649 3.4604682E-15
 1.186635 3.5311832E-15
 1.18678 3.5426033E-15
 1.186925 3.4188746E-15
 1.18707 3.4564577E-15
 1.187215 3.4532807E-15
 1.18736 3.4526359E-15
 1.187505 3.5128803E-15
 1.18765 3.5227505E-15
 1.187795 3.5525083E-15
 1.18794 3.557566E-15
 1.188085 3.549773E-15
 1.18823 3.5101132E-15
 1.188375 3.4070475E-15
 1.18852 3.32012E-15
 1.188665 3.2564095E-15
 1.18881 3.1457885E-15
 1.188955 3.1937828E-15
 1.1891 3.3092739E-15
 1.189245 3.3847335E-15
 1.18939 3.4533938E-15
 1.189535 3.521803E-15
 1.18968 3.5120212E-15
 1.189825 3.531246E-15
 1.18997 3.6459182E-15
 1.190115 3.6099295E-15
 1.19026 3.6053936E-15
 1.190405 3.620194E-15
 1.19055 3.6489044E-15
 1.190695 3.585316E-15
 1.19084 3.5234087E-15
 1.190985 3.5641427E-15
 1.19113 3.5964227E-15
 1.191275 3.5125463E-15
 1.19142 3.591878E-15
 1.191565 3.627479E-15
 1.19171 3.5356741E-15
 1.191855 3.468436E-15
 1.192 3.3605596E-15
 1.192145 3.3505832E-15
 1.19229 3.48379E-15
 1.192435 3.569111E-15
 1.19258 2.899139E-15
 1.192725 2.3196463E-15
 1.19287 3.4644975E-15
 1.193015 3.4969014E-15
 1.19316 3.6030846E-15
 1.193305 3.6399915E-15
 1.19345 3.653402E-15
 1.193595 3.6092468E-15
 1.19374 3.5690902E-15
 1.193885 3.5847595E-15
 1.19403 3.4151735E-15
 1.194175 3.3754547E-15
 1.19432 3.3240129E-15
 1.194465 3.3501657E-15
 1.19461 3.376649E-15
 1.194755 3.4212834E-15
 1.1949 3.3818743E-15
 1.195045 3.272204E-15
 1.19519 3.2694784E-15
 1.195335 3.1011411E-15
 1.19548 3.131491E-15
 1.195625 3.2990053E-15
 1.19577 3.3056719E-15
 1.195915 3.3860832E-15
 1.19606 3.3174844E-15
 1.196205 3.3311159E-15
 1.19635 3.3065E-15
 1.196495 3.2529237E-15
 1.19664 3.184195E-15
 1.196785 3.2587437E-15
 1.19693 3.2563688E-15
 1.197075 3.3309003E-15
 1.19722 3.36138E-15
 1.197365 3.302826E-15
 1.19751 3.2340495E-15
 1.197655 3.2423333E-15
 1.1978 3.172955E-15
 1.197945 3.0199134E-15
 1.19809 2.9503583E-15
 1.198235 3.0168108E-15
 1.19838 3.0264244E-15
 1.198525 3.005891E-15
 1.19867 3.0954802E-15
 1.198815 3.238648E-15
 1.19896 3.3735613E-15
 1.199105 3.2118606E-15
 1.19925 3.222687E-15
 1.199395 3.3242579E-15
 1.19954 2.5817014E-15
 1.199685 2.7633988E-15
 1.19983 3.0672389E-15
 1.199975 3.2217275E-15
 1.20012 3.2343362E-15
 1.200265 3.208247E-15
 1.20041 3.1861231E-15
 1.200555 3.1608796E-15
 1.2007 3.1731627E-15
 1.200845 3.1295631E-15
 1.20099 3.3513123E-15
 1.201135 3.3470543E-15
 1.20128 3.3115513E-15
 1.201425 3.1845582E-15
 1.20157 3.3002119E-15
 1.201715 3.366488E-15
 1.20186 3.2159317E-15
 1.202005 3.200584E-15
 1.20215 3.1874345E-15
 1.202295 3.2092749E-15
 1.20244 3.1905156E-15
 1.202585 3.1742526E-15
 1.20273 3.2521466E-15
 1.202875 3.3440088E-15
 1.20302 3.096226E-15
 1.203165 2.9846457E-15
 1.20331 2.999379E-15
 1.203455 3.1574915E-15
 1.2036 3.1832125E-15
 1.203745 3.2681595E-15
 1.20389 3.3155775E-15
 1.204035 3.3626621E-15
 1.20418 3.434351E-15
 1.204325 3.4528318E-15
 1.20447 3.4997724E-15
 1.204615 3.4636215E-15
 1.20476 3.4112977E-15
 1.204905 3.4238029E-15
 1.20505 3.3632839E-15
 1.205195 3.3530003E-15
 1.20534 3.4780312E-15
 1.205485 3.551596E-15
 1.20563 3.578054E-15
 1.205775 3.476554E-15
 1.20592 3.485995E-15
 1.206065 3.7005108E-15
 1.20621 3.6765783E-15
 1.206355 3.698485E-15
 1.2065 3.7903894E-15
 1.206645 3.677435E-15
 1.20679 3.648565E-15
 1.206935 3.6958855E-15
 1.20708 3.4809734E-15
 1.207225 3.4573395E-15
 1.20737 3.4845186E-15
 1.207515 3.4656042E-15
 1.20766 3.5434346E-15
 1.207805 3.6167655E-15
 1.20795 3.6487943E-15
 1.208095 3.765281E-15
 1.20824 3.7649573E-15
 1.208385 3.7702343E-15
 1.20853 3.7599517E-15
 1.208675 3.7681806E-15
 1.20882 3.755058E-15
 1.208965 3.696627E-15
 1.20911 3.549738E-15
 1.209255 3.4040857E-15
 1.2094 3.3250698E-15
 1.209545 3.2360676E-15
 1.20969 3.2889095E-15
 1.209835 3.4527371E-15
 1.20998 3.5948595E-15
 1.210125 3.7193373E-15
 1.21027 3.730231E-15
 1.210415 3.746698E-15
 1.21056 3.6405137E-15
 1.210705 3.5578755E-15
 1.21085 3.3649392E-15
 1.210995 3.2758254E-15
 1.21114 3.3484726E-15
 1.211285 3.239411E-15
 1.21143 3.289854E-15
 1.211575 3.2070717E-15
 1.21172 3.2052584E-15
 1.211865 3.3141202E-15
 1.21201 3.1911693E-15
 1.212155 3.4229597E-15
 1.2123 3.546698E-15
 1.212445 3.5354088E-15
 1.21259 3.6178742E-15
 1.212735 3.766322E-15
 1.21288 3.658584E-15
 1.213025 3.6811726E-15
 1.21317 3.5646187E-15
 1.213315 3.5000295E-15
 1.21346 3.4695221E-15
 1.213605 3.4317106E-15
 1.21375 3.5195566E-15
 1.213895 3.5009492E-15
 1.21404 3.827957E-15
 1.214185 3.9228955E-15
 1.21433 3.8815386E-15
 1.214475 3.9436655E-15
 1.21462 3.79992E-15
 1.214765 3.89415E-15
 1.21491 4.0096126E-15
 1.215055 3.8764166E-15
 1.2152 3.8494467E-15
 1.215345 3.879125E-15
 1.21549 3.897295E-15
 1.215635 3.8722446E-15
 1.21578 3.8058275E-15
 1.215925 3.8044968E-15
 1.21607 3.6383957E-15
 1.216215 3.718743E-15
 1.21636 3.6334274E-15
 1.216505 3.6467115E-15
 1.21665 3.673682E-15
 1.216795 3.6596097E-15
 1.21694 3.767156E-15
 1.217085 3.7772007E-15
 1.21723 3.767419E-15
 1.217375 3.800007E-15
 1.21752 3.8493328E-15
 1.217665 3.8521987E-15
 1.21781 3.8737133E-15
 1.217955 3.8346024E-15
 1.2181 3.8066016E-15
 1.218245 3.848644E-15
 1.21839 3.9273695E-15
 1.218535 3.9589617E-15
 1.21868 4.071214E-15
 1.218825 4.1219185E-15
 1.21897 4.08939E-15
 1.219115 3.9940737E-15
 1.21926 3.891957E-15
 1.219405 3.8787007E-15
 1.21955 3.9082642E-15
 1.219695 3.959314E-15
 1.21984 3.914236E-15
 1.219985 3.9546215E-15
 1.22013 3.9999276E-15
 1.220275 3.8912143E-15
 1.22042 3.804112E-15
 1.220565 3.8710117E-15
 1.22071 3.9469584E-15
 1.220855 3.9564265E-15
 1.221 3.987114E-15
 1.221145 3.9844095E-15
 1.22129 3.9396947E-15
 1.221435 3.8947253E-15
 1.22158 3.7500605E-15
 1.221725 3.7506475E-15
 1.22187 3.6713178E-15
 1.222015 3.594049E-15
 1.22216 3.6564723E-15
 1.222305 3.772911E-15
 1.22245 3.7887364E-15
 1.222595 3.7471658E-15
 1.22274 3.877707E-15
 1.222885 3.8725673E-15
 1.22303 3.754008E-15
 1.223175 4.0081192E-15
 1.22332 4.124038E-15
 1.223465 4.1978923E-15
 1.22361 4.355499E-15
 1.223755 4.2753984E-15
 1.2239 4.223348E-15
 1.224045 4.1808856E-15
 1.22419 4.156967E-15
 1.224335 4.1280913E-15
 1.22448 4.0988454E-15
 1.224625 4.1086015E-15
 1.22477 4.1315332E-15
 1.224915 4.0864533E-15
 1.22506 4.0907486E-15
 1.225205 4.118389E-15
 1.22535 4.1378766E-15
 1.225495 4.115592E-15
 1.22564 4.1097895E-15
 1.225785 4.115735E-15
 1.22593 4.1606864E-15
 1.226075 4.078098E-15
 1.22622 4.1053027E-15
 1.226365 4.0333663E-15
 1.22651 4.0435705E-15
 1.226655 4.0795013E-15
 1.2268 4.1828045E-15
 1.226945 4.2100883E-15
 1.22709 4.222666E-15
 1.227235 4.2232296E-15
 1.22738 4.185148E-15
 1.227525 4.1257285E-15
 1.22767 4.0256562E-15
 1.227815 4.050389E-15
 1.22796 4.1193304E-15
 1.228105 4.1010112E-15
 1.22825 4.1621094E-15
 1.228395 4.308207E-15
 1.22854 4.437925E-15
 1.228685 4.3345903E-15
 1.22883 4.2645204E-15
 1.228975 4.3759314E-15
 1.22912 4.276142E-15
 1.229265 4.1966413E-15
 1.22941 4.1466206E-15
 1.229555 4.07944E-15
 1.2297 3.9976067E-15
 1.229845 3.9628403E-15
 1.22999 3.979957E-15
 1.230135 3.9760853E-15
 1.23028 4.0456885E-15
 1.230425 4.0363026E-15
 1.23057 4.1431647E-15
 1.230715 4.180165E-15
 1.23086 4.233214E-15
 1.231005 4.2640075E-15
 1.23115 4.259982E-15
 1.231295 4.172209E-15
 1.23144 4.186511E-15
 1.231585 4.1376086E-15
 1.23173 4.154738E-15
 1.231875 4.1879456E-15
 1.23202 4.1832607E-15
 1.232165 4.214828E-15
 1.23231 4.1790763E-15
 1.232455 4.1373134E-15
 1.2326 4.1853977E-15
 1.232745 4.2073448E-15
 1.23289 4.255261E-15
 1.233035 4.2894693E-15
 1.23318 4.3029083E-15
 1.233325 4.1992357E-15
 1.23347 4.0821537E-15
 1.233615 4.019885E-15
 1.23376 4.039203E-15
 1.233905 4.0610554E-15
 1.23405 3.9951033E-15
 1.234195 4.068461E-15
 1.23434 4.1391044E-15
 1.234485 4.166553E-15
 1.23463 4.117055E-15
 1.234775 4.0506827E-15
 1.23492 4.162708E-15
 1.235065 4.0703237E-15
 1.23521 4.01107E-15
 1.235355 4.2159667E-15
 1.2355 4.328325E-15
 1.235645 4.40711E-15
 1.23579 4.2585107E-15
 1.235935 4.099427E-15
 1.23608 4.1108012E-15
 1.236225 4.0659907E-15
 1.23637 4.0780795E-15
 1.236515 4.1018765E-15
 1.23666 4.177633E-15
 1.236805 4.2443296E-15
 1.23695 4.301016E-15
 1.237095 4.257099E-15
 1.23724 4.346687E-15
 1.237385 4.3750213E-15
 1.23753 4.2922272E-15
 1.237675 4.1562746E-15
 1.23782 4.0849705E-15
 1.237965 4.0760483E-15
 1.23811 4.0983943E-15
 1.238255 4.1921825E-15
 1.2384 4.29536E-15
 1.238545 4.3348436E-15
 1.23869 4.461728E-15
 1.238835 4.296506E-15
 1.23898 4.13167E-15
 1.239125 4.008757E-15
 1.23927 3.929746E-15
 1.239415 3.648055E-15
 1.23956 3.5314417E-15
 1.239705 3.672142E-15
 1.23985 3.8135045E-15
 1.239995 3.80196E-15
 1.24014 3.8757094E-15
 1.240285 4.0149175E-15
 1.24043 4.071341E-15
 1.240575 4.020434E-15
 1.24072 3.9190232E-15
 1.240865 3.8260457E-15
 1.24101 3.77058E-15
 1.241155 3.848194E-15
 1.2413 3.9454223E-15
 1.241445 4.0389085E-15
 1.24159 4.0850387E-15
 1.241735 4.0965567E-15
 1.24188 4.051005E-15
 1.242025 3.9868176E-15
 1.24217 3.8963808E-15
 1.242315 3.8678853E-15
 1.24246 3.826679E-15
 1.242605 3.783227E-15
 1.24275 3.7886517E-15
 1.242895 3.747875E-15
 1.24304 3.7924896E-15
 1.243185 3.7842497E-15
 1.24333 3.5205984E-15
 1.243475 3.293545E-15
 1.24362 3.0328563E-15
 1.243765 2.9587803E-15
 1.24391 3.0193995E-15
 1.244055 3.0863217E-15
 1.2442 3.205403E-15
 1.244345 3.3502114E-15
 1.24449 3.5012382E-15
 1.244635 3.6483013E-15
 1.24478 3.7122197E-15
 1.244925 3.768596E-15
 1.24507 3.878271E-15
 1.245215 3.9442263E-15
 1.24536 4.0108395E-15
 1.245505 3.9944384E-15
 1.24565 4.0376477E-15
 1.245795 3.9776506E-15
 1.24594 3.907832E-15
 1.246085 3.9520317E-15
 1.24623 3.882238E-15
 1.246375 3.8063234E-15
 1.24652 3.719448E-15
 1.246665 3.792742E-15
 1.24681 3.8170913E-15
 1.246955 3.829266E-15
 1.2471 3.925632E-15
 1.247245 4.055007E-15
 1.24739 4.0332147E-15
 1.247535 4.0136288E-15
 1.24768 4.0042483E-15
 1.247825 4.0692975E-15
 1.24797 4.1195697E-15
 1.248115 3.980839E-15
 1.24826 4.0506483E-15
 1.248405 3.948295E-15
 1.24855 3.9150714E-15
 1.248695 3.961741E-15
 1.24884 3.9726692E-15
 1.248985 4.04345E-15
 1.24913 4.0407503E-15
 1.249275 4.0627876E-15
 1.24942 4.1413385E-15
 1.249565 4.1287804E-15
 1.24971 4.021752E-15
 1.249855 4.019783E-15
 1.25 4.020831E-15
 1.250145 4.0191358E-15
 1.25029 4.065392E-15
 1.250435 4.0734526E-15
 1.25058 4.1530114E-15
 1.250725 4.148676E-15
 1.25087 4.169128E-15
 1.251015 4.160503E-15
 1.25116 4.0960946E-15
 1.251305 4.1143126E-15
 1.25145 3.969012E-15
 1.251595 3.7915715E-15
 1.25174 3.9022672E-15
 1.251885 3.889644E-15
 1.25203 3.8358954E-15
 1.252175 3.7640196E-15
 1.25232 3.580047E-15
 1.252465 3.3099758E-15
 1.25261 3.0061968E-15
 1.252755 2.923037E-15
 1.2529 3.0173353E-15
 1.253045 3.1445632E-15
 1.25319 3.4432065E-15
 1.253335 3.712006E-15
 1.25348 3.888904E-15
 1.253625 3.993492E-15
 1.25377 4.090769E-15
 1.253915 4.0622197E-15
 1.25406 4.144611E-15
 1.254205 4.1704756E-15
 1.25435 4.299344E-15
 1.254495 4.2830246E-15
 1.25464 4.416119E-15
 1.254785 4.339085E-15
 1.25493 4.26963E-15
 1.255075 4.204139E-15
 1.25522 4.2201913E-15
 1.255365 4.2476165E-15
 1.25551 4.2890216E-15
 1.255655 4.3677627E-15
 1.2558 4.4323646E-15
 1.255945 4.4751304E-15
 1.25609 4.4780366E-15
 1.256235 4.4833666E-15
 1.25638 4.4872184E-15
 1.256525 4.345552E-15
 1.25667 4.3791303E-15
 1.256815 4.193363E-15
 1.25696 4.120233E-15
 1.257105 3.9931975E-15
 1.25725 4.138335E-15
 1.257395 4.129664E-15
 1.25754 4.1368136E-15
 1.257685 4.149777E-15
 1.25783 4.119079E-15
 1.257975 4.041327E-15
 1.25812 4.1059698E-15
 1.258265 4.143008E-15
 1.25841 4.141243E-15
 1.258555 4.2131173E-15
 1.2587 4.357338E-15
 1.258845 4.3645156E-15
 1.25899 4.404657E-15
 1.259135 4.25583E-15
 1.25928 4.1301373E-15
 1.259425 4.0232993E-15
 1.25957 3.986202E-15
 1.259715 3.9373513E-15
 1.25986 3.917912E-15
 1.260005 4.040006E-15
 1.26015 4.1091787E-15
 1.260295 4.13593E-15
 1.26044 4.166326E-15
 1.260585 4.2279192E-15
 1.26073 4.2830462E-15
 1.260875 4.2997374E-15
 1.26102 4.257067E-15
 1.261165 4.36642E-15
 1.26131 4.508149E-15
 1.261455 4.463069E-15
 1.2616 4.4860402E-15
 1.261745 4.4613704E-15
 1.26189 4.3587214E-15
 1.262035 4.3763478E-15
 1.26218 4.3582225E-15
 1.262325 4.2907136E-15
 1.26247 4.250056E-15
 1.262615 4.292635E-15
 1.26276 4.1947117E-15
 1.262905 4.294768E-15
 1.26305 4.243425E-15
 1.263195 4.4208386E-15
 1.26334 4.3656497E-15
 1.263485 4.2521117E-15
 1.26363 4.176376E-15
 1.263775 4.204037E-15
 1.26392 4.2793303E-15
 1.264065 4.2140215E-15
 1.26421 4.2733735E-15
 1.264355 4.2809587E-15
 1.2645 4.2081118E-15
 1.264645 4.3259637E-15
 1.26479 4.2191202E-15
 1.264935 4.1846015E-15
 1.26508 4.2840453E-15
 1.265225 4.2887963E-15
 1.26537 4.306669E-15
 1.265515 4.436487E-15
 1.26566 4.450596E-15
 1.265805 4.4196993E-15
 1.26595 4.4964884E-15
 1.266095 4.3392947E-15
 1.26624 4.2749067E-15
 1.266385 4.219132E-15
 1.26653 4.2218735E-15
 1.266675 4.385314E-15
 1.26682 4.386531E-15
 1.266965 4.340173E-15
 1.26711 4.324319E-15
 1.267255 4.446383E-15
 1.2674 4.565185E-15
 1.267545 4.5986727E-15
 1.26769 4.6546464E-15
 1.267835 4.5478215E-15
 1.26798 4.515624E-15
 1.268125 4.584911E-15
 1.26827 4.65096E-15
 1.268415 4.625419E-15
 1.26856 4.5610086E-15
 1.268705 4.370419E-15
 1.26885 4.421885E-15
 1.268995 4.445824E-15
 1.26914 4.460117E-15
 1.269285 4.4788443E-15
 1.26943 4.402909E-15
 1.269575 4.4926763E-15
 1.26972 4.449154E-15
 1.269865 4.292627E-15
 1.27001 4.2973857E-15
 1.270155 4.2325495E-15
 1.2703 4.250319E-15
 1.270445 4.2656164E-15
 1.27059 4.1894576E-15
 1.270735 4.2176693E-15
 1.27088 4.2381548E-15
 1.271025 4.2831403E-15
 1.27117 4.291001E-15
 1.271315 4.3187847E-15
 1.27146 4.299419E-15
 1.271605 4.454242E-15
 1.27175 4.3695423E-15
 1.271895 4.398376E-15
 1.27204 4.34696E-15
 1.272185 4.397383E-15
 1.27233 4.4292335E-15
 1.272475 4.290296E-15
 1.27262 4.3710517E-15
 1.272765 4.471192E-15
 1.27291 4.5140025E-15
 1.273055 4.5335723E-15
 1.2732 4.4242034E-15
 1.273345 4.4160118E-15
 1.27349 4.371584E-15
 1.273635 4.4219804E-15
 1.27378 4.443155E-15
 1.273925 4.4443056E-15
 1.27407 4.403164E-15
 1.274215 4.253108E-15
 1.27436 4.2564392E-15
 1.274505 4.192562E-15
 1.27465 4.308942E-15
 1.274795 4.286387E-15
 1.27494 4.4360123E-15
 1.275085 4.448676E-15
 1.27523 4.636643E-15
 1.275375 4.663094E-15
 1.27552 4.5404193E-15
 1.275665 4.463043E-15
 1.27581 4.557244E-15
 1.275955 4.54483E-15
 1.2761 4.6011075E-15
 1.276245 4.5612855E-15
 1.27639 4.584689E-15
 1.276535 4.735036E-15
 1.27668 4.7502023E-15
 1.276825 4.653675E-15
 1.27697 4.5901893E-15
 1.277115 4.5968647E-15
 1.27726 4.5950347E-15
 1.277405 4.6897135E-15
 1.27755 4.7501332E-15
 1.277695 4.86307E-15
 1.27784 4.772582E-15
 1.277985 4.743101E-15
 1.27813 4.712813E-15
 1.278275 4.613168E-15
 1.27842 4.3559444E-15
 1.278565 4.3110144E-15
 1.27871 4.602466E-15
 1.278855 4.4988334E-15
 1.279 4.5888806E-15
 1.279145 4.619789E-15
 1.27929 4.6384397E-15
 1.279435 4.703609E-15
 1.27958 4.8818096E-15
 1.279725 4.8859884E-15
 1.27987 4.800311E-15
 1.280015 4.8569005E-15
 1.28016 4.8535094E-15
 1.280305 4.827005E-15
 1.28045 4.753958E-15
 1.280595 4.8005973E-15
 1.28074 4.8110154E-15
 1.280885 4.5864924E-15
 1.28103 4.5384216E-15
 1.281175 4.638639E-15
 1.28132 4.6547688E-15
 1.281465 4.5327024E-15
 1.28161 4.6139346E-15
 1.281755 4.6089146E-15
 1.2819 4.689404E-15
 1.282045 4.6585427E-15
 1.28219 4.5937917E-15
 1.282335 4.6585004E-15
 1.28248 4.620764E-15
 1.282625 4.7678023E-15
 1.28277 4.862533E-15
 1.282915 4.8159778E-15
 1.28306 4.8200024E-15
 1.283205 4.8562635E-15
 1.28335 4.8374894E-15
 1.283495 4.628631E-15
 1.28364 4.6211907E-15
 1.283785 4.6828987E-15
 1.28393 4.6313182E-15
 1.284075 4.7011455E-15
 1.28422 4.7830447E-15
 1.284365 4.6853594E-15
 1.28451 4.757807E-15
 1.284655 4.6885484E-15
 1.2848 4.836257E-15
 1.284945 4.8584124E-15
 1.28509 4.825299E-15
 1.285235 4.777295E-15
 1.28538 4.8285134E-15
 1.285525 4.881951E-15
 1.28567 4.839564E-15
 1.285815 4.696005E-15
 1.28596 4.598879E-15
 1.286105 4.4850183E-15
 1.28625 4.2268913E-15
 1.286395 4.251418E-15
 1.28654 4.3569926E-15
 1.286685 4.4369873E-15
 1.28683 4.38469E-15
 1.286975 4.4913905E-15
 1.28712 4.5374564E-15
 1.287265 4.64795E-15
 1.28741 4.719936E-15
 1.287555 4.7994924E-15
 1.2877 4.782168E-15
 1.287845 4.7086002E-15
 1.28799 4.661644E-15
 1.288135 4.539473E-15
 1.28828 4.384675E-15
 1.288425 4.257943E-15
 1.28857 4.248939E-15
 1.288715 4.4036743E-15
 1.28886 4.393629E-15
 1.289005 4.382168E-15
 1.28915 4.490305E-15
 1.289295 4.5990975E-15
 1.28944 4.711022E-15
 1.289585 4.7276098E-15
 1.28973 4.730432E-15
 1.289875 4.7326484E-15
 1.29002 4.736617E-15
 1.290165 4.774991E-15
 1.29031 4.7018977E-15
 1.290455 4.67313E-15
 1.2906 4.6091836E-15
 1.290745 4.7389257E-15
 1.29089 4.4068134E-15
 1.291035 4.5933284E-15
 1.29118 4.6961688E-15
 1.291325 4.6869865E-15
 1.29147 4.7124894E-15
 1.291615 4.6522997E-15
 1.29176 4.7098183E-15
 1.291905 4.737144E-15
 1.29205 4.6174345E-15
 1.292195 4.4725597E-15
 1.29234 4.5569386E-15
 1.292485 4.707114E-15
 1.29263 4.7679883E-15
 1.292775 4.6991774E-15
 1.29292 4.6555777E-15
 1.293065 4.636198E-15
 1.29321 4.5728484E-15
 1.293355 4.566078E-15
 1.2935 4.5207923E-15
 1.293645 4.520045E-15
 1.29379 4.5335334E-15
 1.293935 4.6475084E-15
 1.29408 4.6331677E-15
 1.294225 4.721927E-15
 1.29437 4.7012395E-15
 1.294515 4.758199E-15
 1.29466 4.7381155E-15
 1.294805 4.6827687E-15
 1.29495 4.713262E-15
 1.295095 4.8077772E-15
 1.29524 4.8568895E-15
 1.295385 4.854848E-15
 1.29553 4.949968E-15
 1.295675 4.9337327E-15
 1.29582 4.7494205E-15
 1.295965 4.660647E-15
 1.29611 4.6004113E-15
 1.296255 4.5573206E-15
 1.2964 4.509698E-15
 1.296545 4.5555986E-15
 1.29669 4.5659874E-15
 1.296835 4.7002557E-15
 1.29698 4.714274E-15
 1.297125 4.7276314E-15
 1.29727 4.7449723E-15
 1.297415 4.6893425E-15
 1.29756 4.6683505E-15
 1.297705 4.7208352E-15
 1.29785 4.729965E-15
 1.297995 4.7699043E-15
 1.29814 4.789179E-15
 1.298285 4.7134597E-15
 1.29843 4.698692E-15
 1.298575 4.7594294E-15
 1.29872 4.71985E-15
 1.298865 4.7587857E-15
 1.29901 4.853236E-15
 1.299155 4.904097E-15
 1.2993 4.9602254E-15
 1.299445 4.89198E-15
 1.29959 4.8378287E-15
 1.299735 4.808373E-15
 1.29988 4.831374E-15
 1.300025 4.789532E-15
 1.30017 4.7662747E-15
 1.300315 4.750246E-15
 1.30046 4.6118577E-15
 1.300605 4.5287375E-15
 1.30075 4.5465353E-15
 1.300895 4.5840745E-15
 1.30104 4.6271085E-15
 1.301185 4.569741E-15
 1.30133 4.528093E-15
 1.301475 4.472007E-15
 1.30162 4.4535984E-15
 1.301765 4.5269794E-15
 1.30191 4.664036E-15
 1.302055 4.656076E-15
 1.3022 4.7735605E-15
 1.302345 4.726121E-15
 1.30249 4.509638E-15
 1.302635 4.6145965E-15
 1.30278 4.6253594E-15
 1.302925 4.5371167E-15
 1.30307 4.5251964E-15
 1.303215 4.5916568E-15
 1.30336 4.5990505E-15
 1.303505 4.5947167E-15
 1.30365 4.587877E-15
 1.303795 4.643568E-15
 1.30394 4.6896843E-15
 1.304085 4.7144884E-15
 1.30423 4.7266505E-15
 1.304375 4.618384E-15
 1.30452 4.5462355E-15
 1.304665 4.456038E-15
 1.30481 4.4563153E-15
 1.304955 4.5177794E-15
 1.3051 4.6242214E-15
 1.305245 4.819304E-15
 1.30539 4.9030375E-15
 1.305535 4.942706E-15
 1.30568 4.9992274E-15
 1.305825 4.990245E-15
 1.30597 4.8883097E-15
 1.306115 4.8009484E-15
 1.30626 4.745592E-15
 1.306405 4.7392912E-15
 1.30655 4.7088065E-15
 1.306695 4.7188887E-15
 1.30684 4.6963403E-15
 1.306985 4.7163116E-15
 1.30713 4.641881E-15
 1.307275 4.61439E-15
 1.30742 4.69453E-15
 1.307565 4.6671994E-15
 1.30771 4.724611E-15
 1.307855 4.794678E-15
 1.308 4.8155856E-15
 1.308145 4.7195757E-15
 1.30829 4.528736E-15
 1.308435 4.5740813E-15
 1.30858 4.64734E-15
 1.308725 4.7186016E-15
 1.30887 4.872197E-15
 1.309015 4.886869E-15
 1.30916 4.7857328E-15
 1.309305 4.808848E-15
 1.30945 4.868037E-15
 1.309595 4.8162437E-15
 1.30974 4.7442375E-15
 1.309885 4.592243E-15
 1.31003 4.5224465E-15
 1.310175 4.459692E-15
 1.31032 4.5260303E-15
 1.310465 4.580565E-15
 1.31061 4.6295378E-15
 1.310755 4.545802E-15
 1.3109 4.6903984E-15
 1.311045 4.6307617E-15
 1.31119 4.478141E-15
 1.311335 4.525737E-15
 1.31148 4.551512E-15
 1.311625 4.5024998E-15
 1.31177 4.565345E-15
 1.311915 4.59221E-15
 1.31206 4.691341E-15
 1.312205 4.7306168E-15
 1.31235 4.585641E-15
 1.312495 4.430634E-15
 1.31264 4.49428E-15
 1.312785 4.5158698E-15
 1.31293 4.4356964E-15
 1.313075 4.425662E-15
 1.31322 4.4878054E-15
 1.313365 4.592502E-15
 1.31351 4.6827713E-15
 1.313655 4.854415E-15
 1.3138 4.8184634E-15
 1.313945 4.8585895E-15
 1.31409 4.8010886E-15
 1.314235 4.7478666E-15
 1.31438 4.6191396E-15
 1.314525 4.5947345E-15
 1.31467 4.4615495E-15
 1.314815 4.358618E-15
 1.31496 4.4210232E-15
 1.315105 4.5907314E-15
 1.31525 4.6980217E-15
 1.315395 4.5873195E-15
 1.31554 4.5575874E-15
 1.315685 4.594193E-15
 1.31583 4.516126E-15
 1.315975 4.567079E-15
 1.31612 4.538081E-15
 1.316265 4.6672528E-15
 1.31641 4.727968E-15
 1.316555 4.755318E-15
 1.3167 4.74426E-15
 1.316845 4.825848E-15
 1.31699 4.9137737E-15
 1.317135 4.7118503E-15
 1.31728 4.6531463E-15
 1.317425 4.565799E-15
 1.31757 4.4993746E-15
 1.317715 4.5095848E-15
 1.31786 4.5381467E-15
 1.318005 4.5107664E-15
 1.31815 4.47429E-15
 1.318295 4.489705E-15
 1.31844 4.5144976E-15
 1.318585 4.588257E-15
 1.31873 4.7465723E-15
 1.318875 4.946417E-15
 1.31902 5.0699475E-15
 1.319165 5.031973E-15
 1.31931 5.0078676E-15
 1.319455 4.9086614E-15
 1.3196 4.745674E-15
 1.319745 4.75851E-15
 1.31989 4.73744E-15
 1.320035 4.7424528E-15
 1.32018 4.609061E-15
 1.320325 4.4348117E-15
 1.32047 4.389581E-15
 1.320615 4.41361E-15
 1.32076 4.428953E-15
 1.320905 4.4958544E-15
 1.32105 4.525844E-15
 1.321195 4.4743368E-15
 1.32134 4.4992548E-15
 1.321485 4.5306234E-15
 1.32163 4.5867867E-15
 1.321775 4.6674357E-15
 1.32192 4.7163756E-15
 1.322065 4.629128E-15
 1.32221 4.780023E-15
 1.322355 4.7262444E-15
 1.3225 4.704676E-15
 1.322645 4.7390507E-15
 1.32279 4.714382E-15
 1.322935 4.874962E-15
 1.32308 4.8766753E-15
 1.323225 4.794861E-15
 1.32337 4.606846E-15
 1.323515 4.465079E-15
 1.32366 4.3673434E-15
 1.323805 4.37583E-15
 1.32395 4.458237E-15
 1.324095 4.4517036E-15
 1.32424 4.469122E-15
 1.324385 4.4603844E-15
 1.32453 4.6586283E-15
 1.324675 4.7111625E-15
 1.32482 4.7022124E-15
 1.324965 4.6060457E-15
 1.32511 4.541736E-15
 1.325255 4.4443632E-15
 1.3254 4.294353E-15
 1.325545 4.165274E-15
 1.32569 4.147008E-15
 1.325835 4.2067294E-15
 1.32598 4.283546E-15
 1.326125 4.414713E-15
 1.32627 4.4527912E-15
 1.326415 4.420858E-15
 1.32656 4.47826E-15
 1.326705 4.581714E-15
 1.32685 4.5593276E-15
 1.326995 4.4826364E-15
 1.32714 4.3126577E-15
 1.327285 4.1872506E-15
 1.32743 4.248942E-15
 1.327575 4.3092716E-15
 1.32772 4.462037E-15
 1.327865 4.4653714E-15
 1.32801 4.4554183E-15
 1.328155 4.324702E-15
 1.3283 4.3503794E-15
 1.328445 4.2743248E-15
 1.32859 4.285142E-15
 1.328735 4.4285606E-15
 1.32888 4.3632556E-15
 1.329025 4.285901E-15
 1.32917 4.2807783E-15
 1.329315 4.09681E-15
 1.32946 3.9580113E-15
 1.329605 3.966151E-15
 1.32975 3.9109167E-15
 1.329895 3.859334E-15
 1.33004 3.8923985E-15
 1.330185 3.956243E-15
 1.33033 3.9322658E-15
 1.330475 3.9340416E-15
 1.33062 3.9809778E-15
 1.330765 3.9416665E-15
 1.33091 3.95163E-15
 1.331055 4.0421615E-15
 1.3312 4.079754E-15
 1.331345 3.9902346E-15
 1.33149 3.7980843E-15
 1.331635 3.761436E-15
 1.33178 3.7870945E-15
 1.331925 3.681775E-15
 1.33207 3.5864154E-15
 1.332215 3.5354914E-15
 1.33236 3.558496E-15
 1.332505 3.2894196E-15
 1.33265 3.15963E-15
 1.332795 3.3125286E-15
 1.33294 3.4768775E-15
 1.333085 3.4675085E-15
 1.33323 3.565003E-15
 1.333375 3.6299466E-15
 1.33352 3.6289547E-15
 1.333665 3.71646E-15
 1.33381 3.64286E-15
 1.333955 3.6479956E-15
 1.3341 3.5583007E-15
 1.334245 3.3237761E-15
 1.33439 3.3210015E-15
 1.334535 3.1375803E-15
 1.33468 3.0486387E-15
 1.334825 2.893182E-15
 1.33497 2.7421607E-15
 1.335115 2.6106009E-15
 1.33526 2.6185448E-15
 1.335405 2.635876E-15
 1.33555 2.6681326E-15
 1.335695 2.7282635E-15
 1.33584 2.8613813E-15
 1.335985 2.840923E-15
 1.33613 2.8374776E-15
 1.336275 2.941529E-15
 1.33642 3.0254516E-15
 1.336565 3.0285415E-15
 1.33671 3.023507E-15
 1.336855 3.0580524E-15
 1.337 3.0479437E-15
 1.337145 2.9365387E-15
 1.33729 2.8173292E-15
 1.337435 2.7302815E-15
 1.33758 2.657357E-15
 1.337725 2.6559133E-15
 1.33787 2.7292443E-15
 1.338015 2.874207E-15
 1.33816 2.9066446E-15
 1.338305 2.9753678E-15
 1.33845 2.9848865E-15
 1.338595 2.972744E-15
 1.33874 2.9958166E-15
 1.338885 3.0221142E-15
 1.33903 3.0480654E-15
 1.339175 3.0985168E-15
 1.33932 2.9893438E-15
 1.339465 2.8548979E-15
 1.33961 2.853955E-15
 1.339755 2.9856404E-15
 1.3399 3.1413195E-15
 1.340045 3.2129777E-15
 1.34019 3.1903695E-15
 1.340335 3.2750216E-15
 1.34048 3.0461818E-15
 1.340625 2.852305E-15
 1.34077 2.7598995E-15
 1.340915 2.863159E-15
 1.34106 2.8467695E-15
 1.341205 2.9232994E-15
 1.34135 2.9039038E-15
 1.341495 2.8872454E-15
 1.34164 2.7958783E-15
 1.341785 2.699927E-15
 1.34193 2.6389498E-15
 1.342075 2.6321553E-15
 1.34222 2.5553965E-15
 1.342365 2.5565758E-15
 1.34251 2.6545398E-15
 1.342655 2.62589E-15
 1.3428 2.5743426E-15
 1.342945 2.5527013E-15
 1.34309 2.4445506E-15
 1.343235 2.4002915E-15
 1.34338 2.3822287E-15
 1.343525 2.528133E-15
 1.34367 2.6424114E-15
 1.343815 2.7754491E-15
 1.34396 2.8429716E-15
 1.344105 2.8033646E-15
 1.34425 2.7596863E-15
 1.344395 2.7782969E-15
 1.34454 2.683275E-15
 1.344685 2.5637369E-15
 1.34483 2.3978484E-15
 1.344975 2.3964953E-15
 1.34512 2.49733E-15
 1.345265 2.5125987E-15
 1.34541 2.7055389E-15
 1.345555 2.7687769E-15
 1.3457 2.7370334E-15
 1.345845 2.7180248E-15
 1.34599 2.8418241E-15
 1.346135 2.840912E-15
 1.34628 2.926037E-15
 1.346425 3.0575264E-15
 1.34657 2.9668676E-15
 1.346715 2.7131899E-15
 1.34686 2.6280548E-15
 1.347005 2.520547E-15
 1.34715 2.5951853E-15
 1.347295 2.6181316E-15
 1.34744 2.6578115E-15
 1.347585 2.764405E-15
 1.34773 2.7785364E-15
 1.347875 2.5367654E-15
 1.34802 2.3947589E-15
 1.348165 2.420737E-15
 1.34831 2.5573341E-15
 1.348455 2.6005332E-15
 1.3486 2.522027E-15
 1.348745 2.7820835E-15
 1.34889 2.8021832E-15
 1.349035 2.6882761E-15
 1.34918 2.6811712E-15
 1.349325 2.6437048E-15
 1.34947 2.6978315E-15
 1.349615 2.8148449E-15
 1.34976 2.8684506E-15
 1.349905 2.9926415E-15
 1.35005 2.9205385E-15
 1.350195 2.9570649E-15
 1.35034 2.886458E-15
 1.350485 2.5166706E-15
 1.35063 2.2357219E-15
 1.350775 2.1941226E-15
 1.35092 2.2409705E-15
 1.351065 2.3775452E-15
 1.35121 2.5412555E-15
 1.351355 2.6973728E-15
 1.3515 2.8800755E-15
 1.351645 2.8577807E-15
 1.35179 2.6940065E-15
 1.351935 2.5089042E-15
 1.35208 2.28569E-15
 1.352225 2.318724E-15
 1.35237 2.4245704E-15
 1.352515 2.3531986E-15
 1.35266 2.2858162E-15
 1.352805 2.4372026E-15
 1.35295 2.4657447E-15
 1.353095 2.5049003E-15
 1.35324 2.4042715E-15
 1.353385 2.4991396E-15
 1.35353 2.6221006E-15
 1.353675 2.449999E-15
 1.35382 2.3356626E-15
 1.353965 2.374401E-15
 1.35411 2.4569438E-15
 1.354255 2.459939E-15
 1.3544 2.3994834E-15
 1.354545 2.5414944E-15
 1.35469 2.4999928E-15
 1.354835 2.2379311E-15
 1.35498 1.2351337E-15
 1.355125 2.6589317E-15
 1.35527 1.7148297E-15
 1.355415 1.8493908E-15
 1.35556 2.0114663E-15
 1.355705 2.2181356E-15
 1.35585 2.3526048E-15
 1.355995 2.3043027E-15
 1.35614 2.307012E-15
 1.356285 2.295945E-15
 1.35643 2.2689181E-15
 1.356575 2.3482714E-15
 1.35672 2.1808657E-15
 1.356865 2.5010814E-15
 1.35701 2.8492598E-15
 1.357155 3.0361043E-15
 1.3573 3.0197368E-15
 1.357445 2.792956E-15
 1.35759 2.7403248E-15
 1.357735 2.5121043E-15
 1.35788 2.3021964E-15
 1.358025 2.4478486E-15
 1.35817 2.506914E-15
 1.358315 2.7336822E-15
 1.35846 2.5350864E-15
 1.358605 2.2975572E-15
 1.35875 2.250001E-15
 1.358895 2.1997613E-15
 1.35904 2.2160622E-15
 1.359185 2.383867E-15
 1.35933 2.3885304E-15
 1.359475 2.4329425E-15
 1.35962 2.8029824E-15
 1.359765 2.6737497E-15
 1.35991 2.1806971E-15
 1.360055 2.3217283E-15
 1.3602 2.3535607E-15
 1.360345 2.4896386E-15
 1.36049 2.459074E-15
 1.360635 2.50852E-15
 1.36078 2.4574425E-15
 1.360925 2.6766425E-15
 1.36107 3.1953564E-15
 1.361215 2.8087992E-15
 1.36136 3.1221628E-15
 1.361505 1.5639356E-15
 1.36165 3.04805E-15
 1.361795 2.4974057E-15
 1.36194 2.7415987E-15
 1.362085 2.3439477E-15
 1.36223 2.0470255E-16
 1.362375 -6.0675066E-15
 1.36252 1.5347936E-15
 1.362665 2.894856E-15
 1.36281 2.7447933E-15
 1.362955 1.9581388E-15
 1.3631 1.8868233E-15
 1.363245 2.0479198E-15
 1.36339 2.1644102E-15
 1.363535 2.2495317E-15
 1.36368 2.1914197E-15
 1.363825 2.4540118E-15
 1.36397 2.5367936E-15
 1.364115 2.5821334E-15
 1.36426 2.535045E-15
 1.364405 2.7165598E-15
 1.36455 2.7209036E-15
 1.364695 2.6711387E-15
 1.36484 2.1855438E-15
 1.364985 1.8722814E-15
 1.36513 2.3218677E-15
 1.365275 2.1106822E-15
 1.36542 2.5542903E-15
 1.365565 2.195057E-15
 1.36571 2.1326888E-15
 1.365855 2.0139788E-15
 1.366 2.5018738E-15
 1.366145 2.6750304E-15
 1.36629 2.5035228E-15
 1.366435 2.429905E-15
 1.36658 2.5456123E-15
 1.366725 2.5527148E-15
 1.36687 2.5940841E-15
 1.367015 2.633226E-15
 1.36716 2.672778E-15
 1.367305 2.6467762E-15
 1.36745 2.669304E-15
 1.367595 2.372819E-15
 1.36774 2.8138545E-15
 1.367885 3.211105E-15
 1.36803 3.7034716E-15
 1.368175 2.4625029E-15
 1.36832 1.8081426E-15
 1.368465 4.4685943E-16
 1.36861 8.5805835E-15
 1.368755 6.02231E-15
 1.3689 2.2030353E-15
 1.369045 2.1971228E-15
 1.36919 2.2782128E-15
 1.369335 2.2125233E-15
 1.36948 2.281608E-15
 1.369625 2.2974305E-15
 1.36977 2.4443783E-15
 1.369915 2.4977812E-15
 1.37006 2.3579966E-15
 1.370205 2.3549542E-15
 1.37035 2.0683511E-15
 1.370495 2.0593762E-15
 1.37064 2.2375953E-15
 1.370785 2.3038688E-15
 1.37093 2.3462362E-15
 1.371075 2.0077658E-15
 1.37122 1.8125444E-15
 1.371365 1.939597E-15
 1.37151 2.1828482E-15
 1.371655 2.5761537E-15
 1.3718 2.1393708E-15
 1.371945 1.9686719E-15
 1.37209 2.4119865E-15
 1.372235 1.9254992E-15
 1.37238 2.2511135E-15
 1.372525 2.3963958E-15
 1.37267 2.3631205E-15
 1.372815 2.516193E-15
 1.37296 2.514473E-15
 1.373105 2.2539242E-15
 1.37325 2.3615266E-15
 1.373395 2.3735195E-15
 1.37354 2.160213E-15
 1.373685 2.1392402E-15
 1.37383 2.1269794E-15
 1.373975 2.1373877E-15
 1.37412 2.138759E-15
 1.374265 2.2624496E-15
 1.37441 2.171676E-15
 1.374555 2.0075178E-15
 1.3747 2.1879969E-15
 1.374845 2.094362E-15
 1.37499 1.8906347E-15
 1.375135 2.0472234E-15
 1.37528 2.0634138E-15
 1.375425 2.225762E-15
 1.37557 2.34837E-15
 1.375715 2.5127239E-15
 1.37586 2.551518E-15
 1.376005 2.608794E-15
 1.37615 2.7814396E-15
 1.376295 2.2377808E-15
 1.37644 2.2404746E-15
 1.376585 2.2105781E-15
 1.37673 2.256597E-15
 1.376875 2.4538292E-15
 1.37702 2.4833555E-15
 1.377165 2.0096545E-15
 1.37731 2.1051712E-15
 1.377455 2.1161973E-15
 1.3776 2.249851E-15
 1.377745 2.3334546E-15
 1.37789 2.3557738E-15
 1.378035 2.5825598E-15
 1.37818 2.6045848E-15
 1.378325 2.5747282E-15
 1.37847 2.605529E-15
 1.378615 2.574213E-15
 1.37876 2.6621123E-15
 1.378905 1.930954E-15
 1.37905 1.860249E-15
 1.379195 2.083222E-15
 1.37934 2.1039E-15
 1.379485 2.0809442E-15
 1.37963 1.9528141E-15
 1.379775 2.1509644E-15
 1.37992 2.4724636E-15
 1.380065 2.5729672E-15
 1.38021 2.4326414E-15
 1.380355 2.7561122E-15
 1.3805 2.8780771E-15
 1.380645 2.9477716E-15
 1.38079 2.5581367E-15
 1.380935 2.3263226E-15
 1.38108 1.5430426E-15
 1.381225 1.5513775E-15
 1.38137 1.9822473E-15
 1.381515 2.1415653E-15
 1.38166 2.3892544E-15
 1.381805 2.6259226E-15
 1.38195 2.5938101E-15
 1.382095 2.7797616E-15
 1.38224 2.8902367E-15
 1.382385 3.0572881E-15
 1.38253 3.103891E-15
 1.382675 3.2093862E-15
 1.38282 4.4549143E-15
 1.382965 6.2509956E-15
 1.38311 2.7560396E-15
 1.383255 2.1316507E-15
 1.3834 2.3325568E-15
 1.383545 2.2431455E-15
 1.38369 2.6330693E-15
 1.383835 2.760942E-15
 1.38398 1.9022367E-15
 1.384125 2.1324567E-15
 1.38427 2.0649075E-15
 1.384415 2.5542766E-15
 1.38456 2.4778534E-15
 1.384705 2.525696E-15
 1.38485 2.429672E-15
 1.384995 2.2899332E-15
 1.38514 2.6355773E-15
 1.385285 2.5362083E-15
 1.38543 2.0330104E-15
 1.385575 2.2421574E-15
 1.38572 2.421768E-15
 1.385865 2.5311864E-15
 1.38601 2.2800645E-15
 1.386155 2.3278346E-15
 1.3863 2.2818424E-15
 1.386445 2.16907E-15
 1.38659 2.1771123E-15
 1.386735 2.1700916E-15
 1.38688 2.4976865E-15
 1.387025 2.426374E-15
 1.38717 2.4016283E-15
 1.387315 2.5294883E-15
 1.38746 2.6618762E-15
 1.387605 2.7848086E-15
 1.38775 2.8574898E-15
 1.387895 2.6693617E-15
 1.38804 2.8255558E-15
 1.388185 2.9470025E-15
 1.38833 2.770893E-15
 1.388475 1.7343585E-15
 1.38862 1.811733E-15
 1.388765 2.0788317E-15
 1.38891 2.4246634E-15
 1.389055 2.4080065E-15
 1.3892 2.5608775E-15
 1.389345 2.6909076E-15
 1.38949 2.790775E-15
 1.389635 2.839898E-15
 1.38978 2.9387025E-15
 1.389925 2.877716E-15
 1.39007 2.5029754E-15
 1.390215 2.2758403E-15
 1.39036 2.3188213E-15
 1.390505 2.33231E-15
 1.39065 2.5790794E-15
 1.390795 2.5436776E-15
 1.39094 2.4655706E-15
 1.391085 2.2238772E-15
 1.39123 2.2370555E-15
 1.391375 2.3750704E-15
 1.39152 2.5438561E-15
 1.391665 2.679875E-15
 1.39181 2.5258628E-15
 1.391955 2.3874788E-15
 1.3921 2.4024516E-15
 1.392245 2.3120347E-15
 1.39239 2.3111722E-15
 1.392535 2.3664256E-15
 1.39268 2.327343E-15
 1.392825 1.5841857E-15
 1.39297 1.7518129E-15
 1.393115 2.0030275E-15
 1.39326 2.1360974E-15
 1.393405 2.2895567E-15
 1.39355 2.3619548E-15
 1.393695 2.3324395E-15
 1.39384 2.4821604E-15
 1.393985 2.245009E-15
 1.39413 2.205083E-15
 1.394275 2.1952858E-15
 1.39442 2.3722788E-15
 1.394565 2.4306182E-15
 1.39471 2.5507787E-15
 1.394855 2.6455234E-15
 1.395 3.0539136E-15
 1.395145 2.8882216E-15
 1.39529 2.5653852E-15
 1.395435 5.3488813E-15
 1.39558 2.9903465E-15
 1.395725 2.0344791E-15
 1.39587 1.805889E-15
 1.396015 2.289378E-15
 1.39616 2.7769605E-15
 1.396305 2.931933E-15
 1.39645 3.199195E-15
 1.396595 2.727977E-15
 1.39674 2.1525068E-15
 1.396885 2.0835136E-15
 1.39703 2.2295917E-15
 1.397175 2.3267557E-15
 1.39732 2.0632505E-15
 1.397465 2.076567E-15
 1.39761 2.0708105E-15
 1.397755 2.129691E-15
 1.3979 2.241549E-15
 1.398045 2.3421124E-15
 1.39819 2.3268613E-15
 1.398335 2.3386313E-15
 1.39848 2.1608624E-15
 1.398625 2.0305802E-15
 1.39877 1.9612142E-15
 1.398915 2.1547868E-15
 1.39906 2.1419754E-15
 1.399205 2.2939823E-15
 1.39935 2.5222922E-15
 1.399495 2.4654956E-15
 1.39964 2.348634E-15
 1.399785 2.487074E-15
 1.39993 2.2207525E-15
 1.400075 2.3849625E-15
 1.40022 1.9548714E-15
 1.400365 2.10544E-15
 1.40051 2.7060757E-15
 1.400655 2.6130532E-15
 1.4008 2.1479305E-15
 1.400945 1.6345356E-15
 1.40109 2.3952914E-15
 1.401235 2.264324E-15
 1.40138 0.
 1.401525 0.
 1.40167 0.
 1.401815 0.
 1.40196 0.
 1.402105 0.
 1.40225 0.
 1.402395 0.
 1.40254 0.
 1.402685 0.
 1.40283 0.
 1.402975 0.
 1.40312 0.
 1.403265 0.
 1.40341 0.
 1.403555 0.
 1.4037 0.
 1.403845 0.
 1.40399 0.
 1.404135 0.
 1.40428 0.
 1.404425 0.
 1.40457 0.
 1.404715 0.
 1.40486 0.
 1.405005 0.
 1.40515 0.
 1.405295 0.
 1.40544 0.
 1.405585 0.
 1.40573 0.
 1.405875 0.
 1.40602 0.
 1.406165 0.
 1.40631 0.
 1.406455 0.
 1.4066 0.
 1.406745 0.
 1.40689 0.
 1.407035 0.
 1.40718 0.
 1.407325 0.
 1.40747 0.
 1.407615 0.
 1.40776 0.
 1.407905 0.
 1.40805 0.
 1.408195 0.
 1.40834 0.
 1.408485 0.
 1.40863 0.
 1.408775 0.
 1.40892 0.
 1.409065 0.
 1.40921 0.
 1.409355 0.
 1.4095 0.
 1.409645 0.
 1.40979 0.
 1.409935 0.
 1.41008 0.
 1.410225 0.
 1.41037 0.
 1.410515 0.
 1.41066 0.
 1.410805 0.
 1.41095 0.
 1.411095 0.
 1.41124 0.
 1.411385 0.
 1.41153 0.
 1.411675 0.
 1.41182 0.
 1.411965 0.
 1.41211 0.
 1.4075 0.
 1.408 0.
 1.4085 0.
 1.409 0.
 1.4095 0.
 1.41 0.
 1.4105 0.
 1.411 0.
 1.4115 0.
 1.412 0.
 1.4125 0.
 1.413 0.
 1.4135 0.
 1.414 0.
 1.4145 0.
 1.415 0.
 1.4155 0.
 1.416 0.
 1.4165 0.
 1.417 0.
 1.4175 0.
 1.418 0.
 1.4185 0.
 1.419 0.
 1.4195 0.
 1.42 0.
 1.4205 0.
 1.421 0.
 1.4215 0.
 1.422 0.
 1.4225 0.
 1.423 0.
 1.4235 0.
 1.424 0.
 1.4245 0.
 1.425 0.
 1.4255 0.
 1.426 0.
 1.4265 0.
 1.427 0.
 1.4275 0.
 1.428 0.
 1.4285 0.
 1.429 0.
 1.4295 0.
 1.43 0.
 1.4305 0.
 1.431 0.
 1.4315 0.
 1.432 0.
 1.4325 0.
 1.433 0.
 1.4335 0.
 1.434 0.
 1.4345 0.
 1.435 0.
 1.4355 0.
 1.436 0.
 1.4365 0.
 1.437 0.
 1.4375 0.
 1.438 0.
 1.4385 0.
 1.439 0.
 1.4395 0.
 1.44 0.
 1.4405 0.
 1.441 0.
 1.4415 0.
 1.442 0.
 1.4425 0.
 1.443 0.
 1.4435 0.
 1.444 0.
 1.4445 0.
 1.445 0.
 1.4455 0.
 1.446 0.
 1.4465 0.
 1.447 0.
 1.4475 0.
 1.448 0.
 1.4485 0.
 1.449 0.
 1.4495 0.
 1.45 0.
 1.4505 0.
 1.451 0.
 1.4515 1.7696621E-15
 1.452 2.2660596E-15
 1.4525 2.62375E-15
 1.453 2.5843276E-15
 1.4535 2.4929694E-15
 1.454 2.5091346E-15
 1.4545 2.5208296E-15
 1.455 2.5726479E-15
 1.4555 2.5925843E-15
 1.456 2.5031653E-15
 1.4565 2.504544E-15
 1.457 2.5429655E-15
 1.4575 2.5982221E-15
 1.458 2.6462891E-15
 1.4585 2.7523057E-15
 1.459 2.7638838E-15
 1.4595 2.7419556E-15
 1.46 2.6488937E-15
 1.4605 2.5962324E-15
 1.461 2.5378335E-15
 1.4615 2.5127637E-15
 1.462 2.5279946E-15
 1.4625 2.5256183E-15
 1.463 2.3988492E-15
 1.4635 2.3621362E-15
 1.464 2.4940752E-15
 1.4645 2.598215E-15
 1.465 2.6374067E-15
 1.4655 2.5546298E-15
 1.466 2.5932117E-15
 1.4665 2.648148E-15
 1.467 2.561019E-15
 1.4675 2.5433962E-15
 1.468 2.4372513E-15
 1.4685 2.3978118E-15
 1.469 2.361591E-15
 1.4695 2.272099E-15
 1.47 2.2501892E-15
 1.4705 2.5125642E-15
 1.471 2.4196178E-15
 1.4715 2.509547E-15
 1.472 2.5493305E-15
 1.4725 2.569039E-15
 1.473 2.692281E-15
 1.4735 2.6755348E-15
 1.474 2.6123995E-15
 1.4745 2.5847344E-15
 1.475 2.597527E-15
 1.4755 2.5282021E-15
 1.476 2.4864443E-15
 1.4765 2.560134E-15
 1.477 2.4847193E-15
 1.4775 2.430494E-15
 1.478 2.5347014E-15
 1.4785 2.6668752E-15
 1.479 2.7107515E-15
 1.4795 2.6191625E-15
 1.48 2.544971E-15
 1.4805 2.399208E-15
 1.481 2.4658988E-15
 1.4815 2.6174868E-15
 1.482 2.602621E-15
 1.4825 2.5088925E-15
 1.483 2.53719E-15
 1.4835 2.6641918E-15
 1.484 2.6313523E-15
 1.4845 2.6476662E-15
 1.485 2.5618194E-15
 1.4855 2.5264894E-15
 1.486 2.54741E-15
 1.4865 2.5732005E-15
 1.487 2.6845754E-15
 1.4875 2.6644273E-15
 1.488 2.6684538E-15
 1.4885 2.650292E-15
 1.489 2.684704E-15
 1.4895 2.7123062E-15
 1.49 2.5745331E-15
 1.4905 2.6216769E-15
 1.491 2.5934163E-15
 1.4915 2.6693163E-15
 1.492 2.6590382E-15
 1.4925 2.621706E-15
 1.493 2.571296E-15
 1.4935 2.6124986E-15
 1.494 2.6200103E-15
 1.4945 2.6367297E-15
 1.495 2.6050013E-15
 1.4955 2.6379492E-15
 1.496 2.693016E-15
 1.4965 2.635742E-15
 1.497 2.7227768E-15
 1.4975 2.7862018E-15
 1.498 2.7665915E-15
 1.4985 2.7860159E-15
 1.499 2.7618236E-15
 1.4995 2.7422412E-15
 1.5 2.7404464E-15
 1.5005 2.7937739E-15
 1.501 2.7070627E-15
 1.5015 2.691133E-15
 1.502 2.6083306E-15
 1.5025 2.59981E-15
 1.503 2.720475E-15
 1.5035 2.806034E-15
 1.504 2.7524793E-15
 1.5045 2.7975082E-15
 1.505 2.7507888E-15
 1.5055 2.6878126E-15
 1.506 2.7180934E-15
 1.5065 2.7568678E-15
 1.507 2.7335672E-15
 1.5075 2.7790143E-15
 1.508 2.7657595E-15
 1.5085 2.7443065E-15
 1.509 2.7966813E-15
 1.5095 2.9321413E-15
 1.51 2.9310637E-15
 1.5105 2.87084E-15
 1.511 2.8454649E-15
 1.5115 2.8570618E-15
 1.512 2.8311587E-15
 1.5125 2.846324E-15
 1.513 2.8666085E-15
 1.5135 2.7770771E-15
 1.514 2.716335E-15
 1.5145 2.8288317E-15
 1.515 2.9503418E-15
 1.5155 2.9832327E-15
 1.516 2.9416645E-15
 1.5165 2.9040196E-15
 1.517 2.7759942E-15
 1.5175 2.6602548E-15
 1.518 2.610067E-15
 1.5185 2.750051E-15
 1.519 2.8285812E-15
 1.5195 2.8723175E-15
 1.52 2.923622E-15
 1.5205 2.9028105E-15
 1.521 2.9326218E-15
 1.5215 2.944737E-15
 1.522 2.9639241E-15
 1.5225 2.9703093E-15
 1.523 3.2505093E-15
 1.5235 3.0176036E-15
 1.524 3.0563323E-15
 1.5245 2.9446664E-15
 1.525 2.8941193E-15
 1.5255 2.9304333E-15
 1.526 2.893206E-15
 1.5265 2.9555156E-15
 1.527 2.885774E-15
 1.5275 2.9047445E-15
 1.528 2.9274357E-15
 1.5285 2.909013E-15
 1.529 2.9859178E-15
 1.5295 3.077011E-15
 1.53 3.028465E-15
 1.5305 2.9802793E-15
 1.531 3.072313E-15
 1.5315 2.9969533E-15
 1.532 3.0284517E-15
 1.5325 2.9046752E-15
 1.533 2.9115025E-15
 1.5335 2.9907893E-15
 1.534 3.0949089E-15
 1.5345 3.0872155E-15
 1.535 3.0809278E-15
 1.5355 2.9850572E-15
 1.536 2.959055E-15
 1.5365 3.0116237E-15
 1.537 3.0057237E-15
 1.5375 3.0225414E-15
 1.538 2.9801726E-15
 1.5385 2.9564074E-15
 1.539 2.9998288E-15
 1.5395 3.1292465E-15
 1.54 3.0483765E-15
 1.5405 3.0476618E-15
 1.541 2.9947972E-15
 1.5415 3.0196784E-15
 1.542 3.0615767E-15
 1.5425 3.0682271E-15
 1.543 3.0324455E-15
 1.5435 3.14895E-15
 1.544 3.1000817E-15
 1.5445 3.050448E-15
 1.545 3.1163236E-15
 1.5455 3.1223494E-15
 1.546 3.1618846E-15
 1.5465 3.2023726E-15
 1.547 3.1883684E-15
 1.5475 3.0680188E-15
 1.548 3.0643473E-15
 1.5485 3.07211E-15
 1.549 3.1364853E-15
 1.5495 3.1576084E-15
 1.55 3.2254375E-15
 1.5505 3.1454507E-15
 1.551 3.0382926E-15
 1.5515 3.0944794E-15
 1.552 3.1249233E-15
 1.5525 3.1567137E-15
 1.553 3.2287376E-15
 1.5535 3.3220073E-15
 1.554 3.2191788E-15
 1.5545 3.3962682E-15
 1.555 3.330791E-15
 1.5555 3.2533083E-15
 1.556 3.2588024E-15
 1.5565 3.2994165E-15
 1.557 3.3575105E-15
 1.5575 3.2701403E-15
 1.558 3.1465787E-15
 1.5585 3.0519819E-15
 1.559 3.0957464E-15
 1.5595 3.0819927E-15
 1.56 3.1990006E-15
 1.5605 3.2332588E-15
 1.561 3.1486847E-15
 1.5615 3.1984163E-15
 1.562 3.2361531E-15
 1.5625 3.2195138E-15
 1.563 3.2078648E-15
 1.5635 3.229584E-15
 1.564 3.251655E-15
 1.5645 3.1876493E-15
 1.565 3.2290958E-15
 1.5655 3.1366668E-15
 1.566 3.0884617E-15
 1.5665 3.0578328E-15
 1.567 3.2542659E-15
 1.5675 3.253608E-15
 1.568 3.3566973E-15
 1.5685 3.3088567E-15
 1.569 3.254813E-15
 1.5695 3.1622705E-15
 1.57 3.06061E-15
 1.5705 3.1500836E-15
 1.571 3.1597681E-15
 1.5715 3.119083E-15
 1.572 3.0163847E-15
 1.5725 3.015928E-15
 1.573 3.0300734E-15
 1.5735 3.0555246E-15
 1.574 3.13382E-15
 1.5745 3.2970766E-15
 1.575 3.3473222E-15
 1.5755 3.344656E-15
 1.576 3.346127E-15
 1.5765 3.2552916E-15
 1.577 3.3115261E-15
 1.5775 3.2902976E-15
 1.578 3.2336607E-15
 1.5785 3.229089E-15
 1.579 3.2952826E-15
 1.5795 3.3089598E-15
 1.58 3.2512883E-15
 1.5805 3.2632986E-15
 1.581 3.2262248E-15
 1.5815 3.2754535E-15
 1.582 3.2141612E-15
 1.5825 3.2677485E-15
 1.583 3.2461824E-15
 1.5835 3.309974E-15
 1.584 3.193683E-15
 1.5845 3.2696806E-15
 1.585 3.2043756E-15
 1.5855 3.3587882E-15
 1.586 3.3081081E-15
 1.5865 3.30165E-15
 1.587 3.273875E-15
 1.5875 3.3202817E-15
 1.588 3.3812185E-15
 1.5885 3.3349383E-15
 1.589 3.3933658E-15
 1.5895 3.4938066E-15
 1.59 3.3954711E-15
 1.5905 3.2746927E-15
 1.591 3.3069018E-15
 1.5915 3.3912652E-15
 1.592 3.3759896E-15
 1.5925 3.2331137E-15
 1.593 3.3213466E-15
 1.5935 3.288121E-15
 1.594 3.3692895E-15
 1.5945 3.3749657E-15
 1.595 3.2912645E-15
 1.5955 3.3057394E-15
 1.596 3.398187E-15
 1.5965 3.3823008E-15
 1.597 3.432172E-15
 1.5975 3.4864437E-15
 1.598 3.4360732E-15
 1.5985 3.4192766E-15
 1.599 3.430213E-15
 1.5995 3.3994615E-15
 1.6 3.3584816E-15
 1.6005 3.4312172E-15
 1.601 3.416299E-15
 1.6015 3.4442151E-15
 1.602 3.4232945E-15
 1.6025 3.445958E-15
 1.603 3.4322213E-15
 1.6035 3.4671083E-15
 1.604 3.5582694E-15
 1.6045 3.4762497E-15
 1.605 3.4652194E-15
 1.6055 3.365815E-15
 1.606 3.2911643E-15
 1.6065 3.2675594E-15
 1.607 3.2981362E-15
 1.6075 3.3036072E-15
 1.608 3.2229818E-15
 1.6085 3.3588607E-15
 1.609 3.3579984E-15
 1.6095 3.3586288E-15
 1.61 3.2883752E-15
 1.6105 3.2230463E-15
 1.611 3.286166E-15
 1.6115 3.292544E-15
 1.612 3.249483E-15
 1.6125 3.2199E-15
 1.613 3.4701993E-15
 1.6135 3.3323278E-15
 1.614 3.3168548E-15
 1.6145 3.3416276E-15
 1.615 3.351703E-15
 1.6155 3.3580956E-15
 1.616 3.3995962E-15
 1.6165 3.4351076E-15
 1.617 3.4214776E-15
 1.6175 3.38945E-15
 1.618 3.587439E-15
 1.6185 3.597817E-15
 1.619 3.465254E-15
 1.6195 3.465388E-15
 1.62 3.62648E-15
 1.6205 3.5008568E-15
 1.621 3.4559766E-15
 1.6215 3.418883E-15
 1.622 3.4942807E-15
 1.6225 3.5963427E-15
 1.623 3.5936665E-15
 1.6235 3.6439404E-15
 1.624 3.5341734E-15
 1.6245 3.5371069E-15
 1.625 3.5282734E-15
 1.6255 3.375532E-15
 1.626 3.2980022E-15
 1.6265 3.2430514E-15
 1.627 3.3054004E-15
 1.6275 3.416376E-15
 1.628 3.4913125E-15
 1.6285 3.4738081E-15
 1.629 3.4504222E-15
 1.6295 3.3756103E-15
 1.63 3.3748336E-15
 1.6305 3.3446828E-15
 1.631 3.400658E-15
 1.6315 3.4108454E-15
 1.632 3.5023368E-15
 1.6325 3.609067E-15
 1.633 3.5990765E-15
 1.6335 3.5299228E-15
 1.634 3.6238373E-15
 1.6345 3.70507E-15
 1.635 3.6099164E-15
 1.6355 3.6300486E-15
 1.636 3.5967535E-15
 1.6365 3.5520068E-15
 1.637 3.5867843E-15
 1.6375 3.608281E-15
 1.638 3.606607E-15
 1.6385 3.6649036E-15
 1.639 3.568074E-15
 1.6395 3.6077827E-15
 1.64 3.491776E-15
 1.6405 3.4408223E-15
 1.641 3.441254E-15
 1.6415 3.500742E-15
 1.642 3.5919122E-15
 1.6425 3.663462E-15
 1.643 3.5924277E-15
 1.6435 3.5943487E-15
 1.644 3.626212E-15
 1.6445 3.6484182E-15
 1.645 3.6056194E-15
 1.6455 3.6650967E-15
 1.646 3.840291E-15
 1.6465 3.8544704E-15
 1.647 3.7515767E-15
 1.6475 3.6323814E-15
 1.648 3.5815916E-15
 1.6485 3.769565E-15
 1.649 3.7544693E-15
 1.6495 3.6300186E-15
 1.65 3.5466568E-15
 1.6505 3.672573E-15
 1.651 3.7391304E-15
 1.6515 3.6677247E-15
 1.652 3.6121995E-15
 1.6525 3.6444605E-15
 1.653 3.7428196E-15
 1.6535 3.7921805E-15
 1.654 3.7016843E-15
 1.6545 3.647447E-15
 1.655 3.5199922E-15
 1.6555 3.480764E-15
 1.656 3.529272E-15
 1.6565 3.6586025E-15
 1.657 3.8339926E-15
 1.6575 3.8470674E-15
 1.658 3.7555904E-15
 1.6585 3.7094944E-15
 1.659 3.6818904E-15
 1.6595 3.6634014E-15
 1.66 3.651264E-15
 1.6605 3.561105E-15
 1.661 3.4624092E-15
 1.6615 3.506331E-15
 1.662 3.5754074E-15
 1.6625 3.5707267E-15
 1.663 3.6849406E-15
 1.6635 3.7855156E-15
 1.664 3.77572E-15
 1.6645 3.8072475E-15
 1.665 3.866572E-15
 1.6655 3.8749597E-15
 1.666 3.8800364E-15
 1.6665 3.8355172E-15
 1.667 3.7455157E-15
 1.6675 3.590951E-15
 1.668 3.4712655E-15
 1.6685 3.4618923E-15
 1.669 3.580014E-15
 1.6695 3.62014E-15
 1.67 3.7335035E-15
 1.6705 3.6481866E-15
 1.671 3.7381546E-15
 1.6715 3.8630666E-15
 1.672 3.843509E-15
 1.6725 3.797231E-15
 1.673 3.67493E-15
 1.6735 3.700407E-15
 1.674 3.6257262E-15
 1.6745 3.6806313E-15
 1.675 3.7484304E-15
 1.6755 3.873676E-15
 1.676 3.889859E-15
 1.6765 3.767521E-15
 1.677 3.7531255E-15
 1.6775 3.703749E-15
 1.678 3.750224E-15
 1.6785 3.790099E-15
 1.679 3.823605E-15
 1.6795 3.785065E-15
 1.68 3.7780346E-15
 1.6805 3.8333437E-15
 1.681 3.898203E-15
 1.6815 3.919507E-15
 1.682 3.841763E-15
 1.6825 3.8273675E-15
 1.683 3.832306E-15
 1.6835 3.8756594E-15
 1.684 3.9366928E-15
 1.6845 3.9655004E-15
 1.685 3.8029852E-15
 1.6855 3.7063815E-15
 1.686 3.7028198E-15
 1.6865 3.8301525E-15
 1.687 3.772891E-15
 1.6875 3.7011397E-15
 1.688 3.7499017E-15
 1.6885 3.7008953E-15
 1.689 3.5866776E-15
 1.6895 3.5253367E-15
 1.69 3.6435537E-15
 1.6905 3.7520235E-15
 1.691 3.8440176E-15
 1.6915 3.9217926E-15
 1.692 3.896362E-15
 1.6925 3.7846745E-15
 1.693 3.6815842E-15
 1.6935 3.6906907E-15
 1.694 3.729545E-15
 1.6945 3.6796754E-15
 1.695 3.565594E-15
 1.6955 3.65683E-15
 1.696 3.6984038E-15
 1.6965 3.725547E-15
 1.697 3.683916E-15
 1.6975 3.579484E-15
 1.698 3.541123E-15
 1.6985 3.613987E-15
 1.699 3.6812526E-15
 1.6995 3.6894837E-15
 1.7 3.81247E-15
 1.7005 3.7005963E-15
 1.701 3.6700773E-15
 1.7015 3.509682E-15
 1.702 3.5311063E-15
 1.7025 3.634609E-15
 1.703 3.712552E-15
 1.7035 3.7671574E-15
 1.704 3.665112E-15
 1.7045 3.579988E-15
 1.705 3.629767E-15
 1.7055 3.6420884E-15
 1.706 3.6354353E-15
 1.7065 3.661926E-15
 1.707 3.6414586E-15
 1.7075 3.5686417E-15
 1.708 3.571646E-15
 1.7085 3.4935304E-15
 1.709 3.4834296E-15
 1.7095 3.5346592E-15
 1.71 3.6408504E-15
 1.7105 3.6870446E-15
 1.711 3.6970413E-15
 1.7115 3.5558096E-15
 1.712 3.5575867E-15
 1.7125 3.4984131E-15
 1.713 3.5404397E-15
 1.7135 3.588038E-15
 1.714 3.5353468E-15
 1.7145 3.370323E-15
 1.715 3.28802E-15
 1.7155 3.386532E-15
 1.716 3.4123847E-15
 1.7165 3.469066E-15
 1.717 3.48758E-15
 1.7175 3.4657458E-15
 1.718 3.3613691E-15
 1.7185 3.2321426E-15
 1.719 3.1787056E-15
 1.7195 3.1177047E-15
 1.72 3.1620924E-15
 1.7205 3.301056E-15
 1.721 3.404462E-15
 1.7215 3.442495E-15
 1.722 3.421973E-15
 1.7225 3.4506117E-15
 1.723 3.4365266E-15
 1.7235 3.3386545E-15
 1.724 3.2152295E-15
 1.7245 3.2409924E-15
 1.725 3.3409372E-15
 1.7255 3.3389122E-15
 1.726 3.3166204E-15
 1.7265 3.2469166E-15
 1.727 3.1189174E-15
 1.7275 3.078272E-15
 1.728 3.2143107E-15
 1.7285 3.3219165E-15
 1.729 3.3480271E-15
 1.7295 3.2665375E-15
 1.73 3.1848729E-15
 1.7305 3.247459E-15
 1.731 3.310664E-15
 1.7315 3.3576875E-15
 1.732 3.2100639E-15
 1.7325 3.068318E-15
 1.733 3.2189865E-15
 1.7335 3.3911032E-15
 1.734 3.3706499E-15
 1.7345 3.335986E-15
 1.735 3.2482695E-15
 1.7355 3.2162328E-15
 1.736 3.1302973E-15
 1.7365 3.1433575E-15
 1.737 3.1477358E-15
 1.7375 3.174462E-15
 1.738 3.2669152E-15
 1.7385 3.4220665E-15
 1.739 3.3938366E-15
 1.7395 3.3044928E-15
 1.74 3.2378527E-15
 1.7405 3.1744502E-15
 1.741 3.0434925E-15
 1.7415 2.9834266E-15
 1.742 3.091358E-15
 1.7425 3.1987562E-15
 1.743 3.1594456E-15
 1.7435 3.083965E-15
 1.744 3.0832795E-15
 1.7445 3.0226E-15
 1.745 3.1197077E-15
 1.7455 3.087135E-15
 1.746 3.1155733E-15
 1.7465 3.1110982E-15
 1.747 3.0625554E-15
 1.7475 2.9327101E-15
 1.748 2.957726E-15
 1.7485 2.9135375E-15
 1.749 3.0168296E-15
 1.7495 3.1022046E-15
 1.75 3.1112494E-15
 1.7505 2.9986195E-15
 1.751 2.868452E-15
 1.7515 2.7958194E-15
 1.752 2.8886947E-15
 1.7525 2.93391E-15
 1.753 3.0525907E-15
 1.7535 3.1043474E-15
 1.754 3.0688558E-15
 1.7545 2.9102517E-15
 1.755 2.8227572E-15
 1.7555 2.8928892E-15
 1.756 2.8853021E-15
 1.7565 2.7665422E-15
 1.757 2.706246E-15
 1.7575 2.7556756E-15
 1.758 2.864754E-15
 1.7585 2.8627444E-15
 1.759 2.7754237E-15
 1.7595 2.8182893E-15
 1.76 2.8775052E-15
 1.7605 2.93146E-15
 1.761 2.8972995E-15
 1.7615 2.798299E-15
 1.762 2.8625415E-15
 1.7625 2.7805176E-15
 1.763 2.6675446E-15
 1.7635 2.6874606E-15
 1.764 2.8188882E-15
 1.7645 2.8256663E-15
 1.765 2.6948897E-15
 1.7655 2.808493E-15
 1.766 2.7702894E-15
 1.7665 2.9244056E-15
 1.767 3.0582281E-15
 1.7675 2.879999E-15
 1.768 2.7153882E-15
 1.7685 2.5952317E-15
 1.769 2.6221715E-15
 1.7695 2.6825087E-15
 1.77 2.708256E-15
 1.7705 2.763332E-15
 1.771 2.7309168E-15
 1.7715 2.6730786E-15
 1.772 2.6459507E-15
 1.7725 2.6131013E-15
 1.773 2.641176E-15
 1.7735 2.6587987E-15
 1.774 2.717242E-15
 1.7745 2.6871108E-15
 1.775 2.6137446E-15
 1.7755 2.5130366E-15
 1.776 2.4783492E-15
 1.7765 2.4978328E-15
 1.777 2.461979E-15
 1.7775 2.5267584E-15
 1.778 2.576017E-15
 1.7785 2.522081E-15
 1.779 2.4840806E-15
 1.7795 2.498623E-15
 1.78 2.5555304E-15
 1.7805 2.5750325E-15
 1.781 2.6138162E-15
 1.7815 2.5868966E-15
 1.782 2.5241177E-15
 1.7825 2.5475016E-15
 1.783 2.5625989E-15
 1.7835 2.6207263E-15
 1.784 2.685228E-15
 1.7845 2.6373148E-15
 1.785 2.5669507E-15
 1.7855 2.5302846E-15
 1.786 2.4153538E-15
 1.7865 2.3745518E-15
 1.787 2.4004314E-15
 1.7875 2.2857394E-15
 1.788 2.316937E-15
 1.7885 2.481857E-15
 1.789 2.4704463E-15
 1.7895 2.4661851E-15
 1.79 2.5288963E-15
 1.7905 2.4707555E-15
 1.791 2.462423E-15
 1.7915 2.438406E-15
 1.792 2.3351256E-15
 1.7925 2.3137656E-15
 1.793 2.3654352E-15
 1.7935 2.3541076E-15
 1.794 2.3026752E-15
 1.7945 2.329365E-15
 1.795 2.3172604E-15
 1.7955 2.3711779E-15
 1.796 2.455455E-15
 1.7965 2.3373597E-15
 1.797 2.3441565E-15
 1.7975 2.4674506E-15
 1.798 2.5085247E-15
 1.7985 2.5122576E-15
 1.799 2.6559982E-15
 1.7995 2.43745E-15
 1.8 2.1851269E-15
 1.8005 2.1984948E-15
 1.801 2.2946298E-15
 1.8015 2.1334945E-15
 1.802 2.1232691E-15
 1.8025 2.1127263E-15
 1.803 2.0288032E-15
 1.8035 2.2209128E-15
 1.804 2.2391653E-15
 1.8045 2.438202E-15
 1.805 2.4688766E-15
 1.8055 2.3137514E-15
 1.806 2.1720775E-15
 1.8065 2.211988E-15
 1.807 2.3791576E-15
 1.8075 2.1414822E-15
 1.808 2.2439923E-15
 1.8085 2.3079865E-15
 1.809 2.2097844E-15
 1.8095 2.2002714E-15
 1.81 2.3488994E-15
 1.8105 2.1668873E-15
 1.811 2.091361E-15
 1.8115 2.2310234E-15
 1.812 2.2134667E-15
 1.8125 2.0459513E-15
 1.813 2.068656E-15
 1.8135 2.3951627E-15
 1.814 2.4675904E-15
 1.8145 2.5737926E-15
 1.815 2.4413643E-15
 1.8155 2.2664349E-15
 1.816 2.3216233E-15
 1.8165 2.493999E-15
 1.817 2.5049693E-15
 1.8175 2.4691864E-15
 1.818 2.5914278E-15
 1.8185 2.3812328E-15
 1.819 2.319811E-15
 1.8195 2.5149412E-15
 1.82 2.1412826E-15
 1.8205 2.0669743E-15
 1.821 1.9695271E-15
 1.8215 1.9295902E-15
 1.822 1.7271992E-15
 1.8225 1.6693556E-15
 1.823 2.3710453E-15
 1.8235 2.5741598E-15
 1.824 2.4516962E-15
 1.8245 2.4074893E-15
 1.825 2.2435974E-15
 1.8255 2.1763758E-15
 1.826 1.9797422E-15
 1.8265 2.0019027E-15
 1.827 2.0920227E-15
 1.8275 2.1296412E-15
 1.828 2.0151543E-15
 1.8285 1.7770298E-15
 1.829 1.7801105E-15
 1.8295 2.1913278E-15
 1.83 2.1879003E-15
 1.8305 2.018063E-15
 1.831 1.9615485E-15
 1.8315 1.9770736E-15
 1.832 2.1396198E-15
 1.8325 1.924579E-15
 1.833 1.6618826E-15
 1.8335 1.969092E-15
 1.834 2.0048793E-15
 1.8345 1.7986728E-15
 1.835 1.8022835E-15
 1.8355 1.8958332E-15
 1.836 2.4691927E-15
 1.8365 1.2362026E-15
 1.837 2.1386618E-15
 1.8375 2.6969722E-15
 1.838 1.825919E-15
 1.8385 1.7184336E-15
 1.839 1.9084864E-15
 1.8395 1.689533E-15
 1.84 1.455106E-15
 1.8405 1.4389508E-15
 1.841 1.8521203E-15
 1.8415 1.6860224E-15
 1.842 1.8281542E-15
 1.8425 2.5007013E-15
 1.843 1.7862246E-15
 1.8435 1.8002876E-15
 1.844 1.644098E-15
 1.8445 1.7827826E-15
 1.845 1.9017548E-15
 1.8455 1.9366934E-15
 1.846 1.7732474E-15
 1.8465 1.6590123E-15
 1.847 1.820307E-15
 1.8475 1.652593E-15
 1.848 9.198872E-16
 1.8485 1.1015252E-15
 1.849 6.9771573E-15
 1.8495 2.0437673E-15
 1.85 1.6839697E-15
 1.8505 1.6483149E-15
 1.851 1.7278082E-15
 1.8515 2.062354E-15
 1.852 2.085136E-15
 1.8525 1.8606533E-15
 1.853 1.7930044E-15
 1.8535 1.6744247E-15
 1.854 1.1748797E-15
 1.8545 2.648407E-15
 1.855 1.7321163E-15
 1.8555 1.9075629E-15
 1.856 1.9676008E-15
 1.8565 1.6436129E-15
 1.857 1.5848424E-15
 1.8575 1.5498341E-15
 1.858 1.6000651E-15
 1.8585 1.5983071E-15
 1.859 1.4884547E-15
 1.8595 1.4170954E-15
 1.86 1.3459466E-15
 1.8605 1.4381982E-15
 1.861 1.8731886E-15
 1.8615 1.825892E-15
 1.862 1.8632302E-15
 1.8625 1.7907685E-15
 1.863 1.7000963E-15
 1.8635 1.6780186E-15
 1.864 1.7440335E-15
 1.8645 1.7095908E-15
 1.865 1.4970618E-15
 1.8655 1.6819577E-15
 1.866 1.7490185E-15
 1.8665 1.8466983E-15
 1.867 1.7472419E-15
 1.8675 1.7076006E-15
 1.868 1.418675E-15
 1.8685 1.3835293E-15
 1.869 1.7864948E-15
 1.8695 1.5766422E-15
 1.87 1.010884E-15
 1.8705 4.1781814E-16
 1.871 8.2057905E-16
 1.8715 2.824875E-15
 1.872 1.5011064E-15
 1.8725 1.3651007E-15
 1.873 1.4229054E-15
 1.8735 1.4357885E-15
 1.874 1.0621825E-15
 1.8745 1.822102E-15
 1.875 1.9316188E-15
 1.8755 1.6695711E-15
 1.876 1.4730223E-15
 1.8765 1.4420871E-15
 1.877 1.6497913E-15
 1.8775 1.4434865E-15
 1.878 1.6411442E-15
 1.8785 1.6671857E-15
 1.879 1.734549E-15
 1.8795 1.7806382E-15
 1.88 1.82149E-15
 1.8805 1.6580182E-15
 1.881 1.6499056E-15
 1.8815 1.7057151E-15
 1.882 1.9821376E-15
 1.8825 2.015306E-15
 1.883 2.0468333E-15
 1.8835 1.902827E-15
 1.884 1.8401856E-15
 1.8845 1.6894546E-15
 1.885 1.446358E-15
 1.8855 1.8836238E-15
 1.886 1.8068951E-15
 1.8865 1.9368387E-15
 1.887 1.8689024E-15
 1.8875 2.0826918E-15
 1.888 2.033933E-15
 1.8885 2.0412029E-15
 1.889 1.8992349E-15
 1.8895 1.7608189E-15
 1.89 1.6119602E-15
 1.8905 1.6252363E-15
 1.891 1.8577501E-15
 1.8915 1.911949E-15
 1.892 1.7238154E-15
 1.8925 1.6137957E-15
 1.893 1.6805629E-15
 1.8935 1.7691673E-15
 1.894 1.7323276E-15
 1.8945 1.7261435E-15
 1.895 1.970935E-15
 1.8955 1.968654E-15
 1.896 1.886373E-15
 1.8965 1.8735998E-15
 1.897 1.9863194E-15
 1.8975 1.9607057E-15
 1.898 1.9962697E-15
 1.8985 1.6761158E-15
 1.899 1.4955244E-15
 1.8995 1.3320476E-15
 1.9 1.7358203E-15
 1.9005 1.6187002E-15
 1.901 1.7340559E-15
 1.9015 1.7679693E-15
 1.902 1.718937E-15
 1.9025 1.7305888E-15
 1.903 1.3190498E-15
 1.9035 1.4718589E-15
 1.904 1.6654728E-15
 1.9045 1.67243E-15
 1.905 1.5290577E-15
 1.9055 1.4203364E-15
 1.906 1.663687E-15
 1.9065 1.1916433E-15
 1.907 1.789829E-15
 1.9075 2.08283E-15
 1.908 1.983413E-15
 1.9085 2.0182165E-15
 1.909 1.9360088E-15
 1.9095 2.0015E-15
 1.91 1.8562024E-15
 1.9105 1.7775414E-15
 1.911 1.8131395E-15
 1.9115 1.6641571E-15
 1.912 1.75693E-15
 1.9125 1.9282777E-15
 1.913 1.6652359E-15
 1.9135 1.5049422E-15
 1.914 1.572032E-15
 1.9145 1.9311032E-15
 1.915 2.022094E-15
 1.9155 2.0997612E-15
 1.916 1.890942E-15
 1.9165 1.8944733E-15
 1.917 1.9448196E-15
 1.9175 2.0572766E-15
 1.918 2.0956586E-15
 1.9185 2.0025631E-15
 1.919 1.9508564E-15
 1.9195 1.8314049E-15
 1.92 1.7424295E-15
 1.9205 1.7259105E-15
 1.921 1.8867312E-15
 1.9215 2.2657852E-15
 1.922 2.1316992E-15
 1.9225 2.0316892E-15
 1.923 2.0803214E-15
 1.9235 1.9898566E-15
 1.924 1.8980382E-15
 1.9245 1.944674E-15
 1.925 2.2065875E-15
 1.9255 2.3105596E-15
 1.926 2.069677E-15
 1.9265 1.9236269E-15
 1.927 1.7984799E-15
 1.9275 1.8992346E-15
 1.928 1.8971636E-15
 1.9285 1.9098037E-15
 1.929 2.2551736E-15
 1.9295 2.1190772E-15
 1.93 1.9850776E-15
 1.9305 1.7929786E-15
 1.931 1.6955964E-15
 1.9315 1.7433625E-15
 1.932 1.872604E-15
 1.9325 2.0393136E-15
 1.933 1.995759E-15
 1.9335 2.1070144E-15
 1.934 1.9497165E-15
 1.9345 2.0122835E-15
 1.935 2.1866314E-15
 1.9355 2.1158097E-15
 1.936 2.0920373E-15
 1.9365 1.9863471E-15
 1.937 2.1616679E-15
 1.9375 2.1196345E-15
 1.938 1.9307167E-15
 1.9385 1.976872E-15
 1.939 1.7332518E-15
 1.9395 1.6703038E-15
 1.94 1.8577124E-15
 1.9405 2.0046557E-15
 1.941 1.8293565E-15
 1.9415 1.7256156E-15
 1.942 2.1661813E-15
 1.9425 2.2981505E-15
 1.943 2.219483E-15
 1.9435 2.1542655E-15
 1.944 2.0793825E-15
 1.9445 2.2381152E-15
 1.945 2.1914763E-15
 1.9455 2.348791E-15
 1.946 2.1746283E-15
 1.9465 2.1099836E-15
 1.947 2.1442171E-15
 1.9475 2.1233032E-15
 1.948 2.1136443E-15
 1.9485 2.0356832E-15
 1.949 2.0176028E-15
 1.9495 1.9909027E-15
 1.95 2.1268862E-15
 1.9505 2.0799002E-15
 1.951 1.9877725E-15
 1.9515 1.9679347E-15
 1.952 2.0117837E-15
 1.9525 2.0340567E-15
 1.953 1.9524544E-15
 1.9535 1.94778E-15
 1.954 2.0118096E-15
 1.9545 2.0757995E-15
 1.955 2.1023313E-15
 1.9555 2.0017233E-15
 1.956 1.8471603E-15
 1.9565 1.7668958E-15
 1.957 1.9560932E-15
 1.9575 1.9654144E-15
 1.958 2.0180755E-15
 1.9585 2.0391238E-15
 1.959 1.989779E-15
 1.9595 2.0563417E-15
 1.96 2.1029427E-15
 1.9605 1.994413E-15
 1.961 1.922466E-15
 1.9615 1.9659954E-15
 1.962 1.9479011E-15
 1.9625 1.996592E-15
 1.963 2.0423053E-15
 1.9635 2.0524964E-15
 1.964 2.0440095E-15
 1.9645 2.0226425E-15
 1.965 2.055278E-15
 1.9655 2.0014497E-15
 1.966 2.0189583E-15
 1.9665 2.0480274E-15
 1.967 1.987938E-15
 1.9675 2.0909485E-15
 1.968 1.9887165E-15
 1.9685 1.9668393E-15
 1.969 2.0205166E-15
 1.9695 2.0772822E-15
 1.97 2.2077757E-15
 1.9705 2.1837244E-15
 1.971 2.174693E-15
 1.9715 2.048659E-15
 1.972 1.9871647E-15
 1.9725 2.0067286E-15
 1.973 2.0639046E-15
 1.9735 2.077306E-15
 1.974 1.946886E-15
 1.9745 2.0042627E-15
 1.975 2.1255277E-15
 1.9755 2.1000498E-15
 1.976 1.9522572E-15
 1.9765 1.8262668E-15
 1.977 1.9615168E-15
 1.9775 1.9568852E-15
 1.978 1.8978417E-15
 1.9785 1.8888172E-15
 1.979 1.9218466E-15
 1.9795 1.9180659E-15
 1.98 1.8979893E-15
 1.9805 1.9589274E-15
 1.981 1.9245186E-15
 1.9815 1.9677166E-15
 1.982 1.97104E-15
 1.9825 1.9784538E-15
 1.983 1.9550401E-15
 1.9835 2.0493797E-15
 1.984 2.0363976E-15
 1.9845 2.0587271E-15
 1.985 1.98337E-15
 1.9855 1.979602E-15
 1.986 2.02947E-15
 1.9865 1.9500524E-15
 1.987 1.847292E-15
 1.9875 1.9643645E-15
 1.988 1.971736E-15
 1.9885 1.9665121E-15
 1.989 2.0104028E-15
 1.9895 1.9659118E-15
 1.99 1.8936908E-15
 1.9905 1.84145E-15
 1.991 1.8554917E-15
 1.9915 1.8082893E-15
 1.992 1.9033847E-15
 1.9925 1.9337317E-15
 1.993 1.9587734E-15
 1.9935 1.978358E-15
 1.994 2.0028753E-15
 1.9945 2.0086438E-15
 1.995 2.0128855E-15
 1.9955 1.9910348E-15
 1.996 1.9738038E-15
 1.9965 1.9349244E-15
 1.997 1.9928462E-15
 1.9975 1.987716E-15
 1.998 1.8682176E-15
 1.9985 1.8349165E-15
 1.9990001 1.919263E-15
 1.9995002 1.921492E-15
 2. 1.9207205E-15
 2.0005002 1.9719243E-15
 2.0010002 2.0031397E-15
 2.0015001 1.8715557E-15
 2.002 1.9029446E-15
 2.0025 1.885095E-15
 2.003 1.8387628E-15
 2.0035 1.9579444E-15
 2.0040002 1.9509477E-15
 2.0045002 1.9843373E-15
 2.005 2.0156909E-15
 2.0055 2.0218463E-15
 2.006 1.8983046E-15
 2.0065 1.7957262E-15
 2.0070002 1.8328819E-15
 2.0075002 1.9971468E-15
 2.0080001 2.027675E-15
 2.0085 2.0098374E-15
 2.009 1.926162E-15
 2.0095 1.800785E-15
 2.01 1.8948769E-15
 2.0105002 1.8810876E-15
 2.0110002 1.914521E-15
 2.0115001 1.8551025E-15
 2.012 1.8644883E-15
 2.0125 1.9025275E-15
 2.013 1.8839165E-15
 2.0135002 1.8814258E-15
 2.0140002 1.8252887E-15
 2.0145001 1.825696E-15
 2.015 1.8814918E-15
 2.0155 1.922103E-15
 2.016 1.8861558E-15
 2.0165 1.8316537E-15
 2.0170002 1.8479462E-15
 2.0175002 1.89009E-15
 2.0180001 1.9503056E-15
 2.0185 1.9897551E-15
 2.019 1.9860972E-15
 2.0195 1.945543E-15
 2.02 1.9789227E-15
 2.0205002 1.8425213E-15
 2.0210001 1.8975078E-15
 2.0215 2.0188753E-15
 2.022 2.0072517E-15
 2.0225 2.066103E-15
 2.023 2.0079863E-15
 2.0235002 2.0102478E-15
 2.0240002 2.002691E-15
 2.0245001 2.0135773E-15
 2.025 2.0587515E-15
 2.0255 2.0220072E-15
 2.026 1.9612525E-15
 2.0265 1.9584151E-15
 2.0270002 1.8994468E-15
 2.0275002 1.889074E-15
 2.028 1.8905176E-15
 2.0285 1.9525103E-15
 2.029 2.0287246E-15
 2.0295 1.8775402E-15
 2.0300002 1.9107592E-15
 2.0305002 1.9628345E-15
 2.0310001 1.9451447E-15
 2.0315 1.979115E-15
 2.032 2.0576298E-15
 2.0325 2.1611677E-15
 2.033 2.1018468E-15
 2.0335002 2.0101212E-15
 2.0340002 2.0171459E-15
 2.0345001 1.9949432E-15
 2.035 1.9723795E-15
 2.0355 2.0177561E-15
 2.036 1.9181715E-15
 2.0365002 1.9273214E-15
 2.0370002 2.0289743E-15
 2.0375001 2.0779662E-15
 2.038 2.0578066E-15
 2.0385 2.0579784E-15
 2.039 2.0475884E-15
 2.0395 1.980447E-15
 2.0400002 1.944098E-15
 2.0405002 1.9368925E-15
 2.0410001 1.9113802E-15
 2.0415 1.9484786E-15
 2.042 1.9081374E-15
 2.0425 2.0497875E-15
 2.043 2.0451602E-15
 2.0435002 2.106848E-15
 2.0440001 2.0335542E-15
 2.0445 1.9213788E-15
 2.045 1.9021707E-15
 2.0455 2.0146274E-15
 2.046 1.969996E-15
 2.0465002 1.9104843E-15
 2.0470002 2.007009E-15
 2.0475001 2.0585099E-15
 2.048 2.0876912E-15
 2.0485 2.0025009E-15
 2.049 1.9506641E-15
 2.0495 1.936112E-15
 2.0500002 1.9702592E-15
 2.0505002 1.949949E-15
 2.051 1.9736566E-15
 2.0515 2.0601097E-15
 2.052 2.0180916E-15
 2.0525 1.9979938E-15
 2.0530002 2.0551563E-15
 2.0535002 2.0187563E-15
 2.0540001 1.9973134E-15
 2.0545 1.9266764E-15
 2.055 1.962223E-15
 2.0555 2.0412704E-15
 2.056 2.0803676E-15
 2.0565002 2.124206E-15
 2.0570002 2.1130222E-15
 2.0575001 2.1280513E-15
 2.058 2.0968963E-15
 2.0585 2.0410104E-15
 2.059 2.1403633E-15
 2.0595002 2.041921E-15
 2.0600002 2.0465684E-15
 2.0605001 2.089499E-15
 2.061 2.0345911E-15
 2.0615 1.9157912E-15
 2.062 1.9749494E-15
 2.0625 2.0156189E-15
 2.0630002 1.9853247E-15
 2.0635002 2.0027116E-15
 2.0640001 1.9892408E-15
 2.0645 1.9392603E-15
 2.065 2.0337312E-15
 2.0655 2.0709788E-15
 2.066 2.0258695E-15
 2.0665002 2.0424842E-15
 2.0670002 2.1032802E-15
 2.0675 2.0816396E-15
 2.068 2.0584756E-15
 2.0685 2.00392E-15
 2.069 2.04705E-15
 2.0695002 2.0212025E-15
 2.0700002 1.9931583E-15
 2.0705001 2.1024713E-15
 2.071 2.0942138E-15
 2.0715 2.0619675E-15
 2.072 2.0247927E-15
 2.0725 2.0079354E-15
 2.0730002 1.9854133E-15
 2.0735002 1.9730832E-15
 2.0740001 2.0055582E-15
 2.0745 2.0241635E-15
 2.075 2.0004741E-15
 2.0755 1.999008E-15
 2.0760002 2.0676618E-15
 2.0765002 2.0783563E-15
 2.0770001 2.0706237E-15
 2.0775 2.0572287E-15
 2.078 2.093653E-15
 2.0785 2.0838503E-15
 2.079 2.0999382E-15
 2.0795002 2.0635307E-15
 2.0800002 2.0737956E-15
 2.0805001 2.0749095E-15
 2.081 2.091295E-15
 2.0815 2.0537415E-15
 2.082 2.026173E-15
 2.0825 2.0757464E-15
 2.0830002 2.0700429E-15
 2.0835001 2.0522929E-15
 2.084 2.0766575E-15
 2.0845 2.0938225E-15
 2.085 2.1288392E-15
 2.0855 2.0762084E-15
 2.0860002 2.101298E-15
 2.0865002 2.1483995E-15
 2.0870001 2.106351E-15
 2.0875 2.059374E-15
 2.088 2.0990052E-15
 2.0885 2.104075E-15
 2.089 2.1013329E-15
 2.0895002 2.0744773E-15
 2.0900002 2.0906209E-15
 2.0905 2.087135E-15
 2.091 2.1897102E-15
 2.0915 2.216018E-15
 2.092 2.165077E-15
 2.0925002 2.1379715E-15
 2.0930002 2.2346097E-15
 2.0935001 2.2220385E-15
 2.094 2.1522792E-15
 2.0945 2.1181698E-15
 2.095 2.0842527E-15
 2.0955 2.1196966E-15
 2.0960002 2.127423E-15
 2.0965002 2.0952317E-15
 2.0970001 2.0850919E-15
 2.0975 2.089311E-15
 2.098 2.0875133E-15
 2.0985 2.1224668E-15
 2.0990002 2.1159127E-15
 2.0995002 2.1529864E-15
 2.1000001 2.1603611E-15
 2.1005 2.161719E-15
 2.101 2.1748814E-15
 2.1015 2.223065E-15
 2.102 2.1919343E-15
 2.1025002 2.154495E-15
 2.1030002 2.1366457E-15
 2.1035001 2.2045106E-15
 2.104 2.2135823E-15
 2.1045 2.1842585E-15
 2.105 2.1753172E-15
 2.1055 2.141565E-15
 2.1060002 2.1774593E-15
 2.1065001 2.2269163E-15
 2.107 2.2678496E-15
 2.1075 2.2037286E-15
 2.108 2.1635754E-15
 2.1085 2.129965E-15
 2.1090002 2.1107644E-15
 2.1095002 2.1224204E-15
 2.1100001 2.1833437E-15
 2.1105 2.2280374E-15
 2.111 2.2454746E-15
 2.1115 2.2253838E-15
 2.112 2.169914E-15
 2.1125002 2.1210025E-15
 2.1130002 2.1733938E-15
 2.1135 2.1822707E-15
 2.114 2.2514693E-15
 2.1145 2.2618933E-15
 2.115 2.2712752E-15
 2.1155002 2.2824446E-15
 2.1160002 2.231461E-15
 2.1165001 2.2405199E-15
 2.117 2.237065E-15
 2.1175 2.2144338E-15
 2.118 2.1718177E-15
 2.1185 2.1359808E-15
 2.1190002 2.191777E-15
 2.1195002 2.214338E-15
 2.1200001 2.2089279E-15
 2.1205 2.1931862E-15
 2.121 2.1166807E-15
 2.1215 2.1586361E-15
 2.1220002 2.2451714E-15
 2.1225002 2.2307828E-15
 2.1230001 2.2380535E-15
 2.1235 2.2285867E-15
 2.124 2.2481536E-15
 2.1245 2.2616851E-15
 2.125 2.3075706E-15
 2.1255002 2.3517762E-15
 2.1260002 2.2242137E-15
 2.1265001 2.1837723E-15
 2.127 2.18061E-15
 2.1275 2.1671077E-15
 2.128 2.2022992E-15
 2.1285 2.1931974E-15
 2.1290002 2.2063434E-15
 2.1295002 2.1902792E-15
 2.13 2.1868252E-15
 2.1305 2.2025654E-15
 2.131 2.2430997E-15
 2.1315 2.252522E-15
 2.1320002 2.245966E-15
 2.1325002 2.2520933E-15
 2.1330001 2.3115576E-15
 2.1335 2.2633606E-15
 2.134 2.2459362E-15
 2.1345 2.329852E-15
 2.135 2.3926432E-15
 2.1355002 2.343377E-15
 2.1360002 2.3185109E-15
 2.1365001 2.2792384E-15
 2.137 2.3041522E-15
 2.1375 2.2898746E-15
 2.138 2.2772195E-15
 2.1385002 2.2445276E-15
 2.1390002 2.1966504E-15
 2.1395001 2.2110688E-15
 2.14 2.2520262E-15
 2.1405 2.2254844E-15
 2.141 2.2957348E-15
 2.1415 2.3208618E-15
 2.1420002 2.212385E-15
 2.1425002 2.2144596E-15
 2.1430001 2.237331E-15
 2.1435 2.1845662E-15
 2.144 2.2162304E-15
 2.1445 2.3552331E-15
 2.145 2.3718142E-15
 2.1455002 2.4139996E-15
 2.1460001 2.4021964E-15
 2.1465 2.3859893E-15
 2.147 2.3620954E-15
 2.1475 2.3042775E-15
 2.148 2.2864917E-15
 2.1485002 2.2967394E-15
 2.1490002 2.2505596E-15
 2.1495001 2.2616447E-15
 2.15 2.2606052E-15
 2.1505 2.1811255E-15
 2.151 2.242763E-15
 2.1515 2.2780811E-15
 2.1520002 2.3012289E-15
 2.1525002 2.2875033E-15
 2.153 2.2835862E-15
 2.1535 2.3082349E-15
 2.154 2.3149057E-15
 2.1545 2.340864E-15
 2.1550002 2.3282492E-15
 2.1555002 2.3566026E-15
 2.1560001 2.2739993E-15
 2.1565 2.2865961E-15
 2.157 2.3133075E-15
 2.1575 2.3071585E-15
 2.158 2.3628657E-15
 2.1585002 2.3637418E-15
 2.1590002 2.4237162E-15
 2.1595001 2.387415E-15
 2.16 2.3624844E-15
 2.1605 2.3241915E-15
 2.161 2.3426272E-15
 2.1615002 2.3654678E-15
 2.1620002 2.398114E-15
 2.1625001 2.3938271E-15
 2.163 2.3213656E-15
 2.1635 2.2588717E-15
 2.164 2.303309E-15
 2.1645 2.3268474E-15
 2.1650002 2.358454E-15
 2.1655002 2.3719514E-15
 2.1660001 2.2769313E-15
 2.1665 2.339841E-15
 2.167 2.3831947E-15
 2.1675 2.3175203E-15
 2.168 2.2896683E-15
 2.1685002 2.301374E-15
 2.1690001 2.3048893E-15
 2.1695 2.4957667E-15
 2.17 2.4049453E-15
 2.1705 2.3406587E-15
 2.171 2.367901E-15
 2.1715002 2.3233972E-15
 2.1720002 2.3595994E-15
 2.1725001 2.341005E-15
 2.173 2.3237373E-15
 2.1735 2.311373E-15
 2.174 2.3286583E-15
 2.1745 2.3213768E-15
 2.1750002 2.3655136E-15
 2.1755002 2.3661846E-15
 2.176 2.3733512E-15
 2.1765 2.3307158E-15
 2.177 2.2748762E-15
 2.1775 2.2753696E-15
 2.1780002 2.2949466E-15
 2.1785002 2.2612442E-15
 2.1790001 2.2762067E-15
 2.1795 2.3331997E-15
 2.18 2.280133E-15
 2.1805 2.2751991E-15
 2.181 2.2614568E-15
 2.1815002 2.3597302E-15
 2.1820002 2.4026613E-15
 2.1825001 2.3473233E-15
 2.183 2.3625475E-15
 2.1835 2.2693573E-15
 2.184 2.3019639E-15
 2.1845002 2.3348622E-15
 2.1850002 2.298703E-15
 2.1855001 2.3079844E-15
 2.186 2.3206551E-15
 2.1865 2.3542832E-15
 2.187 2.3229593E-15
 2.1875 2.2815677E-15
 2.1880002 2.3395001E-15
 2.1885002 2.3190172E-15
 2.1890001 2.3379136E-15
 2.1895 2.390418E-15
 2.19 2.394219E-15
 2.1905 2.327343E-15
 2.191 2.322683E-15
 2.1915002 2.4035883E-15
 2.1920002 2.313384E-15
 2.1925 2.2839886E-15
 2.193 2.251554E-15
 2.1935 2.2107623E-15
 2.194 2.2397887E-15
 2.1945002 2.2935744E-15
 2.1950002 2.3377961E-15
 2.1955001 2.3701271E-15
 2.196 2.319897E-15
 2.1965 2.324644E-15
 2.197 2.4335722E-15
 2.1975 2.3516394E-15
 2.1980002 2.312719E-15
 2.1985002 2.3212015E-15
 2.1990001 2.3384496E-15
 2.1995 2.3267095E-15
 2.2 2.3686866E-15
 2.2005 2.422224E-15
 2.2010002 2.4346268E-15
 2.2015002 2.3960576E-15
 2.2020001 2.3625432E-15
 2.2025 2.3469043E-15
 2.203 2.3283763E-15
 2.2035 2.2703344E-15
 2.204 2.2613863E-15
 2.2045002 2.2735171E-15
 2.2050002 2.2719605E-15
 2.2055001 2.3018523E-15
 2.206 2.314096E-15
 2.2065 2.2326247E-15
 2.207 2.2469084E-15
 2.2075 2.284313E-15
 2.2080002 2.331574E-15
 2.2085001 2.2331524E-15
 2.209 2.2287658E-15
 2.2095 2.2998723E-15
 2.21 2.3632459E-15
 2.2105 2.3317777E-15
 2.2110002 2.3047843E-15
 2.2115002 2.3548153E-15
 2.2120001 2.3653806E-15
 2.2125 2.4090792E-15
 2.213 2.374806E-15
 2.2135 2.331741E-15
 2.214 2.310236E-15
 2.2145002 2.330864E-15
 2.2150002 2.3824718E-15
 2.2155 2.3830823E-15
 2.216 2.360616E-15
 2.2165 2.2879273E-15
 2.217 2.3239249E-15
 2.2175002 2.2792392E-15
 2.2180002 2.2335507E-15
 2.2185001 2.3289802E-15
 2.219 2.3494487E-15
 2.2195 2.3192675E-15
 2.22 2.233601E-15
 2.2205 2.2185112E-15
 2.2210002 2.264175E-15
 2.2215002 2.2607443E-15
 2.2220001 2.2195334E-15
 2.2225 2.346449E-15
 2.223 2.4013088E-15
 2.2235 2.366676E-15
 2.2240002 2.3400558E-15
 2.2245002 2.3970636E-15
 2.2250001 2.5476178E-15
 2.2255 2.5638804E-15
 2.226 2.4539853E-15
 2.2265 2.3698025E-15
 2.227 2.3141948E-15
 2.2275002 2.3519204E-15
 2.2280002 2.3339588E-15
 2.2285001 2.2529982E-15
 2.229 2.2776115E-15
 2.2295 2.2681615E-15
 2.23 2.2785171E-15
 2.2305 2.3558434E-15
 2.2310002 2.4252374E-15
 2.2315001 2.5310806E-15
 2.232 2.4001233E-15
 2.2325 2.3527145E-15
 2.233 2.3628342E-15
 2.2335 2.3291672E-15
 2.2340002 2.2883396E-15
 2.2345002 2.2372304E-15
 2.2350001 2.285699E-15
 2.2355 2.2169694E-15
 2.236 2.1907002E-15
 2.2365 2.2114847E-15
 2.237 2.2183026E-15
 2.2375002 2.3384214E-15
 2.2380002 2.4474092E-15
 2.2385 2.380605E-15
 2.239 2.336796E-15
 2.2395 2.362188E-15
 2.24 2.390661E-15
 2.2405002 2.2784828E-15
 2.2410002 2.404406E-15
 2.2415001 2.3860147E-15
 2.242 2.3727496E-15
 2.2425 2.3014512E-15
 2.243 2.321257E-15
 2.2435 2.3378776E-15
 2.2440002 2.3056122E-15
 2.2445002 2.2998317E-15
 2.2450001 2.312832E-15
 2.2455 2.3716895E-15
 2.246 2.4117044E-15
 2.2465 2.3812144E-15
 2.2470002 2.343933E-15
 2.2475002 2.3279623E-15
 2.2480001 2.3478773E-15
 2.2485 2.3529508E-15
 2.249 2.3819217E-15
 2.2495 2.3507447E-15
 2.25 2.3078465E-15
 2.2505002 2.3063943E-15
 2.2510002 2.3781778E-15
 2.2515001 2.4019142E-15
 2.252 2.326877E-15
 2.2525 2.2981505E-15
 2.253 2.3526946E-15
 2.2535 2.3510886E-15
 2.2540002 2.3576489E-15
 2.2545002 2.3473271E-15
 2.255 2.2806468E-15
 2.2555 2.3011994E-15
 2.256 2.313182E-15
 2.2565 2.3227308E-15
 2.2570002 2.3750687E-15
 2.2575002 2.356657E-15
 2.2580001 2.2837226E-15
 2.2585 2.3015196E-15
 2.259 2.3765938E-15
 2.2595 2.4078258E-15
 2.26 2.338729E-15
 2.2605002 2.382658E-15
 2.2610002 2.3611204E-15
 2.2615001 2.340135E-15
 2.262 2.344711E-15
 2.2625 2.283176E-15
 2.263 2.3654987E-15
 2.2635002 2.3376506E-15
 2.2640002 2.2849245E-15
 2.2645001 2.245063E-15
 2.265 2.2876706E-15
 2.2655 2.2647143E-15
 2.266 2.3464263E-15
 2.2665 2.3119559E-15
 2.2670002 2.3414242E-15
 2.2675002 2.3181157E-15
 2.2680001 2.3162307E-15
 2.2685 2.3492512E-15
 2.269 2.3208995E-15
 2.2695 2.3355225E-15
 2.27 2.2796653E-15
 2.2705002 2.2882417E-15
 2.2710001 2.286754E-15
 2.2715 2.3368972E-15
 2.272 2.2718182E-15
 2.2725 2.2854662E-15
 2.273 2.2960937E-15
 2.2735002 2.3023046E-15
 2.2740002 2.252049E-15
 2.2745001 2.3020924E-15
 2.275 2.2893327E-15
 2.2755 2.3156686E-15
 2.276 2.3626343E-15
 2.2765 2.2126781E-15
 2.2770002 2.3325022E-15
 2.2775002 2.3455848E-15
 2.278 2.3780946E-15
 2.2785 2.3160477E-15
 2.279 2.2879999E-15
 2.2795 2.2678263E-15
 2.2800002 2.2603955E-15
 2.2805002 2.2308379E-15
 2.2810001 2.1826089E-15
 2.2815 2.2643876E-15
 2.282 2.3135244E-15
 2.2825 2.3513275E-15
 2.283 2.3246696E-15
 2.2835002 2.2944047E-15
 2.2840002 2.2590684E-15
 2.2845001 2.2659171E-15
 2.285 2.249922E-15
 2.2855 2.3037094E-15
 2.286 2.324701E-15
 2.2865002 2.3178565E-15
 2.2870002 2.2037898E-15
 2.2875001 2.2464957E-15
 2.288 2.375743E-15
 2.2885 2.3747894E-15
 2.289 2.3313623E-15
 2.2895 2.3007477E-15
 2.2900002 2.3376636E-15
 2.2905002 2.3610696E-15
 2.2910001 2.4357572E-15
 2.2915 2.41419E-15
 2.292 2.2457448E-15
 2.2925 2.185748E-15
 2.293 2.2841503E-15
 2.2935002 2.0968286E-15
 2.2940001 1.9253014E-15
 2.2945 1.7469984E-15
 2.295 1.834548E-15
 2.2955 1.8480059E-15
 2.296 1.884505E-15
 2.2965002 1.9035511E-15
 2.2970002 1.9983436E-15
 2.2975001 1.9822797E-15
 2.298 2.0366213E-15
 2.2985 1.977233E-15
 2.299 2.005076E-15
 2.2995 2.007637E-15
 2.3000002 2.048721E-15
 2.3005002 2.0605821E-15
 2.301 2.0273727E-15
 2.3015 2.0223295E-15
 2.302 2.1190566E-15
 2.3025 2.0524902E-15
 2.3030002 2.091308E-15
 2.3035002 2.1041065E-15
 2.3040001 2.161768E-15
 2.3045 2.148512E-15
 2.305 2.1052805E-15
 2.3055 2.079972E-15
 2.306 2.0908265E-15
 2.3065002 1.9891614E-15
 2.3070002 1.9899686E-15
 2.3075001 2.1283253E-15
 2.308 2.1335316E-15
 2.3085 2.1010834E-15
 2.309 2.166856E-15
 2.3095002 2.0644986E-15
 2.3100002 2.0420285E-15
 2.3105001 2.0475878E-15
 2.311 2.0827308E-15
 2.3115 2.0184115E-15
 2.312 2.0053287E-15
 2.3125 1.992631E-15
 2.3130002 1.9866215E-15
 2.3135002 2.0540972E-15
 2.3140001 2.0204982E-15
 2.3145 2.0384053E-15
 2.315 2.0205403E-15
 2.3155 2.0159452E-15
 2.316 2.0624958E-15
 2.3165002 1.9488841E-15
 2.3170002 1.8269512E-15
 2.3175 2.0436114E-15
 2.318 2.1945129E-15
 2.3185 2.0199644E-15
 2.319 2.064623E-15
 2.3195002 2.093145E-15
 2.3200002 2.1543531E-15
 2.3205001 2.0829544E-15
 2.321 2.0138568E-15
 2.3215 2.0227443E-15
 2.322 2.050352E-15
 2.3225 1.9591722E-15
 2.3230002 1.7696196E-15
 2.3235002 1.7121224E-15
 2.3240001 1.7149339E-15
 2.3245 1.8019351E-15
 2.325 1.911468E-15
 2.3255 1.8899177E-15
 2.3260002 1.8367647E-15
 2.3265002 1.805444E-15
 2.3270001 1.8344095E-15
 2.3275 2.0040757E-15
 2.328 1.9801068E-15
 2.3285 1.8688666E-15
 2.329 1.8135136E-15
 2.3295002 1.9110124E-15
 2.3300002 1.9693675E-15
 2.3305001 1.866319E-15
 2.331 1.8298089E-15
 2.3315 1.8513965E-15
 2.332 1.8799655E-15
 2.3325 1.9489809E-15
 2.3330002 1.964352E-15
 2.3335001 2.023577E-15
 2.334 1.97357E-15
 2.3345 1.9274934E-15
 2.335 1.8741872E-15
 2.3355 1.9040367E-15
 2.3360002 1.906205E-15
 2.3365002 1.8917827E-15
 2.3370001 1.9456677E-15
 2.3375 1.9650872E-15
 2.338 2.0069198E-15
 2.3385 1.920505E-15
 2.339 1.8667651E-15
 2.3395002 1.851645E-15
 2.3400002 1.8367577E-15
 2.3405 1.8811723E-15
 2.341 1.869227E-15
 2.3415 1.8905953E-15
 2.342 1.9061367E-15
 2.3425002 1.9767947E-15
 2.3430002 1.9991032E-15
 2.3435001 1.9332996E-15
 2.344 1.9408904E-15
 2.3445 1.8636317E-15
 2.345 1.8758421E-15
 2.3455 1.8079876E-15
 2.3460002 1.888789E-15
 2.3465002 2.044094E-15
 2.3470001 2.1767453E-15
 2.3475 1.9884696E-15
 2.348 1.9186037E-15
 2.3485 1.947759E-15
 2.3490002 1.9486156E-15
 2.3495002 1.9384565E-15
 2.3500001 1.7449741E-15
 2.3505 1.9069763E-15
 2.351 1.8208045E-15
 2.3515 1.7658555E-15
 2.352 1.8564735E-15
 2.3525002 1.7760126E-15
 2.3530002 1.6511259E-15
 2.3535001 1.6759273E-15
 2.354 1.7194905E-15
 2.3545 1.8157756E-15
 2.355 1.9001378E-15
 2.3555 1.848213E-15
 2.3560002 1.9176028E-15
 2.3565001 1.7775482E-15
 2.357 1.821404E-15
 2.3575 1.8141531E-15
 2.358 1.826423E-15
 2.3585 1.8167243E-15
 2.3590002 1.6959051E-15
 2.3595002 1.7992227E-15
 2.3600001 1.768692E-15
 2.3605 1.8052072E-15
 2.361 1.8058478E-15
 2.3615 1.7685322E-15
 2.362 1.7767338E-15
 2.3625002 1.8429942E-15
 2.3630002 1.7975596E-15
 2.3635 1.8453085E-15
 2.364 1.7987642E-15
 2.3645 1.8558882E-15
 2.365 1.8121192E-15
 2.3655002 1.8169913E-15
 2.3660002 1.8135918E-15
 2.3665001 1.8642816E-15
 2.367 2.1400254E-15
 2.3675 1.8528894E-15
 2.368 1.7209264E-15
 2.3685 1.7612864E-15
 2.3690002 1.752037E-15
 2.3695002 1.820502E-15
 2.3700001 1.816549E-15
 2.3705 1.8283289E-15
 2.371 1.8077062E-15
 2.3715 1.8023461E-15
 2.3720002 1.82613E-15
 2.3725002 1.9428028E-15
 2.3730001 1.9185097E-15
 2.3735 1.837314E-15
 2.374 1.8377799E-15
 2.3745 1.828996E-15
 2.375 1.8647716E-15
 2.3755002 1.6178969E-15
 2.3760002 1.7195322E-15
 2.3765001 1.8401643E-15
 2.377 1.7577771E-15
 2.3775 1.765042E-15
 2.378 1.824804E-15
 2.3785 1.9324044E-15
 2.3790002 1.7174075E-15
 2.3795002 1.9847968E-15
 2.38 2.0192749E-15
 2.3805 1.845715E-15
 2.381 1.7518371E-15
 2.3815 1.7928422E-15
 2.3820002 1.8302567E-15
 2.3825002 1.7967966E-15
 2.3830001 1.6796473E-15
 2.3835 1.6291953E-15
 2.384 1.5605442E-15
 2.3845 1.6649157E-15
 2.385 1.835684E-15
 2.3855002 1.807367E-15
 2.3860002 1.6909138E-15
 2.3865001 1.6486991E-15
 2.387 1.6669692E-15
 2.3875 1.6585928E-15
 2.388 1.6944078E-15
 2.3885002 1.6354129E-15
 2.3890002 1.6679009E-15
 2.3895001 1.7924104E-15
 2.39 1.7242968E-15
 2.3905 1.8940872E-15
 2.391 1.8041778E-15
 2.3915 1.7654143E-15
 2.3920002 1.7329595E-15
 2.3925002 1.6638231E-15
 2.3930001 1.6488939E-15
 2.3935 1.7065361E-15
 2.394 1.7740735E-15
 2.3945 1.6437448E-15
 2.395 1.8259466E-15
 2.3955002 1.6604234E-15
 2.3960001 1.6552832E-15
 2.3965 1.7667518E-15
 2.397 1.6576087E-15
 2.3975 1.6914683E-15
 2.398 1.7209255E-15
 2.3985002 1.6528097E-15
 2.3990002 1.6661547E-15
 2.3995001 1.7775116E-15
 2.4 1.6928541E-15
 2.4005 1.7166964E-15
 2.401 1.6616366E-15
 2.4015 1.592923E-15
 2.4020002 1.6343013E-15
 2.4025002 1.6195522E-15
 2.403 1.6187145E-15
 2.4035 1.6140652E-15
 2.404 1.6652575E-15
 2.4045 1.6646633E-15
 2.4050002 1.6876561E-15
 2.4055002 1.7161056E-15
 2.4060001 1.7315111E-15
 2.4065 1.6508788E-15
 2.407 1.6133475E-15
 2.4075 1.5867812E-15
 2.408 1.5513579E-15
 2.4085002 1.5448117E-15
 2.4090002 1.6165535E-15
 2.4095001 1.674889E-15
 2.41 1.6137069E-15
 2.4105 1.6408587E-15
 2.411 1.6021576E-15
 2.4115002 1.6123311E-15
 2.4120002 1.6773347E-15
 2.4125001 1.6951964E-15
 2.413 1.5939988E-15
 2.4135 1.5533847E-15
 2.414 1.4906072E-15
 2.4145 1.4040851E-15
 2.4150002 1.4642434E-15
 2.4155002 1.5657599E-15
 2.4160001 1.650431E-15
 2.4165 1.685962E-15
 2.417 1.5600885E-15
 2.4175 1.47036E-15
 2.418 1.6255001E-15
 2.4185002 1.5317826E-15
 2.4190001 1.5211799E-15
 2.4195 1.5709162E-15
 2.42 1.4423663E-15
 2.4205 1.4719879E-15
 2.421 1.5812641E-15
 2.4215002 1.5419627E-15
 2.4220002 1.6381865E-15
 2.4225001 1.5092589E-15
 2.423 1.5385307E-15
 2.4235 1.5452547E-15
 2.424 1.5576408E-15
 2.4245 1.5150217E-15
 2.4250002 1.6079297E-15
 2.4255002 1.6053236E-15
 2.426 1.5277771E-15
 2.4265 1.4897037E-15
 2.427 1.427745E-15
 2.4275 1.3451884E-15
 2.4280002 1.508556E-15
 2.4285002 1.469881E-15
 2.4290001 1.4676166E-15
 2.4295 1.5387849E-15
 2.43 1.5772362E-15
 2.4305 1.6318118E-15
 2.431 1.5353044E-15
 2.4315002 1.4725009E-15
 2.4320002 1.4861817E-15
 2.4325001 1.5326724E-15
 2.433 1.6299416E-15
 2.4335 1.5607162E-15
 2.434 1.4830921E-15
 2.4345002 1.4673536E-15
 2.4350002 1.4708645E-15
 2.4355001 1.4073403E-15
 2.436 1.3011389E-15
 2.4365 1.2405632E-15
 2.437 1.23715E-15
 2.4375 1.4047986E-15
 2.4380002 1.3773589E-15
 2.4385002 1.4832482E-15
 2.4390001 1.6456911E-15
 2.4395 1.7069712E-15
 2.44 1.5862371E-15
 2.4405 1.5206663E-15
 2.441 1.5961332E-15
 2.4415002 1.501531E-15
 2.4420002 1.5522609E-15
 2.4425 1.4425088E-15
 2.443 1.3897201E-15
 2.4435 1.36996E-15
 2.444 1.4563527E-15
 2.4445002 1.5286194E-15
 2.4450002 1.4258512E-15
 2.4455001 1.5014027E-15
 2.446 1.5488297E-15
 2.4465 1.5388241E-15
 2.447 1.582542E-15
 2.4475 1.405357E-15
 2.4480002 1.1923697E-15
 2.4485002 1.3446473E-15
 2.4490001 1.418888E-15
 2.4495 1.4534315E-15
 2.45 1.4529873E-15
 2.4505 1.4541941E-15
 2.4510002 1.4611706E-15
 2.4515002 1.2750116E-15
 2.4520001 1.1963637E-15
 2.4525 1.3646606E-15
 2.453 1.3248154E-15
 2.4535 1.3482146E-15
 2.454 1.360306E-15
 2.4545002 1.3332854E-15
 2.4550002 1.3949489E-15
 2.4555001 1.2946043E-15
 2.456 1.4063761E-15
 2.4565 1.5135863E-15
 2.457 1.5266507E-15
 2.4575 1.4210022E-15
 2.4580002 1.5297672E-15
 2.4585001 0.
 2.459 0.
 2.4595 0.
 2.46 0.
 2.4605 0.
 2.4610002 0.
 2.4615002 0.
 2.4620001 0.
 2.4625 0.
 2.463 0.
 2.4635 0.
 2.464 0.
 2.4645002 0.
 2.4650002 0.
 2.4655 0.
 2.466 0.
 2.4665 0.
 2.467 0.
 2.4675002 0.
 2.4680002 0.
 2.4685001 0.
 2.469 0.
 2.4695 0.
 2.47 0.
 2.4705 0.
 2.4710002 0.
 2.4715002 0.
 2.4720001 0.
 2.4725 0.
 2.473 0.
 2.4735 0.
 2.4740002 0.
 2.4745002 0.
 2.4750001 0.
 2.4755 0.
 2.476 0.
 2.4765 0.
 2.477 0.
 2.4775002 0.
 2.4780002 0.
 2.4785001 0.
 2.479 0.
 2.4795 0.
 2.48 0.
 2.4805 0.
 2.4810002 0.
 2.4815001 0.
 2.482 0.
 2.4825 0.
 2.483 0.
 2.4835 0.
 2.4840002 0.
 2.4845002 0.
 2.4850001 0.
 2.4855 0.
 2.486 0.
 2.4865 0.
 2.487 0.
 2.4875002 0.
 2.4880002 0.
 2.4885 0.
 2.489 0.
 2.4895 0.
 2.49 0.
 2.4905002 0.
 2.4910002 0.
 2.4915001 0.
 2.492 0.
 2.4925 0.
 2.493 0.
