 1.1601 1.9111379594131978E-17
 1.160245 1.9524679280138767E-17
 1.16039 2.0384418943943935E-17
 1.160535 2.1733663152662086E-17
 1.16068 2.3416120975240926E-17
 1.160825 2.5145413477431248E-17
 1.16097 2.6647019415612876E-17
 1.161115 2.779082865208866E-17
 1.16126 2.8640510817495104E-17
 1.161405 2.939607718381472E-17
 1.16155 3.026861143150394E-17
 1.161695 3.1364177939415455E-17
 1.16184 3.2642650332953526E-17
 1.161985 3.39639464900121E-17
 1.16213 3.51777191091202E-17
 1.162275 3.619495816587752E-17
 1.16242 3.7008267996306705E-17
 1.162565 3.767036539064645E-17
 1.16271 3.82582209655864E-17
 1.162855 3.883978654734073E-17
 1.163 3.9448085569367746E-17
 1.163145 4.006732048625955E-17
 1.16329 4.0639883782496437E-17
 1.163435 4.109223736620078E-17
 1.16358 4.1360725637611273E-17
 1.163725 4.139672972069066E-17
 1.16387 4.115215998553547E-17
 1.164015 4.057023512317462E-17
 1.16416 3.960804412586741E-17
 1.164305 3.8290875594999557E-17
 1.16445 3.6764601758030727E-17
 1.164595 3.5297927956299506E-17
 1.16474 3.420706512511275E-17
 1.164885 3.3722193577979175E-17
 1.16503 3.3861277372071864E-17
 1.165175 3.438960326623918E-17
 1.16532 3.490745290707221E-17
 1.165465 3.5035707660708717E-17
 1.16561 3.460281029969045E-17
 1.165755 3.3724178953010693E-17
 1.1659 3.272673253249418E-17
 1.166045 3.197110013384334E-17
 1.16619 3.1689800411262257E-17
 1.166335 3.1935601826860797E-17
 1.16648 3.2642892592582955E-17
 1.166625 3.372116865714852E-17
 1.16677 3.509434265528392E-17
 1.166915 3.66657922098464E-17
 1.16706 3.826048428910852E-17
 1.167205 3.961164368135494E-17
 1.16735 4.041652400946032E-17
 1.167495 4.0429661500411763E-17
 1.16764 3.9539114799049286E-17
 1.167785 3.778989426430478E-17
 1.16793 3.535584185504058E-17
 1.168075 3.2487317743139936E-17
 1.16822 2.946130311469734E-17
 1.168365 2.6542959531122275E-17
 1.16851 2.3952602051597366E-17
 1.168655 2.183621162837706E-17
 1.1688 2.0253416354720762E-17
 1.168945 1.920125393616816E-17
 1.16909 1.867039780778471E-17
 1.169235 1.8698705030600472E-17
 1.16938 1.9376274160998648E-17
 1.169525 2.0785614650987168E-17
 1.16967 2.2909348357311432E-17
 1.169815 2.5566679287880872E-17
 1.16996 2.84239324636543E-17
 1.170105 3.107871708799155E-17
 1.17025 3.317600294416663E-17
 1.170395 3.4502182739477754E-17
 1.17054 3.502099827558365E-17
 1.170685 3.4846692166518894E-17
 1.17083 3.417812742214758E-17
 1.170975 3.323078662213227E-17
 1.17112 3.2196702246814464E-17
 1.171265 3.124104385220457E-17
 1.17141 3.052219462364671E-17
 1.171555 3.021028453288249E-17
 1.1717 3.048142893336578E-17
 1.171845 3.148024212470923E-17
 1.17199 3.326419027902013E-17
 1.172135 3.57590178160178E-17
 1.17228 3.8752015853023944E-17
 1.172425 4.1930424545795376E-17
 1.17257 4.494855719108639E-17
 1.172715 4.7495746798509714E-17
 1.17286 4.934312457729122E-17
 1.173005 5.036142990878632E-17
 1.17315 5.0515684339366105E-17
 1.173295 4.984976349306491E-17
 1.17344 4.8474252555784484E-17
 1.173585 4.6563888421583827E-17
 1.17373 4.435819590385794E-17
 1.173875 4.2148732143900895E-17
 1.17402 4.023586806604048E-17
 1.174165 3.885330565331731E-17
 1.17431 3.8084942954511386E-17
 1.174455 3.781953291624485E-17
 1.1746 3.778048017035666E-17
 1.174745 3.7627591131456106E-17
 1.17489 3.708070021988734E-17
 1.175035 3.6004812556832093E-17
 1.17518 3.442990946145173E-17
 1.175325 3.2523248942466164E-17
 1.17547 3.054494566372984E-17
 1.175615 2.8798299513648213E-17
 1.17576 2.756882907693616E-17
 1.175905 2.7054288475242293E-17
 1.17605 2.730673054286302E-17
 1.176195 2.820914311811583E-17
 1.17634 2.949099913626975E-17
 1.176485 3.077254339479685E-17
 1.17663 3.1631482287726196E-17
 1.176775 3.1693242454631265E-17
 1.17692 3.0736864431744354E-17
 1.177065 2.878563544599014E-17
 1.17721 2.6139069797365776E-17
 1.177355 2.3318033252655566E-17
 1.1775 2.0931556747386217E-17
 1.177645 1.9510218274658644E-17
 1.17779 1.9366074860005988E-17
 1.177935 2.0526642484129957E-17
 1.17808 2.275842828273378E-17
 1.178225 2.5657750327424693E-17
 1.17837 2.876544941266173E-17
 1.178515 3.166622848114258E-17
 1.17866 3.405585518860886E-17
 1.178805 3.5778616403637183E-17
 1.17895 3.6838224888674196E-17
 1.179095 3.737571364474651E-17
 1.17924 3.7607888491569156E-17
 1.179385 3.7739350559409406E-17
 1.17953 3.788595318546276E-17
 1.179675 3.8050342170225595E-17
 1.17982 3.8162646909074414E-17
 1.179965 3.8157362081727404E-17
 1.18011 3.8033861728636023E-17
 1.180255 3.7858158769667885E-17
 1.1804 3.770315893377097E-17
 1.180545 3.756792770257311E-17
 1.18069 3.7336399912021537E-17
 1.180835 3.681618848031395E-17
 1.18098 3.584675302788121E-17
 1.181125 3.4416763539151054E-17
 1.18127 3.2718767529446075E-17
 1.181415 3.110529019542734E-17
 1.18156 2.9968655167092824E-17
 1.181705 2.96071775130975E-17
 1.18185 3.013868332657865E-17
 1.181995 3.1487162365300226E-17
 1.18214 3.3427546981643887E-17
 1.182285 3.5653688188096305E-17
 1.18243 3.7840905517305793E-17
 1.182575 3.969374923772275E-17
 1.18272 4.0982280766146394E-17
 1.182865 4.156936500419534E-17
 1.18301 4.1425299828294986E-17
 1.183155 4.062667049039629E-17
 1.1833 3.934403951807143E-17
 1.183445 3.7826001559169875E-17
 1.18359 3.637765573662532E-17
 1.183735 3.5321633081356747E-17
 1.18388 3.493319142023565E-17
 1.184025 3.536220813807087E-17
 1.18417 3.657474459630564E-17
 1.184315 3.834695340937108E-17
 1.18446 4.032204252034665E-17
 1.184605 4.211028086947425E-17
 1.18475 4.339302224803588E-17
 1.184895 4.3992424305256816E-17
 1.18504 4.388849481182656E-17
 1.185185 4.3192326969942934E-17
 1.18533 4.210319932931328E-17
 1.185475 4.0874172915721315E-17
 1.18562 3.978760222359225E-17
 1.185765 3.9119838655608176E-17
 1.18591 3.9075470769756926E-17
 1.186055 3.970221951445054E-17
 1.1862 4.083242247054623E-17
 1.186345 4.2104660618852655E-17
 1.18649 4.3082325237103475E-17
 1.186635 4.3425334293645483E-17
 1.18678 4.3028164801235984E-17
 1.186925 4.2044781912826826E-17
 1.18707 4.078113265463239E-17
 1.187215 3.9512648462379574E-17
 1.18736 3.833007168627012E-17
 1.187505 3.709811122191055E-17
 1.18765 3.554341843956115E-17
 1.187795 3.341650315005794E-17
 1.18794 3.064224085546343E-17
 1.188085 2.7393361891859078E-17
 1.18823 2.4066281916465573E-17
 1.188375 2.117726445267342E-17
 1.18852 1.922002964554251E-17
 1.188665 1.8532994465215528E-17
 1.18881 1.9219183052704997E-17
 1.188955 2.1142017275155352E-17
 1.1891 2.399019040302727E-17
 1.189245 2.737847223709914E-17
 1.18939 3.0941229343448754E-17
 1.189535 3.438812991388842E-17
 1.18968 3.7514580252948754E-17
 1.189825 4.018162734751226E-17
 1.18997 4.2289007888075376E-17
 1.190115 4.3762933053794256E-17
 1.19026 4.456744788204457E-17
 1.190405 4.473182702994953E-17
 1.19055 4.437217713504837E-17
 1.190695 4.3683226652279385E-17
 1.19084 4.289015415402492E-17
 1.190985 4.217453487220872E-17
 1.19113 4.160747442634254E-17
 1.191275 4.112765415387214E-17
 1.19142 4.058519746097528E-17
 1.191565 3.984030773429839E-17
 1.19171 3.887045039987844E-17
 1.191855 3.7824307549465374E-17
 1.192 3.698047389830609E-17
 1.192145 3.662111067715366E-17
 1.19229 3.688446893020621E-17
 1.192435 3.767708212562223E-17
 1.19258 3.8694839237636887E-17
 1.192725 3.954164532890294E-17
 1.19287 3.9885886733860656E-17
 1.193015 3.958268678228672E-17
 1.19316 3.8713141305650463E-17
 1.193305 3.753260197684162E-17
 1.19345 3.6357615027207226E-17
 1.193595 3.544394325114605E-17
 1.19374 3.4908789683932246E-17
 1.193885 3.472623796316738E-17
 1.19403 3.478601077858542E-17
 1.194175 3.497196857971448E-17
 1.19432 3.5210347860631395E-17
 1.194465 3.5464522574997123E-17
 1.19461 3.569542020227661E-17
 1.194755 3.583262228510389E-17
 1.1949 3.5790450982233803E-17
 1.195045 3.552383860171132E-17
 1.19519 3.508253845958958E-17
 1.195335 3.461871915398786E-17
 1.19548 3.4335499526621276E-17
 1.195625 3.4405046945953483E-17
 1.19577 3.490259163215879E-17
 1.195915 3.578635450830994E-17
 1.19606 3.6921157176076566E-17
 1.196205 3.812385212997925E-17
 1.19635 3.921196001555155E-17
 1.196495 4.0048754794791494E-17
 1.19664 4.057995885844843E-17
 1.196785 4.084762681875108E-17
 1.19693 4.09631475140121E-17
 1.197075 4.1039669898107966E-17
 1.19722 4.111407554132773E-17
 1.197365 4.1103487970539777E-17
 1.19751 4.082354884911314E-17
 1.197655 4.0058844569860775E-17
 1.1978 3.865002612036727E-17
 1.197945 3.656255696488229E-17
 1.19809 3.391940676618271E-17
 1.198235 3.0994214192218955E-17
 1.19838 2.816635775938159E-17
 1.198525 2.5842347375483592E-17
 1.19867 2.4355702831370816E-17
 1.198815 2.3869438885248547E-17
 1.19896 2.4314451975692422E-17
 1.199105 2.5393655684622738E-17
 1.19925 2.666447498583123E-17
 1.199395 2.768170327772641E-17
 1.19954 2.8151850504097093E-17
 1.199685 2.803595835402208E-17
 1.19983 2.7553516861523073E-17
 1.199975 2.7083717838299107E-17
 1.20012 2.7009166904581664E-17
 1.200265 2.7572029694812302E-17
 1.20041 2.879945219064133E-17
 1.200555 3.051498148261102E-17
 1.2007 3.2415249075392604E-17
 1.200845 3.4174084825624565E-17
 1.20099 3.553819689851808E-17
 1.201135 3.638665409733266E-17
 1.20128 3.6736205169109954E-17
 1.201425 3.669157947922897E-17
 1.20157 3.636484899895364E-17
 1.201715 3.58061020589924E-17
 1.20186 3.4982970603254043E-17
 1.202005 3.3817568662619185E-17
 1.20215 3.225492690330455E-17
 1.202295 3.031866973486388E-17
 1.20244 2.811944529297133E-17
 1.202585 2.581290526557342E-17
 1.20273 2.3538955457876933E-17
 1.202875 2.1389069339456115E-17
 1.20302 1.9428041239887392E-17
 1.203165 1.774930230678614E-17
 1.20331 1.650703867461375E-17
 1.203455 1.5878800858886383E-17
 1.2036 1.5969947111011015E-17
 1.203745 1.6728270323566507E-17
 1.20389 1.7941144380351862E-17
 1.204035 1.9328914926955683E-17
 1.20418 2.0674807968674808E-17
 1.204325 2.1904367584431575E-17
 1.20447 2.3067872090067283E-17
 1.204615 2.42509850942344E-17
 1.20476 2.5485588328421237E-17
 1.204905 2.672193542101574E-17
 1.20505 2.7869394644324405E-17
 1.205195 2.8860757291378956E-17
 1.20534 2.968140954516079E-17
 1.205485 3.034039432021773E-17
 1.20563 3.0812983078848365E-17
 1.205775 3.1010204087204625E-17
 1.20592 3.080885790469243E-17
 1.206065 3.0125667261091096E-17
 1.20621 2.8985477962903356E-17
 1.206355 2.754147194351364E-17
 1.2065 2.6041207763847846E-17
 1.206645 2.4762859278054554E-17
 1.20679 2.3951992859276775E-17
 1.206935 2.3775098727592147E-17
 1.20708 2.4290480894874972E-17
 1.207225 2.5433985001199514E-17
 1.20737 2.702120596347721E-17
 1.207515 2.877378330304927E-17
 1.20766 3.037333450155746E-17
 1.207805 3.1535374202696044E-17
 1.20795 3.208131698569001E-17
 1.208095 3.197976879871613E-17
 1.20824 3.133595141942821E-17
 1.208385 3.0331055390408876E-17
 1.20853 2.914201011886117E-17
 1.208675 2.7885449912793105E-17
 1.20882 2.6614950140956953E-17
 1.208965 2.5364934737740896E-17
 1.20911 2.4206319804847605E-17
 1.209255 2.3277217459921565E-17
 1.2094 2.2772020166384654E-17
 1.209545 2.2894147327027048E-17
 1.20969 2.3788746360687633E-17
 1.209835 2.5476128160386067E-17
 1.20998 2.7809731034830726E-17
 1.210125 3.0481359340547634E-17
 1.21027 3.308118118757914E-17
 1.210415 3.519521209409106E-17
 1.21056 3.650471370636609E-17
 1.210705 3.685388500043338E-17
 1.21085 3.6270169543238685E-17
 1.210995 3.4938877561356984E-17
 1.21114 3.314152733920015E-17
 1.211285 3.117131641997032E-17
 1.21143 2.924856166700762E-17
 1.211575 2.74710810085182E-17
 1.21172 2.5830720904405142E-17
 1.211865 2.4295206926558844E-17
 1.21201 2.2907899059445723E-17
 1.212155 2.1833846976817602E-17
 1.2123 2.130784469447675E-17
 1.212445 2.1507430977275107E-17
 1.21259 2.2430816729607246E-17
 1.212735 2.3859658209021955E-17
 1.21288 2.5429229472048237E-17
 1.213025 2.6761872643777774E-17
 1.21317 2.7592466758826724E-17
 1.213315 2.783757394409559E-17
 1.21346 2.7599277545448263E-17
 1.213605 2.7118865493579657E-17
 1.21375 2.6698693148231928E-17
 1.213895 2.661181783090223E-17
 1.21404 2.7025783485252912E-17
 1.214185 2.796814262364028E-17
 1.21433 2.9343349717681455E-17
 1.214475 3.0983131391299024E-17
 1.21462 3.269886756585939E-17
 1.214765 3.4313296269065635E-17
 1.21491 3.567157749235725E-17
 1.215055 3.6645599130557735E-17
 1.2152 3.714681912035511E-17
 1.215345 3.71525880586586E-17
 1.21549 3.673516780356196E-17
 1.215635 3.6071422583360623E-17
 1.21578 3.541314497331771E-17
 1.215925 3.50187181383861E-17
 1.21607 3.507151725980613E-17
 1.216215 3.562165974743248E-17
 1.21636 3.6575655554181054E-17
 1.216505 3.773664541342752E-17
 1.21665 3.887641855523835E-17
 1.216795 3.9809028398207334E-17
 1.21694 4.043626012435956E-17
 1.217085 4.075060459838248E-17
 1.21723 4.0807930830361467E-17
 1.217375 4.0700973942843406E-17
 1.21752 4.055745180201822E-17
 1.217665 4.055386177835799E-17
 1.21781 4.090467268765533E-17
 1.217955 4.1793292052767724E-17
 1.2181 4.326094755382997E-17
 1.218245 4.512314046580729E-17
 1.21839 4.6989008994412885E-17
 1.218535 4.8400058861661896E-17
 1.21868 4.9022153001187936E-17
 1.218825 4.8783838072056075E-17
 1.21897 4.788549555445251E-17
 1.219115 4.6681701093703214E-17
 1.21926 4.550714151570667E-17
 1.219405 4.4535853343465925E-17
 1.21955 4.373398667788832E-17
 1.219695 4.291541100433943E-17
 1.21984 4.1863390511086677E-17
 1.219985 4.0456857024418015E-17
 1.22013 3.8741497462735354E-17
 1.220275 3.69123009934808E-17
 1.22042 3.521877364883741E-17
 1.220565 3.3845105809933757E-17
 1.22071 3.283266243845475E-17
 1.220855 3.208557913880011E-17
 1.221 3.144857993421476E-17
 1.221145 3.080285982263309E-17
 1.22129 3.012190125348798E-17
 1.221435 2.946275476151814E-17
 1.22158 2.891052534292309E-17
 1.221725 2.85128119695773E-17
 1.22187 2.8233782768486235E-17
 1.222015 2.794118740150129E-17
 1.22216 2.7433558324807596E-17
 1.222305 2.651160669307309E-17
 1.22245 2.5082130231021994E-17
 1.222595 2.3253189886816642E-17
 1.22274 2.1361273680865357E-17
 1.222885 1.9891736012602313E-17
 1.22303 1.9311537300216455E-17
 1.223175 1.988989025720168E-17
 1.22332 2.1594799016633438E-17
 1.223465 2.411114389430369E-17
 1.22361 2.6960539945817113E-17
 1.223755 2.965843750083509E-17
 1.2239 3.184116623977183E-17
 1.224045 3.332534269638589E-17
 1.22419 3.4099381300645064E-17
 1.224335 3.427351953345365E-17
 1.22448 3.4021640114994205E-17
 1.224625 3.353747860825962E-17
 1.22477 3.3009118308671284E-17
 1.224915 3.260170706347207E-17
 1.22506 3.243962802882191E-17
 1.225205 3.259176823695393E-17
 1.22535 3.307175452766023E-17
 1.225495 3.3858285841099254E-17
 1.22564 3.4921201985432775E-17
 1.225785 3.6227215837367477E-17
 1.22593 3.7710152205592294E-17
 1.226075 3.922354668005552E-17
 1.22622 4.052027028748152E-17
 1.226365 4.1298667289471205E-17
 1.22651 4.131319536078992E-17
 1.226655 4.0499130679018293E-17
 1.2268 3.90412078854566E-17
 1.226945 3.733999019884787E-17
 1.22709 3.5880144834785183E-17
 1.227235 3.5053055248670894E-17
 1.22738 3.5008582030412055E-17
 1.227525 3.560085288596875E-17
 1.22767 3.645550064255863E-17
 1.227815 3.71351235094741E-17
 1.22796 3.733523683206003E-17
 1.228105 3.7025223167241324E-17
 1.22825 3.6467894447719985E-17
 1.228395 3.6102735743021435E-17
 1.22854 3.634048150415074E-17
 1.228685 3.7361186773915475E-17
 1.22883 3.9009843247437685E-17
 1.228975 4.083757974942521E-17
 1.22912 4.2265565614711064E-17
 1.229265 4.279311351556188E-17
 1.22941 4.216080484068357E-17
 1.229555 4.0413926241635075E-17
 1.2297 3.7862812323335185E-17
 1.229845 3.497464351760283E-17
 1.22999 3.224201828032202E-17
 1.230135 3.006661501361099E-17
 1.23028 2.8683251113649865E-17
 1.230425 2.813865688558124E-17
 1.23057 2.832457028949031E-17
 1.230715 2.904629518840638E-17
 1.23086 3.0094175304176056E-17
 1.231005 3.128991317722106E-17
 1.23115 3.2502100610160006E-17
 1.231295 3.3645369857811794E-17
 1.23144 3.4678306409839194E-17
 1.231585 3.5598829443495396E-17
 1.23173 3.6426038096769244E-17
 1.231875 3.7169055924946615E-17
 1.23202 3.7803586644150987E-17
 1.232165 3.827876653847073E-17
 1.23231 3.855280253452705E-17
 1.232455 3.862818650173151E-17
 1.2326 3.85557298563117E-17
 1.232745 3.840468938470305E-17
 1.23289 3.8226016461620027E-17
 1.233035 3.8038076023611963E-17
 1.23318 3.784101402753345E-17
 1.233325 3.7642371028670625E-17
 1.23347 3.747295926283117E-17
 1.233615 3.7384828041077917E-17
 1.23376 3.7434866811909306E-17
 1.233905 3.765951790860995E-17
 1.23405 3.804521919459949E-17
 1.234195 3.850436592058268E-17
 1.23434 3.887551376210411E-17
 1.234485 3.8964917436763934E-17
 1.23463 3.862571189692291E-17
 1.234775 3.783996507577042E-17
 1.23492 3.675385939193077E-17
 1.235065 3.563618825650051E-17
 1.23521 3.477626355749051E-17
 1.235355 3.437473276132928E-17
 1.2355 3.448130719599299E-17
 1.235645 3.500011614565235E-17
 1.23579 3.5746141601092505E-17
 1.235935 3.6519348921385634E-17
 1.23608 3.716928670200818E-17
 1.236225 3.7635869835545475E-17
 1.23637 3.795963564689846E-17
 1.236515 3.825840468673222E-17
 1.23666 3.8673824164973016E-17
 1.236805 3.930388100133172E-17
 1.23695 4.0149327482945025E-17
 1.237095 4.110227179498611E-17
 1.23724 4.1986950467847796E-17
 1.237385 4.263513159478397E-17
 1.23753 4.295772990978943E-17
 1.237675 4.297649769087387E-17
 1.23782 4.280128160620437E-17
 1.237965 4.256666255547063E-17
 1.23811 4.2360163212619774E-17
 1.238255 4.217714804300327E-17
 1.2384 4.192670115935732E-17
 1.238545 4.149015797805907E-17
 1.23869 4.080548902033642E-17
 1.238835 3.9930660468931414E-17
 1.23898 3.9044095716134744E-17
 1.239125 3.837438451755277E-17
 1.23927 3.809531844925991E-17
 1.239415 3.8246009303284066E-17
 1.23956 3.8721484406552884E-17
 1.239705 3.933698710481909E-17
 1.23985 3.9926642166896096E-17
 1.239995 4.041967894532332E-17
 1.24014 4.0853667712670275E-17
 1.240285 4.1322847797749753E-17
 1.24043 4.18990352202493E-17
 1.240575 4.257805674740219E-17
 1.24072 4.3285002928223476E-17
 1.240865 4.39267814540333E-17
 1.24101 4.4444786571235737E-17
 1.241155 4.4823599771468314E-17
 1.2413 4.5054438414061367E-17
 1.241445 4.509510363478515E-17
 1.24159 4.4872221233098566E-17
 1.241735 4.4331859348231073E-17
 1.24188 4.349983910481926E-17
 1.242025 4.250434423922645E-17
 1.24217 4.1543599152834106E-17
 1.242315 4.081942105431867E-17
 1.24246 4.04721420154044E-17
 1.242605 4.054129364029588E-17
 1.24275 4.095757320535815E-17
 1.242895 4.1561401970685855E-17
 1.24304 4.21418803303187E-17
 1.243185 4.248995875251406E-17
 1.24333 4.2457356832441995E-17
 1.243475 4.200773068492567E-17
 1.24362 4.124292534023368E-17
 1.243765 4.038946037399295E-17
 1.24391 3.9742144872414477E-17
 1.244055 3.957918175311972E-17
 1.2442 4.007636667861979E-17
 1.244345 4.1248489781221266E-17
 1.24449 4.293559130336805E-17
 1.244635 4.483861901337159E-17
 1.24478 4.659791712360439E-17
 1.244925 4.7894123275504064E-17
 1.24507 4.8537468667140234E-17
 1.245215 4.850749213498007E-17
 1.24536 4.792406400617401E-17
 1.245505 4.696760040507015E-17
 1.24565 4.579695852372634E-17
 1.245795 4.4512609248063646E-17
 1.24594 4.3178047589619357E-17
 1.246085 4.187052556410382E-17
 1.24623 4.0715162622801454E-17
 1.246375 3.987576120078093E-17
 1.24652 3.9510440503752715E-17
 1.246665 3.9720546975632454E-17
 1.24681 4.051586041879365E-17
 1.246955 4.180239214424146E-17
 1.2471 4.339091879523457E-17
 1.247245 4.5028323624818006E-17
 1.24739 4.645334112162044E-17
 1.247535 4.746443329849287E-17
 1.24768 4.797150854953443E-17
 1.247825 4.800616186452613E-17
 1.24797 4.7689249035875135E-17
 1.248115 4.7179777105504534E-17
 1.24826 4.6631492633238344E-17
 1.248405 4.616665549932093E-17
 1.24855 4.585961850527644E-17
 1.248695 4.5722718222923687E-17
 1.24884 4.569876761715686E-17
 1.248985 4.5671347822409956E-17
 1.24913 4.550169420873653E-17
 1.249275 4.508813948138257E-17
 1.24942 4.443035471945519E-17
 1.249565 4.3668318512953045E-17
 1.24971 4.3066478436819326E-17
 1.249855 4.293240007742955E-17
 1.25 4.3493766300059244E-17
 1.250145 4.4786761111148667E-17
 1.25029 4.661071750100028E-17
 1.250435 4.857445091377797E-17
 1.25058 5.021672963224516E-17
 1.250725 5.115212840743186E-17
 1.25087 5.1187196578882865E-17
 1.251015 5.036771433160428E-17
 1.25116 4.894497405132478E-17
 1.251305 4.727782276594331E-17
 1.25145 4.570888298284232E-17
 1.251595 4.446112424158344E-17
 1.25174 4.359152773761677E-17
 1.251885 4.301325663152231E-17
 1.25203 4.2567057772993076E-17
 1.252175 4.2101669903415585E-17
 1.25232 4.1525269753754574E-17
 1.252465 4.081366254583678E-17
 1.25261 3.999014502318156E-17
 1.252755 3.910525271151176E-17
 1.2529 3.823566981188066E-17
 1.253045 3.749892975003839E-17
 1.25319 3.7061962655778584E-17
 1.253335 3.711816354693543E-17
 1.25348 3.782348592233028E-17
 1.253625 3.9211059907655234E-17
 1.25377 4.112911356876036E-17
 1.253915 4.324856429657266E-17
 1.25406 4.515446270004945E-17
 1.254205 4.6486191084732845E-17
 1.25435 4.705797599568327E-17
 1.254495 4.6900954699029445E-17
 1.25464 4.6215176363789126E-17
 1.254785 4.5270142727609334E-17
 1.25493 4.431286441500038E-17
 1.255075 4.3521977905640614E-17
 1.25522 4.300722422814009E-17
 1.255365 4.2825416196332865E-17
 1.25551 4.2984567080477634E-17
 1.255655 4.343084843057551E-17
 1.2558 4.403733270648715E-17
 1.255945 4.461968810474309E-17
 1.25609 4.498791127767816E-17
 1.256235 4.501655910059533E-17
 1.25638 4.469867818751007E-17
 1.256525 4.415279082601687E-17
 1.25667 4.357510374430791E-17
 1.256815 4.3156570681620174E-17
 1.25696 4.300250730057715E-17
 1.257105 4.3092860092726135E-17
 1.25725 4.330441520123365E-17
 1.257395 4.3485691336713734E-17
 1.25754 4.354655680702242E-17
 1.257685 4.3512642568625545E-17
 1.25783 4.351223837832691E-17
 1.257975 4.3702607328869056E-17
 1.25812 4.417866024302305E-17
 1.258265 4.491665312200501E-17
 1.25841 4.5783013153569456E-17
 1.258555 4.66008986190244E-17
 1.2587 4.723651398308144E-17
 1.258845 4.7660490216835015E-17
 1.25899 4.795681946661099E-17
 1.259135 4.82814060353215E-17
 1.25928 4.879575274629118E-17
 1.259425 4.960560876927899E-17
 1.25957 5.072205242833973E-17
 1.259715 5.2048309978847735E-17
 1.25986 5.3392302739819997E-17
 1.260005 5.4507684901174706E-17
 1.26015 5.5161439399414344E-17
 1.260295 5.52080647880092E-17
 1.26044 5.4635328280051944E-17
 1.260585 5.3555303390041367E-17
 1.26073 5.214711889421821E-17
 1.260875 5.0589754413856E-17
 1.26102 4.9025430464253445E-17
 1.261165 4.756572012149042E-17
 1.26131 4.6316597745442746E-17
 1.261455 4.5385442374379667E-17
 1.2616 4.4850914385954356E-17
 1.261745 4.470965286467852E-17
 1.26189 4.4838111966133593E-17
 1.262035 4.5006018724484706E-17
 1.26218 4.495083068557243E-17
 1.262325 4.448579226860891E-17
 1.26247 4.358838351997221E-17
 1.262615 4.24194687907925E-17
 1.26276 4.125740474600807E-17
 1.262905 4.03792611655967E-17
 1.26305 3.995281282667463E-17
 1.263195 3.9995146413642855E-17
 1.26334 4.0410522821978593E-17
 1.263485 4.1071820956559335E-17
 1.26363 4.189052057838932E-17
 1.263775 4.283913869500765E-17
 1.26392 4.3926899697665567E-17
 1.264065 4.515539647348835E-17
 1.26421 4.6483049824771595E-17
 1.264355 4.781277891420808E-17
 1.2645 4.9003115166189156E-17
 1.264645 4.9898491316618966E-17
 1.26479 5.0375264358076734E-17
 1.264935 5.03950334093723E-17
 1.26508 5.00440714701487E-17
 1.265225 4.9527300022145063E-17
 1.26537 4.9098808661081674E-17
 1.265515 4.8947858221896774E-17
 1.26566 4.909689234302395E-17
 1.265805 4.937331554116879E-17
 1.26595 4.947970617688541E-17
 1.266095 4.9131205311133084E-17
 1.26624 4.819177182428022E-17
 1.266385 4.674339090161681E-17
 1.26653 4.50589318772956E-17
 1.266675 4.349651804986604E-17
 1.26682 4.236649615515856E-17
 1.266965 4.1828305895771615E-17
 1.26711 4.1855500987688576E-17
 1.267255 4.2275647291011124E-17
 1.2674 4.286084680093182E-17
 1.267545 4.342502866423055E-17
 1.26769 4.3883314470256944E-17
 1.267835 4.4249686518919766E-17
 1.26798 4.4583527470718224E-17
 1.268125 4.4922108675557243E-17
 1.26827 4.523722685694656E-17
 1.268415 4.5432855743013483E-17
 1.26856 4.537640540758779E-17
 1.268705 4.4948589143138505E-17
 1.26885 4.4098779703700925E-17
 1.268995 4.2891501566708875E-17
 1.26914 4.152097617341626E-17
 1.269285 4.0272194943315504E-17
 1.26943 3.943081432800499E-17
 1.269575 3.9179675780491214E-17
 1.26972 3.953568306250423E-17
 1.269865 4.0358878171671836E-17
 1.27001 4.142147793055104E-17
 1.270155 4.249333126875882E-17
 1.2703 4.3402714315963133E-17
 1.270445 4.405867666060993E-17
 1.27059 4.44455994383032E-17
 1.270735 4.4605943389372597E-17
 1.27088 4.4618907737621536E-17
 1.271025 4.4576359594415224E-17
 1.27117 4.4558366397959973E-17
 1.271315 4.4614186247478884E-17
 1.27146 4.475473917556711E-17
 1.271605 4.4958021423550964E-17
 1.27175 4.5184690611460843E-17
 1.271895 4.5397786391078596E-17
 1.27204 4.5577775796354436E-17
 1.272185 4.572342263407004E-17
 1.27233 4.583441267313855E-17
 1.272475 4.5885248895066236E-17
 1.27262 4.5812441273295583E-17
 1.272765 4.5532604780825385E-17
 1.27291 4.4985976370014576E-17
 1.273055 4.417399766766796E-17
 1.2732 4.3157974192899746E-17
 1.273345 4.2013714474996206E-17
 1.27349 4.0774895874412976E-17
 1.273635 3.941100997805292E-17
 1.27378 3.7863353728313826E-17
 1.273925 3.612016575990954E-17
 1.27407 3.428101527234562E-17
 1.274215 3.2563856170209137E-17
 1.27436 3.124352812322812E-17
 1.274505 3.055255024931127E-17
 1.27465 3.0594938416074994E-17
 1.274795 3.131081149068422E-17
 1.27494 3.2497719905385264E-17
 1.275085 3.386890974551528E-17
 1.27523 3.512287173610865E-17
 1.275375 3.600779215669689E-17
 1.27552 3.6374483945312956E-17
 1.275665 3.6213894222545945E-17
 1.27581 3.5671875693654377E-17
 1.275955 3.5031288705082896E-17
 1.2761 3.465552561883464E-17
 1.276245 3.4898015001136167E-17
 1.27639 3.5998299522285715E-17
 1.276535 3.799844723781162E-17
 1.27668 4.071395135757777E-17
 1.276825 4.3773968135052924E-17
 1.27697 4.6714542973347975E-17
 1.277115 4.908640206784905E-17
 1.27726 5.054048844878831E-17
 1.277405 5.08771495619888E-17
 1.27755 5.006735463348829E-17
 1.277695 4.82595123317251E-17
 1.27784 4.577304493082868E-17
 1.277985 4.3066739384166623E-17
 1.27813 4.0670321389425206E-17
 1.278275 3.908299855648929E-17
 1.27842 3.866206816869891E-17
 1.278565 3.9534384864888715E-17
 1.27871 4.156099431465417E-17
 1.278855 4.436942519678458E-17
 1.279 4.7447318483941913E-17
 1.279145 5.027052634990289E-17
 1.27929 5.2427660969602015E-17
 1.279435 5.370560957403087E-17
 1.27958 5.4116629043327273E-17
 1.279725 5.386797391098791E-17
 1.27987 5.32895236198823E-17
 1.280015 5.2739193445682945E-17
 1.28016 5.250732074023674E-17
 1.280305 5.274345254109158E-17
 1.28045 5.342997503935359E-17
 1.280595 5.441556714279805E-17
 1.28074 5.549758764632655E-17
 1.280885 5.651625447568518E-17
 1.28103 5.741565118275083E-17
 1.281175 5.824380720564046E-17
 1.28132 5.909818108839972E-17
 1.281465 6.005095081932973E-17
 1.28161 6.109414477351327E-17
 1.281755 6.212725609141315E-17
 1.2819 6.298617035739027E-17
 1.282045 6.349562147399134E-17
 1.28219 6.352290656349774E-17
 1.282335 6.301454545524118E-17
 1.28248 6.200637901741084E-17
 1.282625 6.060873746346455E-17
 1.28277 5.897892795189475E-17
 1.282915 5.729621403734099E-17
 1.28306 5.574750656082771E-17
 1.283205 5.451799675262708E-17
 1.28335 5.377268581885528E-17
 1.283495 5.3620176324778826E-17
 1.28364 5.4068626169482444E-17
 1.283785 5.50000003417659E-17
 1.28393 5.61871151040843E-17
 1.284075 5.735641196191042E-17
 1.28422 5.827229257893098E-17
 1.284365 5.88070678572954E-17
 1.28451 5.896916990019204E-17
 1.284655 5.888175183018942E-17
 1.2848 5.872046963275324E-17
 1.284945 5.863002191709353E-17
 1.28509 5.864715502179342E-17
 1.285235 5.86630117392225E-17
 1.28538 5.845037992122635E-17
 1.285525 5.775465736913723E-17
 1.28567 5.641373792798031E-17
 1.285815 5.445336347271639E-17
 1.28596 5.211448874614103E-17
 1.286105 4.980038516758761E-17
 1.28625 4.796200715397057E-17
 1.286395 4.696029984237952E-17
 1.28654 4.695183788902871E-17
 1.286685 4.7841922208937157E-17
 1.28683 4.932914672958175E-17
 1.286975 5.1025835937720775E-17
 1.28712 5.2597762120626125E-17
 1.287265 5.3854025331970805E-17
 1.28741 5.47502527147032E-17
 1.287555 5.5324080799689035E-17
 1.2877 5.562039955190939E-17
 1.287845 5.565780033687177E-17
 1.28799 5.544792300123767E-17
 1.288135 5.5039559936653467E-17
 1.28828 5.4547336101188834E-17
 1.288425 5.414071731205429E-17
 1.28857 5.3995452876493187E-17
 1.288715 5.4227624353358407E-17
 1.28886 5.483610037085941E-17
 1.289005 5.567590979425065E-17
 1.28915 5.647538313657598E-17
 1.289295 5.689630374507574E-17
 1.28944 5.662091933519741E-17
 1.289585 5.5440153955455234E-17
 1.28973 5.331897476644974E-17
 1.289875 5.0423198931361413E-17
 1.29002 4.7100664453362534E-17
 1.290165 4.3814002285392305E-17
 1.29031 4.103216934767404E-17
 1.290455 3.910742802732247E-17
 1.2906 3.8185106317513493E-17
 1.290745 3.8189184726389255E-17
 1.29089 3.8889007600820203E-17
 1.291035 4.000485591320165E-17
 1.29118 4.129265341011721E-17
 1.291325 4.2574813834581355E-17
 1.29147 4.37301788528322E-17
 1.291615 4.4678984646821276E-17
 1.29176 4.538617780617758E-17
 1.291905 4.587715669551019E-17
 1.29205 4.624263163597667E-17
 1.292195 4.661529766005764E-17
 1.29234 4.7120269572859205E-17
 1.292485 4.7819104656085513E-17
 1.29263 4.867483841306506E-17
 1.292775 4.955820157266678E-17
 1.29292 5.0296243738381863E-17
 1.293065 5.074105637321696E-17
 1.29321 5.08219597124062E-17
 1.293355 5.0554930845901665E-17
 1.2935 5.0011808149306E-17
 1.293645 4.9279528787997866E-17
 1.29379 4.844250828478443E-17
 1.293935 4.759611564617536E-17
 1.29408 4.686843530800152E-17
 1.294225 4.6417500362483267E-17
 1.29437 4.638958571630472E-17
 1.294515 4.685634522451596E-17
 1.29466 4.77686285989849E-17
 1.294805 4.895913263007217E-17
 1.29495 5.019811656892711E-17
 1.295095 5.127465715606618E-17
 1.29524 5.206206975108252E-17
 1.295385 5.2538748057113696E-17
 1.29553 5.2764265190921856E-17
 1.295675 5.283339421568461E-17
 1.29582 5.283451909310096E-17
 1.295965 5.282554973289722E-17
 1.29611 5.2825868791266495E-17
 1.296255 5.281855854734207E-17
 1.2964 5.276262684724713E-17
 1.296545 5.261908611461666E-17
 1.29669 5.238858279821494E-17
 1.296835 5.2142619313262456E-17
 1.29698 5.2021547530272036E-17
 1.297125 5.218524949464554E-17
 1.29727 5.2734313662876515E-17
 1.297415 5.3646356525428804E-17
 1.29756 5.476781762992577E-17
 1.297705 5.586552138246814E-17
 1.29785 5.670425529435307E-17
 1.297995 5.710910909985559E-17
 1.29814 5.699527048850673E-17
 1.298285 5.637507934621881E-17
 1.29843 5.5355756111601714E-17
 1.298575 5.41261423629976E-17
 1.29872 5.292197835150837E-17
 1.298865 5.197157099920219E-17
 1.29901 5.144117458961334E-17
 1.299155 5.140163517862203E-17
 1.2993 5.182271667879926E-17
 1.299445 5.2587558451909614E-17
 1.29959 5.352013974137238E-17
 1.299735 5.442445459342535E-17
 1.29988 5.5130794411982946E-17
 1.300025 5.553345994381463E-17
 1.30017 5.560086001272647E-17
 1.300315 5.5354566119009585E-17
 1.30046 5.483610909602018E-17
 1.300605 5.4088173602202925E-17
 1.30075 5.316049989485382E-17
 1.300895 5.2124423294391106E-17
 1.30104 5.106975612695685E-17
 1.301185 5.007444613346437E-17
 1.30133 4.916655661986381E-17
 1.301475 4.8311383144347276E-17
 1.30162 4.744049401317967E-17
 1.301765 4.650832551907796E-17
 1.30191 4.55421816584028E-17
 1.302055 4.465711963615701E-17
 1.3022 4.4028770258025743E-17
 1.302345 4.383598356907475E-17
 1.30249 4.41941032736017E-17
 1.302635 4.5101649816804947E-17
 1.30278 4.642192586204744E-17
 1.302925 4.79121267512959E-17
 1.30307 4.9293360850061986E-17
 1.303215 5.033403373787274E-17
 1.30336 5.091179270924236E-17
 1.303505 5.1031738830214435E-17
 1.30365 5.0802827550155786E-17
 1.303795 5.039206859621928E-17
 1.30394 4.997801571808998E-17
 1.304085 4.9714790724188337E-17
 1.30423 4.970741932226096E-17
 1.304375 4.999681150302306E-17
 1.30452 5.0555663200704837E-17
 1.304665 5.129858201776927E-17
 1.30481 5.210605873139404E-17
 1.304955 5.285494994537829E-17
 1.3051 5.3445392135243206E-17
 1.305245 5.3818571865910027E-17
 1.30539 5.396657743107639E-17
 1.305535 5.393601657157187E-17
 1.30568 5.3819762644616765E-17
 1.305825 5.3729052650225085E-17
 1.30597 5.375010412323434E-17
 1.306115 5.390831379700322E-17
 1.30626 5.41660677284319E-17
 1.306405 5.445906311463846E-17
 1.30655 5.4744626767067856E-17
 1.306695 5.50239865509064E-17
 1.30684 5.5319557787197124E-17
 1.306985 5.562333471825369E-17
 1.30713 5.5854881582318E-17
 1.307275 5.586044722939091E-17
 1.30742 5.545808749981456E-17
 1.307565 5.450782271945053E-17
 1.30771 5.2975052867035714E-17
 1.307855 5.096045599098196E-17
 1.308 4.868282502526816E-17
 1.308145 4.6421783799352035E-17
 1.30829 4.4446985463568115E-17
 1.308435 4.296805206581545E-17
 1.30858 4.212230139882156E-17
 1.308725 4.198534582274084E-17
 1.30887 4.2570850001942677E-17
 1.309015 4.380266350749112E-17
 1.30916 4.548201803253234E-17
 1.309305 4.7295621409623304E-17
 1.30945 4.889012682727792E-17
 1.309595 4.998985418401432E-17
 1.30974 5.0497985413030314E-17
 1.309885 5.052572671384467E-17
 1.31003 5.033315151261196E-17
 1.310175 5.0210189096660145E-17
 1.31032 5.035222001286018E-17
 1.310465 5.078377323174219E-17
 1.31061 5.136118724354827E-17
 1.310755 5.1849985211294375E-17
 1.3109 5.2039621332142414E-17
 1.311045 5.1841013748728064E-17
 1.31119 5.1322475483289877E-17
 1.311335 5.0670023008737225E-17
 1.31148 5.009525921583433E-17
 1.311625 4.9738795866619846E-17
 1.31177 4.9617689503618886E-17
 1.311915 4.964016097894964E-17
 1.31206 4.967255493813746E-17
 1.312205 4.9614414763252144E-17
 1.31235 4.9439208632511546E-17
 1.312495 4.918756534935093E-17
 1.31264 4.893204241535649E-17
 1.312785 4.874210132475578E-17
 1.31293 4.866387064096339E-17
 1.313075 4.8713155013954234E-17
 1.31322 4.8877880311152636E-17
 1.313365 4.9131806151131395E-17
 1.31351 4.9457737599839383E-17
 1.313655 4.986483800674955E-17
 1.3138 5.03790786456626E-17
 1.313945 5.1002826544740534E-17
 1.31409 5.16678101482523E-17
 1.314235 5.221790880373567E-17
 1.31438 5.2441167093146955E-17
 1.314525 5.213868417137465E-17
 1.31467 5.1196912703182854E-17
 1.314815 4.9633217826512344E-17
 1.31496 4.760365557215837E-17
 1.315105 4.5377340398746134E-17
 1.31525 4.328527895467113E-17
 1.315395 4.164928483374826E-17
 1.31554 4.070142273585712E-17
 1.315685 4.0518136803955636E-17
 1.31583 4.1000290210651035E-17
 1.315975 4.191741206047628E-17
 1.31612 4.300210655592687E-17
 1.316265 4.405158470107761E-17
 1.31641 4.498944309196636E-17
 1.316555 4.5864701965078466E-17
 1.3167 4.6797403978267346E-17
 1.316845 4.79012444012982E-17
 1.31699 4.9215076759739435E-17
 1.317135 5.06661390689325E-17
 1.31728 5.207560135586211E-17
 1.317425 5.320459563219781E-17
 1.31757 5.3826879814193464E-17
 1.317715 5.3804448852580724E-17
 1.31786 5.313940025023587E-17
 1.318005 5.1981350593245476E-17
 1.31815 5.0584412567497744E-17
 1.318295 4.9226562649161435E-17
 1.31844 4.812088039207385E-17
 1.318585 4.735293121186876E-17
 1.31873 4.686829855040654E-17
 1.318875 4.6511843710388155E-17
 1.31902 4.609841197276647E-17
 1.319165 4.5482568093268774E-17
 1.31931 4.4600316124039737E-17
 1.319455 4.347264514745328E-17
 1.3196 4.21806239716574E-17
 1.319745 4.083311364433858E-17
 1.31989 3.954542471420235E-17
 1.320035 3.843379658888768E-17
 1.32018 3.761593977861144E-17
 1.320325 3.72025680763244E-17
 1.32047 3.7272800324210696E-17
 1.320615 3.784050199184852E-17
 1.32076 3.8830423314372166E-17
 1.320905 4.008250131209746E-17
 1.32105 4.1391051212561334E-17
 1.321195 4.256764604404967E-17
 1.32134 4.3502428174086696E-17
 1.321485 4.419493508774501E-17
 1.32163 4.4736848541719565E-17
 1.321775 4.525105669293477E-17
 1.32192 4.5813757304123015E-17
 1.322065 4.639594513355629E-17
 1.32221 4.685244425483912E-17
 1.322355 4.696523936813244E-17
 1.3225 4.652433644984018E-17
 1.322645 4.541432924723256E-17
 1.32279 4.3674107708296204E-17
 1.322935 4.1507952326421105E-17
 1.32308 3.924386597777476E-17
 1.323225 3.725159810376769E-17
 1.32337 3.58443804802123E-17
 1.323515 3.519462455827935E-17
 1.32366 3.5292303464735245E-17
 1.323805 3.5963102980709364E-17
 1.32395 3.694029310427265E-17
 1.324095 3.796056210577262E-17
 1.32424 3.8842387204357484E-17
 1.324385 3.951547069335587E-17
 1.32453 3.9995513468393547E-17
 1.324675 4.0325441768732894E-17
 1.32482 4.051920136669749E-17
 1.324965 4.0540517085962996E-17
 1.32511 4.032815022975373E-17
 1.325255 3.9851887081037793E-17
 1.3254 3.916351858854349E-17
 1.325545 3.840809459766137E-17
 1.32569 3.778352393888652E-17
 1.325835 3.746728022946473E-17
 1.32598 3.7547084554031985E-17
 1.326125 3.7987094998836456E-17
 1.32627 3.863960209671125E-17
 1.326415 3.929190944535202E-17
 1.32656 3.973084258645111E-17
 1.326705 3.98085309088293E-17
 1.32685 3.9493946058638196E-17
 1.326995 3.8890722069825903E-17
 1.32714 3.820467154731764E-17
 1.327285 3.766465325900583E-17
 1.32743 3.743021623159711E-17
 1.327575 3.7533692858069454E-17
 1.32772 3.788547707170617E-17
 1.327865 3.833176033263592E-17
 1.32801 3.872638047094247E-17
 1.328155 3.898143123644474E-17
 1.3283 3.908358512510135E-17
 1.328445 3.908214734058554E-17
 1.32859 3.905885422504331E-17
 1.328735 3.9087748622437207E-17
 1.32888 3.919645101660688E-17
 1.329025 3.934520478414613E-17
 1.32917 3.943658785152187E-17
 1.329315 3.9352972674806365E-17
 1.32946 3.900239951456316E-17
 1.329605 3.8351083058880945E-17
 1.32975 3.74336107943026E-17
 1.329895 3.6344907605226816E-17
 1.33004 3.52184664149705E-17
 1.330185 3.418938821791697E-17
 1.33033 3.3342785358679684E-17
 1.330475 3.2665126180642374E-17
 1.33062 3.203021964328233E-17
 1.330765 3.124242819948964E-17
 1.33091 3.012642073034485E-17
 1.331055 2.861882566937067E-17
 1.3312 2.680889285657124E-17
 1.331345 2.4900776834113065E-17
 1.33149 2.311475519041164E-17
 1.331635 2.158249339767594E-17
 1.33178 2.029876728122553E-17
 1.331925 1.915982431071124E-17
 1.33207 1.8063508726856733E-17
 1.332215 1.700592219162701E-17
 1.33236 1.6113163393461204E-17
 1.332505 1.5591051653279977E-17
 1.33265 1.562547436824588E-17
 1.332795 1.6287298759009153E-17
 1.33294 1.748370879357388E-17
 1.333085 1.897150244972253E-17
 1.33323 2.0424824729458354E-17
 1.333375 2.1533923553058217E-17
 1.33352 2.2099013830013576E-17
 1.333665 2.2080918906166243E-17
 1.33381 2.1585325205057157E-17
 1.333955 2.0790812068718942E-17
 1.3341 1.9864731744289257E-17
 1.334245 1.89176570203981E-17
 1.33439 1.801936077855009E-17
 1.334535 1.7252043364955308E-17
 1.33468 1.6748311944229518E-17
 1.334825 1.66727559193633E-17
 1.33497 1.7149915063016026E-17
 1.335115 1.818277327788283E-17
 1.33526 1.9616226299162894E-17
 1.335405 2.1174891639151085E-17
 1.33555 2.2562056464356058E-17
 1.335695 2.357261792897725E-17
 1.33584 2.4163181476675703E-17
 1.335985 2.4443500084212637E-17
 1.33613 2.4594579841418837E-17
 1.336275 2.4758215066088963E-17
 1.33642 2.4956235184662474E-17
 1.336565 2.5077536802899388E-17
 1.33671 2.4933156023715968E-17
 1.336855 2.4349958360046948E-17
 1.337 2.326396974031856E-17
 1.337145 2.1779632937540294E-17
 1.33729 2.017063671704593E-17
 1.337435 1.8813209949041797E-17
 1.33758 1.8067846328936907E-17
 1.337725 1.8153596851166752E-17
 1.33787 1.9070398043119015E-17
 1.338015 2.0605164679581302E-17
 1.33816 2.241448812329031E-17
 1.338305 2.4139655510083103E-17
 1.33845 2.5501248150149553E-17
 1.338595 2.6342566977008195E-17
 1.33874 2.662361207671916E-17
 1.338885 2.63889047553146E-17
 1.33903 2.573314816718776E-17
 1.339175 2.477542427085433E-17
 1.33932 2.3638877243689388E-17
 1.339465 2.2430327879309845E-17
 1.33961 2.1223673865842715E-17
 1.339755 2.0059231860488564E-17
 1.3399 1.8966307606791708E-17
 1.340045 1.7998112412638774E-17
 1.4075 0.
 1.408 0.
 1.4085 0.
 1.409 0.
 1.4095 0.
 1.41 0.
 1.4105 0.
 1.411 0.
 1.4115 0.
 1.412 0.
 1.4125 0.
 1.413 0.
 1.4135 0.
 1.414 0.
 1.4145 0.
 1.415 0.
 1.4155 0.
 1.416 0.
 1.4165 0.
 1.417 0.
 1.4175 0.
 1.418 0.
 1.4185 0.
 1.419 0.
 1.4195 0.
 1.42 0.
 1.4205 0.
 1.421 0.
 1.4215 0.
 1.422 0.
 1.4225 0.
 1.423 0.
 1.4235 0.
 1.424 0.
 1.4245 0.
 1.425 0.
 1.4255 0.
 1.426 0.
 1.4265 0.
 1.427 0.
 1.4275 0.
 1.428 0.
 1.4285 0.
 1.429 0.
 1.4295 0.
 1.43 0.
 1.4305 0.
 1.431 0.
 1.4315 0.
 1.432 0.
 1.4325 0.
 1.433 0.
 1.4335 0.
 1.434 0.
 1.4345 0.
 1.435 0.
 1.4355 0.
 1.436 0.
 1.4365 0.
 1.437 0.
 1.4375 0.
 1.438 0.
 1.4385 0.
 1.439 0.
 1.4395 0.
 1.44 0.
 1.4405 0.
 1.441 0.
 1.4415 0.
 1.442 0.
 1.4425 0.
 1.443 0.
 1.4435 0.
 1.444 0.
 1.4445 0.
 1.445 0.
 1.4455 0.
 1.446 0.
 1.4465 0.
 1.447 0.
 1.4475 0.
 1.448 0.
 1.4485 0.
 1.449 0.
 1.4495 0.
 1.45 0.
 1.4505 0.
 1.451 0.
 1.4515 0.
 1.452 4.3747177E-17
 1.4525 3.4818848E-17
 1.453 4.2020722E-17
 1.4535 3.2864915E-17
 1.454 4.6955334E-17
 1.4545 4.3786276E-17
 1.455 3.368973E-17
 1.4555 3.7651885E-17
 1.456 4.6808602E-17
 1.4565 3.315959E-17
 1.457 2.3976287E-17
 1.4575 3.8399107E-17
 1.458 4.6966733E-17
 1.4585 4.7313586E-17
 1.459 3.529174E-17
 1.4595 5.0655095E-17
 1.46 4.1298372E-17
 1.4605 1.7579118E-17
 1.461 1.8427983E-17
 1.4615 1.6960465E-17
 1.462 3.5741445E-17
 1.4625 4.6026774E-17
 1.463 3.55156E-17
 1.4635 4.3440942E-17
 1.464 4.225309E-17
 1.4645 4.871553E-17
 1.465 5.418721E-17
 1.4655 4.641833E-17
 1.466 3.5371385E-17
 1.4665 3.6722352E-17
 1.467 3.5177265E-17
 1.4675 3.7602893E-17
 1.468 3.337181E-17
 1.4685 3.3445513E-17
 1.469 4.1018758E-17
 1.4695 4.7717333E-17
 1.47 3.470928E-17
 1.4705 3.383895E-17
 1.471 3.162614E-17
 1.4715 2.5837986E-17
 1.472 3.389831E-17
 1.4725 3.3151202E-17
 1.473 3.0213953E-17
 1.4735 3.101191E-17
 1.474 3.2285508E-17
 1.4745 3.8944236E-17
 1.475 3.847133E-17
 1.4755 5.106513E-17
 1.476 3.12896E-17
 1.4765 3.5464628E-17
 1.477 4.261123E-17
 1.4775 3.625765E-17
 1.478 2.647824E-17
 1.4785 3.9425218E-17
 1.479 4.6562764E-17
 1.4795 4.0856006E-17
 1.48 3.53013E-17
 1.4805 3.7098488E-17
 1.481 3.0959646E-17
 1.4815 4.2176364E-17
 1.482 3.60951E-17
 1.4825 4.5263005E-17
 1.483 4.2733987E-17
 1.4835 3.7303407E-17
 1.484 4.3808557E-17
 1.4845 4.6924537E-17
 1.485 5.5236613E-17
 1.4855 5.3722085E-17
 1.486 4.701068E-17
 1.4865 3.4105312E-17
 1.487 4.3550348E-17
 1.4875 5.4125965E-17
 1.488 5.098796E-17
 1.4885 4.2344795E-17
 1.489 3.2314754E-17
 1.4895 2.987425E-17
 1.49 3.2287288E-17
 1.4905 4.604568E-17
 1.491 5.8679544E-17
 1.4915 4.6741147E-17
 1.492 4.9914434E-17
 1.4925 5.1511654E-17
 1.493 4.642013E-17
 1.4935 4.6844684E-17
 1.494 3.556846E-17
 1.4945 3.8997784E-17
 1.495 4.972821E-17
 1.4955 4.6919964E-17
 1.496 5.0118956E-17
 1.4965 5.2017134E-17
 1.497 4.7622247E-17
 1.4975 4.7996235E-17
 1.498 5.1278097E-17
 1.4985 5.3206203E-17
 1.499 4.72839E-17
 1.4995 4.8558794E-17
 1.5 4.794993E-17
 1.5005 5.1375913E-17
 1.501 5.1955466E-17
 1.5015 5.0986887E-17
 1.502 5.597808E-17
 1.5025 4.4009337E-17
 1.503 5.596529E-17
 1.5035 5.3224404E-17
 1.504 4.6078943E-17
 1.5045 4.4702402E-17
 1.505 4.1068303E-17
 1.5055 5.580852E-17
 1.506 4.6272308E-17
 1.5065 3.5477836E-17
 1.507 3.7034176E-17
 1.5075 7.8505316E-17
 1.508 3.5273807E-17
 1.5085 3.9641797E-17
 1.509 5.174871E-17
 1.5095 4.3204993E-17
 1.51 5.662879E-17
 1.5105 4.6435263E-17
 1.511 4.237613E-17
 1.5115 4.1705024E-17
 1.512 4.5602226E-17
 1.5125 4.8245997E-17
 1.513 4.822228E-17
 1.5135 4.887772E-17
 1.514 4.6524787E-17
 1.5145 4.3506037E-17
 1.515 5.494193E-17
 1.5155 5.607287E-17
 1.516 5.4822434E-17
 1.5165 5.4904302E-17
 1.517 4.8388914E-17
 1.5175 5.031263E-17
 1.518 5.393307E-17
 1.5185 3.743421E-17
 1.519 3.2291454E-17
 1.5195 4.268156E-17
 1.52 5.174241E-17
 1.5205 5.9151566E-17
 1.521 5.6350276E-17
 1.5215 5.622813E-17
 1.522 5.176585E-17
 1.5225 5.4218453E-17
 1.523 5.2079113E-17
 1.5235 5.856025E-17
 1.524 5.435212E-17
 1.5245 4.845117E-17
 1.525 4.164435E-17
 1.5255 5.388697E-17
 1.526 6.022813E-17
 1.5265 5.8213014E-17
 1.527 5.673211E-17
 1.5275 5.7861886E-17
 1.528 5.948452E-17
 1.5285 4.8637773E-17
 1.529 6.618812E-17
 1.5295 6.178083E-17
 1.53 6.0488456E-17
 1.5305 5.641487E-17
 1.531 5.802142E-17
 1.5315 5.8336377E-17
 1.532 5.842029E-17
 1.5325 5.2235006E-17
 1.533 3.9776128E-17
 1.5335 4.8822582E-17
 1.534 6.582489E-17
 1.5345 4.8371E-17
 1.535 5.45767E-17
 1.5355 5.913688E-17
 1.536 5.995996E-17
 1.5365 5.25994E-17
 1.537 5.747661E-17
 1.5375 5.684431E-17
 1.538 5.4260477E-17
 1.5385 5.2534684E-17
 1.539 5.6839914E-17
 1.5395 6.598694E-17
 1.54 5.623682E-17
 1.5405 4.875911E-17
 1.541 5.5557626E-17
 1.5415 6.545487E-17
 1.542 5.924754E-17
 1.5425 5.0158846E-17
 1.543 3.8663193E-17
 1.5435 5.2266545E-17
 1.544 4.8401736E-17
 1.5445 6.959672E-17
 1.545 6.2894175E-17
 1.5455 5.697745E-17
 1.546 5.622278E-17
 1.5465 6.170586E-17
 1.547 5.5217985E-17
 1.5475 6.152044E-17
 1.548 6.5907005E-17
 1.5485 6.0869144E-17
 1.549 5.9591666E-17
 1.5495 5.94982E-17
 1.55 5.5142897E-17
 1.5505 5.531826E-17
 1.551 5.4174963E-17
 1.5515 5.694682E-17
 1.552 5.5155748E-17
 1.5525 5.7886715E-17
 1.553 5.1434544E-17
 1.5535 5.4639912E-17
 1.554 5.819611E-17
 1.5545 4.490051E-17
 1.555 5.639618E-17
 1.5555 4.65647E-17
 1.556 6.8336534E-17
 1.5565 6.91488E-17
 1.557 5.187437E-17
 1.5575 5.90178E-17
 1.558 7.057374E-17
 1.5585 5.9346126E-17
 1.559 6.5393074E-17
 1.5595 6.288507E-17
 1.56 5.5142053E-17
 1.5605 5.802478E-17
 1.561 5.0145466E-17
 1.5615 6.29025E-17
 1.562 6.411361E-17
 1.5625 5.347016E-17
 1.563 7.080871E-17
 1.5635 6.032611E-17
 1.564 5.271012E-17
 1.5645 6.954861E-17
 1.565 6.7167324E-17
 1.5655 6.4130274E-17
 1.566 4.7718776E-17
 1.5665 5.3302112E-17
 1.567 6.3534075E-17
 1.5675 6.238635E-17
 1.568 6.797877E-17
 1.5685 6.951771E-17
 1.569 5.96646E-17
 1.5695 5.92385E-17
 1.57 5.589012E-17
 1.5705 6.7080086E-17
 1.571 5.2252794E-17
 1.5715 5.4944198E-17
 1.572 5.933681E-17
 1.5725 6.42223E-17
 1.573 6.227826E-17
 1.5735 5.624335E-17
 1.574 5.940127E-17
 1.5745 7.283649E-17
 1.575 6.749617E-17
 1.5755 6.9223814E-17
 1.576 6.314575E-17
 1.5765 6.4172116E-17
 1.577 6.404697E-17
 1.5775 6.113484E-17
 1.578 6.94306E-17
 1.5785 6.7388016E-17
 1.579 5.373422E-17
 1.5795 5.878178E-17
 1.58 6.904249E-17
 1.5805 6.0742764E-17
 1.581 6.120768E-17
 1.5815 6.1053433E-17
 1.582 5.2220835E-17
 1.5825 6.33124E-17
 1.583 5.2278463E-17
 1.5835 6.307136E-17
 1.584 2.1462225E-17
 1.5845 6.0667074E-17
 1.585 7.240769E-17
 1.5855 5.608421E-17
 1.586 6.011656E-17
 1.5865 5.5244968E-17
 1.587 5.7048774E-17
 1.5875 6.486837E-17
 1.588 5.674577E-17
 1.5885 6.528372E-17
 1.589 7.687488E-17
 1.5895 6.5872555E-17
 1.59 5.856709E-17
 1.5905 6.30864E-17
 1.591 6.088147E-17
 1.5915 6.214691E-17
 1.592 6.462154E-17
 1.5925 6.159338E-17
 1.593 7.070524E-17
 1.5935 6.3596795E-17
 1.594 6.454204E-17
 1.5945 6.208933E-17
 1.595 7.269233E-17
 1.5955 7.602254E-17
 1.596 5.5704956E-17
 1.5965 6.6821873E-17
 1.597 7.137321E-17
 1.5975 4.7970775E-17
 1.598 5.803462E-17
 1.5985 6.796973E-17
 1.599 6.815201E-17
 1.5995 6.660399E-17
 1.6 6.8911444E-17
 1.6005 6.895078E-17
 1.601 6.3676105E-17
 1.6015 6.548426E-17
 1.602 6.488109E-17
 1.6025 6.886151E-17
 1.603 8.6978286E-17
 1.6035 5.3312922E-17
 1.604 6.327872E-17
 1.6045 7.312442E-17
 1.605 7.584293E-17
 1.6055 6.984433E-17
 1.606 6.426299E-17
 1.6065 6.488617E-17
 1.607 6.8436067E-17
 1.6075 7.511913E-17
 1.608 6.122336E-17
 1.6085 6.259972E-17
 1.609 6.733479E-17
 1.6095 7.123775E-17
 1.61 7.2719856E-17
 1.6105 7.245881E-17
 1.611 7.721387E-17
 1.6115 7.009176E-17
 1.612 6.077233E-17
 1.6125 6.29065E-17
 1.613 7.404721E-17
 1.6135 6.243515E-17
 1.614 8.4848084E-17
 1.6145 6.1619304E-17
 1.615 7.297979E-17
 1.6155 7.066582E-17
 1.616 7.040713E-17
 1.6165 6.3644375E-17
 1.617 7.33016E-17
 1.6175 7.716361E-17
 1.618 7.6661445E-17
 1.6185 6.627898E-17
 1.619 7.593514E-17
 1.6195 7.1025704E-17
 1.62 6.0592767E-17
 1.6205 7.126522E-17
 1.621 6.3597305E-17
 1.6215 7.5110276E-17
 1.622 7.343289E-17
 1.6225 7.268294E-17
 1.623 6.0982475E-17
 1.6235 7.4347404E-17
 1.624 7.0212454E-17
 1.6245 6.9462776E-17
 1.625 6.4601324E-17
 1.6255 6.870792E-17
 1.626 6.231515E-17
 1.6265 5.929278E-17
 1.627 6.155931E-17
 1.6275 7.950489E-17
 1.628 8.117651E-17
 1.6285 6.802736E-17
 1.629 7.0466405E-17
 1.6295 7.2422025E-17
 1.63 6.201675E-17
 1.6305 7.0246844E-17
 1.631 6.8275124E-17
 1.6315 6.992832E-17
 1.632 8.079758E-17
 1.6325 6.8747186E-17
 1.633 7.813955E-17
 1.6335 7.62532E-17
 1.634 7.601526E-17
 1.6345 8.496056E-17
 1.635 6.9912604E-17
 1.6355 8.2865524E-17
 1.636 6.6840045E-17
 1.6365 7.728668E-17
 1.637 7.085979E-17
 1.6375 7.795245E-17
 1.638 7.0326935E-17
 1.6385 7.003993E-17
 1.639 8.257734E-17
 1.6395 7.4214056E-17
 1.64 7.3673695E-17
 1.6405 7.094572E-17
 1.641 7.558445E-17
 1.6415 7.707523E-17
 1.642 7.49357E-17
 1.6425 8.379859E-17
 1.643 8.303108E-17
 1.6435 7.032831E-17
 1.644 6.9130925E-17
 1.6445 6.072274E-17
 1.645 7.4733896E-17
 1.6455 7.6773624E-17
 1.646 8.107591E-17
 1.6465 8.458172E-17
 1.647 7.687398E-17
 1.6475 7.7645154E-17
 1.648 8.360644E-17
 1.6485 7.143878E-17
 1.649 7.43198E-17
 1.6495 7.851124E-17
 1.65 7.96894E-17
 1.6505 7.981386E-17
 1.651 9.669303E-17
 1.6515 7.773498E-17
 1.652 7.294245E-17
 1.6525 7.47514E-17
 1.653 8.3740046E-17
 1.6535 7.747322E-17
 1.654 8.544752E-17
 1.6545 7.4923935E-17
 1.655 7.8211045E-17
 1.6555 6.562981E-17
 1.656 7.196356E-17
 1.6565 8.973178E-17
 1.657 8.225826E-17
 1.6575 8.5629836E-17
 1.658 7.9068104E-17
 1.6585 7.915744E-17
 1.659 7.946623E-17
 1.6595 7.8877223E-17
 1.66 8.110126E-17
 1.6605 7.5770565E-17
 1.661 7.165955E-17
 1.6615 7.396377E-17
 1.662 7.6976726E-17
 1.6625 7.928499E-17
 1.663 8.392418E-17
 1.6635 8.12551E-17
 1.664 7.7521554E-17
 1.6645 8.731063E-17
 1.665 8.794654E-17
 1.6655 8.933127E-17
 1.666 8.348636E-17
 1.6665 8.7705716E-17
 1.667 8.4656496E-17
 1.6675 7.565264E-17
 1.668 7.348076E-17
 1.6685 7.388225E-17
 1.669 6.9875454E-17
 1.6695 8.91494E-17
 1.67 7.519542E-17
 1.6705 6.308115E-17
 1.671 7.974233E-17
 1.6715 6.858477E-17
 1.672 8.123053E-17
 1.6725 7.572084E-17
 1.673 7.359986E-17
 1.6735 7.399837E-17
 1.674 7.347525E-17
 1.6745 8.556972E-17
 1.675 8.628076E-17
 1.6755 8.154873E-17
 1.676 8.566675E-17
 1.6765 7.6604125E-17
 1.677 7.890161E-17
 1.6775 7.80963E-17
 1.678 8.5279224E-17
 1.6785 8.702431E-17
 1.679 8.6564094E-17
 1.6795 8.294068E-17
 1.68 8.1050306E-17
 1.6805 9.3716883E-17
 1.681 8.795405E-17
 1.6815 8.979809E-17
 1.682 8.6979855E-17
 1.6825 8.6809806E-17
 1.683 8.229815E-17
 1.6835 8.520162E-17
 1.684 8.773476E-17
 1.6845 7.947055E-17
 1.685 7.119259E-17
 1.6855 7.8797225E-17
 1.686 8.2753915E-17
 1.6865 8.229067E-17
 1.687 8.156321E-17
 1.6875 8.4874276E-17
 1.688 8.616039E-17
 1.6885 8.3288286E-17
 1.689 8.715322E-17
 1.6895 7.4680585E-17
 1.69 7.9039536E-17
 1.6905 7.7266855E-17
 1.691 8.327069E-17
 1.6915 8.087656E-17
 1.692 8.8650475E-17
 1.6925 9.285039E-17
 1.693 8.250052E-17
 1.6935 8.2816205E-17
 1.694 8.467129E-17
 1.6945 8.118357E-17
 1.695 8.012625E-17
 1.6955 7.7087436E-17
 1.696 7.770059E-17
 1.6965 8.767064E-17
 1.697 7.4401706E-17
 1.6975 7.6762923E-17
 1.698 8.560145E-17
 1.6985 8.6802805E-17
 1.699 8.251334E-17
 1.6995 8.094425E-17
 1.7 8.28907E-17
 1.7005 8.07386E-17
 1.701 7.73886E-17
 1.7015 6.640548E-17
 1.702 7.8693967E-17
 1.7025 8.610022E-17
 1.703 8.8080786E-17
 1.7035 8.69898E-17
 1.704 7.848156E-17
 1.7045 8.336346E-17
 1.705 8.0273365E-17
 1.7055 8.4026165E-17
 1.706 8.920621E-17
 1.7065 8.7881984E-17
 1.707 8.154246E-17
 1.7075 8.2200034E-17
 1.708 8.728747E-17
 1.7085 8.5412956E-17
 1.709 8.761171E-17
 1.7095 8.4974875E-17
 1.71 7.8927576E-17
 1.7105 8.379578E-17
 1.711 7.3878915E-17
 1.7115 7.518021E-17
 1.712 7.125233E-17
 1.7125 6.569364E-17
 1.713 6.38336E-17
 1.7135 8.539009E-17
 1.714 7.872874E-17
 1.7145 6.8850696E-17
 1.715 7.718893E-17
 1.7155 7.543829E-17
 1.716 7.807679E-17
 1.7165 7.196166E-17
 1.717 7.576177E-17
 1.7175 6.6067425E-17
 1.718 6.946477E-17
 1.7185 6.709307E-17
 1.719 6.5618524E-17
 1.7195 6.4146076E-17
 1.72 7.336964E-17
 1.7205 6.8522246E-17
 1.721 7.5500904E-17
 1.7215 6.904958E-17
 1.722 7.824601E-17
 1.7225 8.214003E-17
 1.723 7.4371E-17
 1.7235 7.4444005E-17
 1.724 7.858722E-17
 1.7245 7.196799E-17
 1.725 7.811268E-17
 1.7255 6.954862E-17
 1.726 7.0453554E-17
 1.7265 6.7598596E-17
 1.727 6.4969505E-17
 1.7275 6.833753E-17
 1.728 7.8941505E-17
 1.7285 6.7683114E-17
 1.729 7.521603E-17
 1.7295 7.211903E-17
 1.73 7.2667076E-17
 1.7305 7.160136E-17
 1.731 6.913334E-17
 1.7315 7.687925E-17
 1.732 6.852094E-17
 1.7325 6.594999E-17
 1.733 7.348089E-17
 1.7335 7.123876E-17
 1.734 7.0682815E-17
 1.7345 7.355023E-17
 1.735 7.193572E-17
 1.7355 6.796551E-17
 1.736 6.863651E-17
 1.7365 6.879635E-17
 1.737 7.312415E-17
 1.7375 6.929925E-17
 1.738 7.094144E-17
 1.7385 6.7158695E-17
 1.739 7.067064E-17
 1.7395 7.0570616E-17
 1.74 6.80464E-17
 1.7405 6.267083E-17
 1.741 6.192682E-17
 1.7415 6.547557E-17
 1.742 6.908145E-17
 1.7425 7.392395E-17
 1.743 7.3519456E-17
 1.7435 6.8134245E-17
 1.744 6.4199036E-17
 1.7445 6.488385E-17
 1.745 6.164868E-17
 1.7455 6.017323E-17
 1.746 7.143547E-17
 1.7465 7.695467E-17
 1.747 6.8709724E-17
 1.7475 7.452682E-17
 1.748 7.0916146E-17
 1.7485 6.242118E-17
 1.749 7.188972E-17
 1.7495 7.398261E-17
 1.75 6.2355945E-17
 1.7505 6.139882E-17
 1.751 5.5793915E-17
 1.7515 6.1660114E-17
 1.752 6.367576E-17
 1.7525 6.8074284E-17
 1.753 7.2200685E-17
 1.7535 6.5157824E-17
 1.754 6.642866E-17
 1.7545 6.3899113E-17
 1.755 6.532613E-17
 1.7555 7.0836723E-17
 1.756 6.4179686E-17
 1.7565 6.093421E-17
 1.757 5.9755005E-17
 1.7575 6.0021185E-17
 1.758 6.7023414E-17
 1.7585 6.559955E-17
 1.759 5.969595E-17
 1.7595 7.0244184E-17
 1.76 7.266254E-17
 1.7605 7.059552E-17
 1.761 6.5158784E-17
 1.7615 6.249095E-17
 1.762 6.394602E-17
 1.7625 6.228788E-17
 1.763 6.872726E-17
 1.7635 5.652299E-17
 1.764 6.435999E-17
 1.7645 5.4938438E-17
 1.765 5.4202654E-17
 1.7655 5.632427E-17
 1.766 4.4599994E-17
 1.7665 5.896846E-17
 1.767 6.310394E-17
 1.7675 6.940181E-17
 1.768 4.8905244E-17
 1.7685 5.221503E-17
 1.769 5.857231E-17
 1.7695 6.626777E-17
 1.77 7.2134444E-17
 1.7705 6.400525E-17
 1.771 6.494428E-17
 1.7715 5.9511205E-17
 1.772 6.192055E-17
 1.7725 6.191299E-17
 1.773 6.2808836E-17
 1.7735 5.8036137E-17
 1.774 5.594161E-17
 1.7745 6.01015E-17
 1.775 6.3144917E-17
 1.7755 6.419106E-17
 1.776 5.2767264E-17
 1.7765 5.467942E-17
 1.777 5.8530354E-17
 1.7775 5.788262E-17
 1.778 6.236054E-17
 1.7785 6.035696E-17
 1.779 6.0364227E-17
 1.7795 6.1091636E-17
 1.78 6.315363E-17
 1.7805 6.171096E-17
 1.781 5.983466E-17
 1.7815 4.3777333E-17
 1.782 4.737732E-17
 1.7825 6.435959E-17
 1.783 6.206615E-17
 1.7835 6.04464E-17
 1.784 5.681518E-17
 1.7845 5.4126094E-17
 1.785 5.2089313E-17
 1.7855 5.684088E-17
 1.786 5.1827776E-17
 1.7865 5.4826398E-17
 1.787 5.0182136E-17
 1.7875 4.5801563E-17
 1.788 5.5770886E-17
 1.7885 4.7125724E-17
 1.789 5.1790155E-17
 1.7895 5.583872E-17
 1.79 5.879961E-17
 1.7905 5.964936E-17
 1.791 5.720543E-17
 1.7915 5.884903E-17
 1.792 5.2920183E-17
 1.7925 5.3434107E-17
 1.793 5.2257833E-17
 1.7935 5.066205E-17
 1.794 5.21725E-17
 1.7945 5.7232885E-17
 1.795 4.987511E-17
 1.7955 5.2299305E-17
 1.796 5.746284E-17
 1.7965 5.647612E-17
 1.797 5.0299195E-17
 1.7975 5.8256345E-17
 1.798 5.929648E-17
 1.7985 5.7864606E-17
 1.799 4.67888E-17
 1.7995 4.8508968E-17
 1.8 6.676565E-17
 1.8005 5.7374604E-17
 1.801 3.9558014E-17
 1.8015 4.813219E-17
 1.802 5.382417E-17
 1.8025 5.6063926E-17
 1.803 5.2035838E-17
 1.8035 5.590978E-17
 1.804 6.004744E-17
 1.8045 6.4553546E-17
 1.805 5.5792757E-17
 1.8055 5.3856598E-17
 1.806 4.1016485E-17
 1.8065 4.5652227E-17
 1.807 4.2252634E-17
 1.8075 4.1380584E-17
 1.808 4.9289357E-17
 1.8085 6.0337644E-17
 1.809 5.27848E-17
 1.8095 5.5363155E-17
 1.81 5.3919547E-17
 1.8105 5.6153315E-17
 1.811 4.3955312E-17
 1.8115 4.5832695E-17
 1.812 4.34312E-17
 1.8125 3.5341404E-17
 1.813 2.6212905E-17
 1.8135 4.0778128E-17
 1.814 6.090815E-17
 1.8145 6.292701E-17
 1.815 5.3391283E-17
 1.8155 4.8215438E-17
 1.816 5.366038E-17
 1.8165 5.1993308E-17
 1.817 5.41722E-17
 1.8175 6.001499E-17
 1.818 6.321503E-17
 1.8185 4.9578215E-17
 1.819 5.2319074E-17
 1.8195 5.5937354E-17
 1.82 3.2399655E-17
 1.8205 2.611384E-17
 1.821 3.3299595E-17
 1.8215 8.525947E-17
 1.822 5.3314755E-17
 1.8225 5.1935094E-17
 1.823 7.0995436E-17
 1.8235 6.897802E-17
 1.824 6.3151785E-17
 1.8245 5.637806E-17
 1.825 4.9563104E-17
 1.8255 5.834229E-17
 1.826 5.2661524E-17
 1.8265 3.3443332E-17
 1.827 3.861504E-17
 1.8275 6.300574E-17
 1.828 4.2267146E-17
 1.8285 4.7468593E-17
 1.829 5.046268E-17
 1.8295 5.4029267E-17
 1.83 4.964203E-17
 1.8305 3.4880972E-17
 1.831 4.8117334E-17
 1.8315 5.611299E-17
 1.832 7.343584E-17
 1.8325 4.6127E-17
 1.833 4.317984E-17
 1.8335 6.238756E-17
 1.834 5.8307286E-17
 1.8345 4.2104502E-17
 1.835 3.226821E-17
 1.8355 3.9820882E-17
 1.836 4.646687E-17
 1.8365 1.6350401E-17
 1.837 1.162607E-16
 1.8375 6.50605E-17
 1.838 1.484745E-17
 1.8385 5.3082923E-17
 1.839 4.899988E-17
 1.8395 2.5224896E-17
 1.84 2.904198E-17
 1.8405 4.5580242E-17
 1.841 4.278194E-17
 1.8415 4.8270528E-17
 1.842 5.0157728E-17
 1.8425 2.2422257E-17
 1.843 6.0884596E-17
 1.8435 3.9406894E-17
 1.844 3.5220232E-17
 1.8445 4.998553E-17
 1.845 4.798308E-17
 1.8455 4.6995585E-17
 1.846 3.9480434E-17
 1.8465 3.6012552E-17
 1.847 2.7362346E-17
 1.8475 1.7142438E-18
 1.848 -3.2254187E-17
 1.8485 2.0744229E-16
 1.849 1.118285E-16
 1.8495 6.6914855E-17
 1.85 4.6363202E-17
 1.8505 3.893993E-17
 1.851 4.060023E-17
 1.8515 4.779811E-17
 1.852 5.4740232E-17
 1.8525 5.6150985E-17
 1.853 4.73666E-17
 1.8535 1.643858E-17
 1.854 3.727385E-17
 1.8545 4.902674E-17
 1.855 4.4199916E-17
 1.8555 5.2316947E-17
 1.856 5.1385442E-17
 1.8565 3.329131E-17
 1.857 2.0396863E-17
 1.8575 1.0913151E-17
 1.858 5.149428E-17
 1.8585 4.8401064E-17
 1.859 3.4148957E-17
 1.8595 2.4502825E-17
 1.86 -1.1447201E-19
 1.8605 1.5777358E-17
 1.861 7.005059E-17
 1.8615 5.578003E-17
 1.862 6.3490526E-17
 1.8625 4.456505E-17
 1.863 4.1934623E-17
 1.8635 4.5885872E-17
 1.864 3.5952178E-17
 1.8645 3.692481E-17
 1.865 3.4034217E-17
 1.8655 4.229762E-17
 1.866 5.5295826E-17
 1.8665 5.0779265E-17
 1.867 4.1582412E-17
 1.8675 2.8315458E-17
 1.868 2.2461865E-17
 1.8685 3.755739E-18
 1.869 5.0021075E-19
 1.8695 3.5967464E-17
 1.87 4.189666E-17
 1.8705 4.4180223E-17
 1.871 5.5772156E-17
 1.8715 9.61276E-17
 1.872 1.9333248E-16
 1.8725 2.2795892E-17
 1.873 1.793032E-17
 1.8735 2.0496225E-17
 1.874 3.041923E-17
 1.8745 -9.743369E-18
 1.875 8.3746386E-17
 1.8755 6.098975E-17
 1.876 6.5057054E-17
 1.8765 5.1755817E-17
 1.877 3.1574308E-17
 1.8775 8.646218E-18
 1.878 3.334017E-17
 1.8785 4.4168073E-17
 1.879 6.4065496E-17
 1.8795 4.573666E-17
 1.88 4.7456725E-17
 1.8805 4.7947835E-17
 1.881 4.42782E-17
 1.8815 3.6993956E-17
 1.882 4.677463E-17
 1.8825 6.102109E-17
 1.883 5.3065135E-17
 1.8835 4.9832507E-17
 1.884 4.4913164E-17
 1.8845 4.2940736E-17
 1.885 6.266839E-17
 1.8855 5.3748955E-17
 1.886 4.7198013E-17
 1.8865 3.3967355E-17
 1.887 3.436113E-17
 1.8875 4.8833054E-17
 1.888 5.515839E-17
 1.8885 5.0283674E-17
 1.889 3.9772333E-17
 1.8895 4.5257162E-17
 1.89 4.018318E-17
 1.8905 4.0879832E-17
 1.891 5.7907043E-17
 1.8915 4.9148217E-17
 1.892 1.7497658E-17
 1.8925 3.2530552E-17
 1.893 6.4002306E-17
 1.8935 3.7178963E-17
 1.894 4.046254E-17
 1.8945 6.290433E-17
 1.895 4.7433984E-17
 1.8955 6.171475E-17
 1.896 4.7304282E-17
 1.8965 4.162112E-17
 1.897 4.6807755E-17
 1.8975 5.7991674E-17
 1.898 4.864015E-17
 1.8985 4.1494857E-17
 1.899 3.2799233E-17
 1.8995 2.6715628E-17
 1.9 9.721433E-18
 1.9005 3.4772767E-17
 1.901 5.708273E-17
 1.9015 8.951303E-17
 1.902 4.958203E-17
 1.9025 4.3598778E-17
 1.903 3.471261E-17
 1.9035 5.914075E-17
 1.904 6.190968E-17
 1.9045 4.7166E-17
 1.905 3.469092E-17
 1.9055 3.8452245E-17
 1.906 -4.8906917E-18
 1.9065 9.918148E-17
 1.907 4.1578813E-17
 1.9075 9.7008275E-17
 1.908 6.261712E-17
 1.9085 5.7313035E-17
 1.909 4.5166685E-17
 1.9095 6.423589E-17
 1.91 5.43819E-17
 1.9105 4.602505E-17
 1.911 4.4538382E-17
 1.9115 4.498272E-17
 1.912 5.1218276E-17
 1.9125 6.815064E-17
 1.913 4.6777136E-17
 1.9135 4.535783E-17
 1.914 3.009137E-17
 1.9145 3.3220834E-17
 1.915 6.491825E-17
 1.9155 7.4412897E-17
 1.916 5.688851E-17
 1.9165 4.4459542E-17
 1.917 6.712201E-17
 1.9175 6.511074E-17
 1.918 5.3218286E-17
 1.9185 5.0986698E-17
 1.919 4.98409E-17
 1.9195 5.137604E-17
 1.92 4.033396E-17
 1.9205 2.3872474E-17
 1.921 2.2116063E-17
 1.9215 5.546892E-17
 1.922 5.9603836E-17
 1.9225 5.748195E-17
 1.923 5.813654E-17
 1.9235 5.9758916E-17
 1.924 4.823767E-17
 1.9245 2.5929695E-17
 1.925 6.150951E-17
 1.9255 8.3269645E-17
 1.926 5.6656915E-17
 1.9265 4.9557148E-17
 1.927 3.83007E-17
 1.9275 4.6995618E-17
 1.928 6.8772173E-17
 1.9285 5.2492832E-17
 1.929 4.7773462E-17
 1.9295 6.013357E-17
 1.93 5.0588666E-17
 1.9305 4.437087E-17
 1.931 4.979798E-17
 1.9315 4.740104E-17
 1.932 5.4786726E-17
 1.9325 6.2379166E-17
 1.933 5.677743E-17
 1.9335 5.8406674E-17
 1.934 4.7886402E-17
 1.9345 4.7086287E-17
 1.935 5.8592194E-17
 1.9355 5.4345376E-17
 1.936 4.8433073E-17
 1.9365 5.4847253E-17
 1.937 5.812243E-17
 1.9375 5.946157E-17
 1.938 4.923493E-17
 1.9385 4.3206787E-17
 1.939 4.6618778E-17
 1.9395 5.263598E-17
 1.94 5.662432E-17
 1.9405 6.1465316E-17
 1.941 4.5722527E-17
 1.9415 4.902734E-17
 1.942 4.6693317E-17
 1.9425 5.695934E-17
 1.943 5.969586E-17
 1.9435 5.7330995E-17
 1.944 4.481612E-17
 1.9445 4.7224466E-17
 1.945 4.7054596E-17
 1.9455 6.2101425E-17
 1.946 4.9508874E-17
 1.9465 5.638824E-17
 1.947 5.2162784E-17
 1.9475 4.6227134E-17
 1.948 5.2805036E-17
 1.9485 4.593812E-17
 1.949 5.3538355E-17
 1.9495 4.6924547E-17
 1.95 5.54674E-17
 1.9505 5.067783E-17
 1.951 4.7607553E-17
 1.9515 5.847162E-17
 1.952 4.975258E-17
 1.9525 4.138498E-17
 1.953 5.2053715E-17
 1.9535 4.2292815E-17
 1.954 4.957778E-17
 1.9545 4.6405656E-17
 1.955 6.056312E-17
 1.9555 4.1918062E-17
 1.956 3.7734342E-17
 1.9565 5.3913654E-17
 1.957 5.096947E-17
 1.9575 4.9975017E-17
 1.958 4.585792E-17
 1.9585 5.572996E-17
 1.959 5.6396135E-17
 1.9595 6.3780456E-17
 1.96 5.616842E-17
 1.9605 5.3094914E-17
 1.961 5.158666E-17
 1.9615 5.169459E-17
 1.962 3.971247E-17
 1.9625 4.5577228E-17
 1.963 5.151518E-17
 1.9635 5.2511576E-17
 1.964 4.801583E-17
 1.9645 4.71655E-17
 1.965 4.492922E-17
 1.9655 4.502021E-17
 1.966 5.561841E-17
 1.9665 5.835826E-17
 1.967 5.161724E-17
 1.9675 4.443269E-17
 1.968 5.096615E-17
 1.9685 4.521353E-17
 1.969 5.7192426E-17
 1.9695 5.557789E-17
 1.97 6.0722634E-17
 1.9705 4.5254026E-17
 1.971 5.2590396E-17
 1.9715 5.024322E-17
 1.972 5.5906716E-17
 1.9725 5.7101475E-17
 1.973 5.8520553E-17
 1.9735 5.0604256E-17
 1.974 5.171334E-17
 1.9745 5.047047E-17
 1.975 5.721245E-17
 1.9755 4.8778295E-17
 1.976 4.723685E-17
 1.9765 5.2268825E-17
 1.977 4.9478933E-17
 1.9775 4.843397E-17
 1.978 4.981702E-17
 1.9785 4.7514604E-17
 1.979 5.891899E-17
 1.9795 5.5636565E-17
 1.98 5.278537E-17
 1.9805 5.038486E-17
 1.981 4.8347317E-17
 1.9815 5.635334E-17
 1.982 5.355015E-17
 1.9825 4.8587375E-17
 1.983 5.2844754E-17
 1.9835 5.370793E-17
 1.984 5.616474E-17
 1.9845 5.183854E-17
 1.985 4.9979106E-17
 1.9855 5.374707E-17
 1.986 5.3788663E-17
 1.9865 5.884117E-17
 1.987 5.3696357E-17
 1.9875 5.3690854E-17
 1.988 5.4463322E-17
 1.9885 5.11216E-17
 1.989 5.4722425E-17
 1.9895 5.3937622E-17
 1.99 4.7051843E-17
 1.9905 5.2317877E-17
 1.991 5.841539E-17
 1.9915 5.3792167E-17
 1.992 5.1806127E-17
 1.9925 4.635646E-17
 1.993 4.840811E-17
 1.9935 5.1535056E-17
 1.994 5.7258395E-17
 1.9945 5.432897E-17
 1.995 5.575062E-17
 1.9955 5.574975E-17
 1.996 5.3991528E-17
 1.9965 5.222782E-17
 1.997 5.69954E-17
 1.9975 5.3812417E-17
 1.998 5.4745073E-17
 1.9985 5.407328E-17
 1.9990001 5.0551694E-17
 1.9995002 4.826523E-17
 2. 5.96377E-17
 2.0005002 4.881652E-17
 2.0010002 3.6208395E-17
 2.0015001 5.38275E-17
 2.002 4.842875E-17
 2.0025 4.948772E-17
 2.003 6.900971E-17
 2.0035 6.179334E-17
 2.0040002 6.340024E-17
 2.0045002 5.2839067E-17
 2.005 6.12094E-17
 2.0055 5.877024E-17
 2.006 5.441831E-17
 2.0065 4.5133522E-17
 2.0070002 6.023215E-17
 2.0075002 5.1117098E-17
 2.0080001 6.4603607E-17
 2.0085 5.8680894E-17
 2.009 4.942842E-17
 2.0095 5.2879605E-17
 2.01 4.978406E-17
 2.0105002 5.292935E-17
 2.0110002 5.0904023E-17
 2.0115001 5.0205972E-17
 2.012 6.350001E-17
 2.0125 5.018497E-17
 2.013 6.0789483E-17
 2.0135002 5.565667E-17
 2.0140002 3.4392807E-17
 2.0145001 4.2098937E-17
 2.015 4.8232614E-17
 2.0155 5.6504946E-17
 2.016 4.609584E-17
 2.0165 5.5080038E-17
 2.0170002 5.758104E-17
 2.0175002 5.4477192E-17
 2.0180001 5.123117E-17
 2.0185 5.091572E-17
 2.019 4.495237E-17
 2.0195 4.7825042E-17
 2.02 3.9405736E-17
 2.0205002 5.239955E-17
 2.0210001 5.978303E-17
 2.0215 5.5683675E-17
 2.022 5.5112778E-17
 2.0225 5.2366393E-17
 2.023 5.243783E-17
 2.0235002 5.707855E-17
 2.0240002 5.8114196E-17
 2.0245001 5.2851908E-17
 2.025 5.5649846E-17
 2.0255 5.988705E-17
 2.026 5.818623E-17
 2.0265 5.639915E-17
 2.0270002 5.4070593E-17
 2.0275002 4.7511802E-17
 2.028 4.6929367E-17
 2.0285 5.088605E-17
 2.029 6.121905E-17
 2.0295 5.4238888E-17
 2.0300002 5.941673E-17
 2.0305002 5.4063684E-17
 2.0310001 5.4710556E-17
 2.0315 5.0898673E-17
 2.032 5.746041E-17
 2.0325 5.841827E-17
 2.033 5.3897087E-17
 2.0335002 5.2418075E-17
 2.0340002 5.4813835E-17
 2.0345001 5.5392113E-17
 2.035 5.86626E-17
 2.0355 5.6127394E-17
 2.036 5.6083666E-17
 2.0365002 5.5233126E-17
 2.0370002 5.962345E-17
 2.0375001 5.7560104E-17
 2.038 5.703474E-17
 2.0385 5.886614E-17
 2.039 5.878645E-17
 2.0395 5.576859E-17
 2.0400002 5.8931053E-17
 2.0405002 5.518628E-17
 2.0410001 4.6573084E-17
 2.0415 4.7998105E-17
 2.042 5.256739E-17
 2.0425 5.985718E-17
 2.043 5.7607756E-17
 2.0435002 5.9310226E-17
 2.0440001 6.1658314E-17
 2.0445 5.6083666E-17
 2.045 6.042923E-17
 2.0455 5.813103E-17
 2.046 5.4978556E-17
 2.0465002 5.89989E-17
 2.0470002 6.4268936E-17
 2.0475001 6.1068376E-17
 2.048 6.269626E-17
 2.0485 6.304746E-17
 2.049 6.131412E-17
 2.0495 5.0881805E-17
 2.0500002 4.9344877E-17
 2.0505002 4.8579537E-17
 2.051 5.9723446E-17
 2.0515 5.51376E-17
 2.052 5.4745212E-17
 2.0525 5.2230923E-17
 2.0530002 5.776116E-17
 2.0535002 5.6257394E-17
 2.0540001 5.6789833E-17
 2.0545 5.818695E-17
 2.055 4.822593E-17
 2.0555 5.5201888E-17
 2.056 5.211947E-17
 2.0565002 5.0689502E-17
 2.0570002 6.774101E-17
 2.0575001 5.129333E-17
 2.058 5.1900306E-17
 2.0585 6.1246226E-17
 2.059 6.213235E-17
 2.0595002 6.407981E-17
 2.0600002 6.698202E-17
 2.0605001 5.868074E-17
 2.061 5.6238614E-17
 2.0615 5.1946856E-17
 2.062 5.324124E-17
 2.0625 5.9413055E-17
 2.0630002 5.8575214E-17
 2.0635002 5.600135E-17
 2.0640001 5.5525385E-17
 2.0645 5.5463582E-17
 2.065 5.997316E-17
 2.0655 6.0278405E-17
 2.066 5.3383103E-17
 2.0665002 5.2137108E-17
 2.0670002 6.017331E-17
 2.0675 6.0906705E-17
 2.068 5.844626E-17
 2.0685 5.787786E-17
 2.069 6.145891E-17
 2.0695002 6.104889E-17
 2.0700002 6.037637E-17
 2.0705001 6.359644E-17
 2.071 6.6484437E-17
 2.0715 6.140272E-17
 2.072 5.855454E-17
 2.0725 5.2427855E-17
 2.0730002 5.988765E-17
 2.0735002 4.667996E-17
 2.0740001 6.030722E-17
 2.0745 6.056169E-17
 2.075 6.172892E-17
 2.0755 6.418555E-17
 2.0760002 5.970587E-17
 2.0765002 6.126032E-17
 2.0770001 6.01187E-17
 2.0775 6.096608E-17
 2.078 6.1353846E-17
 2.0785 6.051443E-17
 2.079 5.716402E-17
 2.0795002 6.258578E-17
 2.0800002 6.311669E-17
 2.0805001 6.1936776E-17
 2.081 5.6528444E-17
 2.0815 5.750419E-17
 2.082 5.4971786E-17
 2.0825 6.173267E-17
 2.0830002 5.6370665E-17
 2.0835001 6.172503E-17
 2.084 5.703319E-17
 2.0845 6.221587E-17
 2.085 6.339361E-17
 2.0855 6.507307E-17
 2.0860002 6.309834E-17
 2.0865002 6.212417E-17
 2.0870001 5.592031E-17
 2.0875 6.299515E-17
 2.088 6.093642E-17
 2.0885 6.034419E-17
 2.089 6.458479E-17
 2.0895002 5.907619E-17
 2.0900002 6.244218E-17
 2.0905 5.705521E-17
 2.091 5.935629E-17
 2.0915 5.624691E-17
 2.092 5.623328E-17
 2.0925002 6.357214E-17
 2.0930002 6.918066E-17
 2.0935001 6.3425106E-17
 2.094 6.05863E-17
 2.0945 6.203202E-17
 2.095 5.3667154E-17
 2.0955 5.5497394E-17
 2.0960002 6.339679E-17
 2.0965002 5.7399995E-17
 2.0970001 6.135639E-17
 2.0975 5.879628E-17
 2.098 6.386811E-17
 2.0985 6.1244936E-17
 2.0990002 6.61274E-17
 2.0995002 6.614659E-17
 2.1000001 6.054949E-17
 2.1005 6.17088E-17
 2.101 6.4533574E-17
 2.1015 6.607306E-17
 2.102 6.302328E-17
 2.1025002 5.665923E-17
 2.1030002 6.400115E-17
 2.1035001 6.226965E-17
 2.104 6.099074E-17
 2.1045 6.2610174E-17
 2.105 6.751903E-17
 2.1055 5.9744086E-17
 2.1060002 6.231777E-17
 2.1065001 6.383719E-17
 2.107 6.577015E-17
 2.1075 6.146524E-17
 2.108 6.2732584E-17
 2.1085 6.2544026E-17
 2.1090002 6.3163955E-17
 2.1095002 6.355365E-17
 2.1100001 6.384156E-17
 2.1105 6.576934E-17
 2.111 6.8178E-17
 2.1115 6.9138085E-17
 2.112 6.8819653E-17
 2.1125002 6.801576E-17
 2.1130002 6.6661433E-17
 2.1135 6.6126744E-17
 2.114 6.928627E-17
 2.1145 6.633185E-17
 2.115 6.384216E-17
 2.1155002 6.3577406E-17
 2.1160002 6.3517776E-17
 2.1165001 6.274395E-17
 2.117 6.413616E-17
 2.1175 6.185876E-17
 2.118 5.739628E-17
 2.1185 5.652254E-17
 2.1190002 5.614306E-17
 2.1195002 5.9957684E-17
 2.1200001 6.546892E-17
 2.1205 6.8414395E-17
 2.121 6.921286E-17
 2.1215 6.360604E-17
 2.1220002 5.9497136E-17
 2.1225002 6.420116E-17
 2.1230001 6.462766E-17
 2.1235 6.67384E-17
 2.124 5.935354E-17
 2.1245 6.315772E-17
 2.125 6.525954E-17
 2.1255002 6.043909E-17
 2.1260002 6.3867105E-17
 2.1265001 6.20461E-17
 2.127 6.803457E-17
 2.1275 6.584966E-17
 2.128 6.2276575E-17
 2.1285 7.211819E-17
 2.1290002 6.922577E-17
 2.1295002 6.42088E-17
 2.13 6.4895184E-17
 2.1305 6.2203406E-17
 2.131 6.7328816E-17
 2.1315 6.3980865E-17
 2.1320002 6.310948E-17
 2.1325002 6.1181415E-17
 2.1330001 6.12159E-17
 2.1335 6.286868E-17
 2.134 6.576981E-17
 2.1345 6.6000946E-17
 2.135 6.6874396E-17
 2.1355002 6.5565975E-17
 2.1360002 6.8731986E-17
 2.1365001 6.61837E-17
 2.137 7.076905E-17
 2.1375 6.575522E-17
 2.138 7.034624E-17
 2.1385002 6.93291E-17
 2.1390002 6.704469E-17
 2.1395001 6.671692E-17
 2.14 6.946781E-17
 2.1405 6.745156E-17
 2.141 6.149318E-17
 2.1415 6.253275E-17
 2.1420002 6.7914863E-17
 2.1425002 6.2426924E-17
 2.1430001 6.71836E-17
 2.1435 6.7425E-17
 2.144 6.6635056E-17
 2.1445 6.5753216E-17
 2.145 6.629932E-17
 2.1455002 7.038625E-17
 2.1460001 7.1434146E-17
 2.1465 6.984568E-17
 2.147 6.665561E-17
 2.1475 6.444145E-17
 2.148 6.59002E-17
 2.1485002 6.878882E-17
 2.1490002 6.912709E-17
 2.1495001 6.326835E-17
 2.15 6.089054E-17
 2.1505 7.084515E-17
 2.151 6.047506E-17
 2.1515 6.135885E-17
 2.1520002 6.430356E-17
 2.1525002 6.7420587E-17
 2.153 7.468949E-17
 2.1535 6.532005E-17
 2.154 7.0114046E-17
 2.1545 6.0982336E-17
 2.1550002 6.651733E-17
 2.1555002 6.5608955E-17
 2.1560001 6.939813E-17
 2.1565 6.878495E-17
 2.157 6.790606E-17
 2.1575 7.381875E-17
 2.158 7.0701145E-17
 2.1585002 6.528497E-17
 2.1590002 6.727203E-17
 2.1595001 6.8947794E-17
 2.16 6.4810666E-17
 2.1605 6.766037E-17
 2.161 6.8559E-17
 2.1615002 7.31669E-17
 2.1620002 7.164853E-17
 2.1625001 6.8682275E-17
 2.163 6.861701E-17
 2.1635 6.698993E-17
 2.164 6.545465E-17
 2.1645 6.815684E-17
 2.1650002 6.7613995E-17
 2.1655002 6.594707E-17
 2.1660001 6.94025E-17
 2.1665 7.519459E-17
 2.167 7.1238184E-17
 2.1675 6.8861515E-17
 2.168 7.0807646E-17
 2.1685002 6.9730293E-17
 2.1690001 6.9588965E-17
 2.1695 6.766396E-17
 2.17 6.6567274E-17
 2.1705 7.0723466E-17
 2.171 6.265144E-17
 2.1715002 6.278213E-17
 2.1720002 6.2035753E-17
 2.1725001 6.4285546E-17
 2.173 6.645287E-17
 2.1735 6.7405155E-17
 2.174 6.779692E-17
 2.1745 6.9571984E-17
 2.1750002 6.9730856E-17
 2.1755002 7.2229504E-17
 2.176 7.1038205E-17
 2.1765 7.184962E-17
 2.177 6.837544E-17
 2.1775 6.483913E-17
 2.1780002 6.875511E-17
 2.1785002 7.100047E-17
 2.1790001 6.837922E-17
 2.1795 6.542138E-17
 2.18 6.254966E-17
 2.1805 7.0868064E-17
 2.181 6.441965E-17
 2.1815002 7.342062E-17
 2.1820002 7.377156E-17
 2.1825001 6.7444456E-17
 2.183 6.3245085E-17
 2.1835 6.856633E-17
 2.184 6.198143E-17
 2.1845002 6.7002305E-17
 2.1850002 7.091328E-17
 2.1855001 6.6567294E-17
 2.186 6.6895645E-17
 2.1865 6.7590145E-17
 2.187 7.2284925E-17
 2.1875 6.5384836E-17
 2.1880002 6.292809E-17
 2.1885002 6.901206E-17
 2.1890001 6.8650306E-17
 2.1895 6.801936E-17
 2.19 6.686507E-17
 2.1905 6.914187E-17
 2.191 6.632637E-17
 2.1915002 6.812135E-17
 2.1920002 6.5269176E-17
 2.1925 6.468674E-17
 2.193 6.101234E-17
 2.1935 6.0583926E-17
 2.194 6.3911554E-17
 2.1945002 6.3773455E-17
 2.1950002 6.9088944E-17
 2.1955001 6.901467E-17
 2.196 6.801363E-17
 2.1965 5.995304E-17
 2.197 6.9195677E-17
 2.1975 6.556627E-17
 2.1980002 7.0232035E-17
 2.1985002 6.749098E-17
 2.1990001 6.3336386E-17
 2.1995 6.4375933E-17
 2.2 6.943021E-17
 2.2005 6.627988E-17
 2.2010002 6.705169E-17
 2.2015002 6.8379944E-17
 2.2020001 7.258511E-17
 2.2025 6.962865E-17
 2.203 6.859999E-17
 2.2035 6.414182E-17
 2.204 6.7170136E-17
 2.2045002 6.752172E-17
 2.2050002 6.465453E-17
 2.2055001 6.4524435E-17
 2.206 7.040259E-17
 2.2065 7.386253E-17
 2.207 6.574397E-17
 2.2075 6.8665116E-17
 2.2080002 6.803009E-17
 2.2085001 6.558638E-17
 2.209 6.5161106E-17
 2.2095 6.724795E-17
 2.21 6.969782E-17
 2.2105 7.020998E-17
 2.2110002 6.974726E-17
 2.2115002 6.681579E-17
 2.2120001 7.1689884E-17
 2.2125 7.2443856E-17
 2.213 7.005589E-17
 2.2135 6.296299E-17
 2.214 6.519271E-17
 2.2145002 7.2279174E-17
 2.2150002 6.834478E-17
 2.2155 6.6144465E-17
 2.216 6.8617305E-17
 2.2165 6.755501E-17
 2.217 6.786616E-17
 2.2175002 6.5231145E-17
 2.2180002 6.466831E-17
 2.2185001 6.322803E-17
 2.219 6.670498E-17
 2.2195 6.099641E-17
 2.22 6.479978E-17
 2.2205 6.8754697E-17
 2.2210002 6.211163E-17
 2.2215002 6.716471E-17
 2.2220001 7.213146E-17
 2.2225 6.6124666E-17
 2.223 6.606523E-17
 2.2235 6.627861E-17
 2.2240002 6.3547926E-17
 2.2245002 6.747701E-17
 2.2250001 7.298856E-17
 2.2255 6.0273687E-17
 2.226 6.897116E-17
 2.2265 6.423348E-17
 2.227 6.837646E-17
 2.2275002 6.916702E-17
 2.2280002 6.7377156E-17
 2.2285001 6.569578E-17
 2.229 6.198442E-17
 2.2295 6.7327406E-17
 2.23 6.954066E-17
 2.2305 7.517335E-17
 2.2310002 7.448451E-17
 2.2315001 6.552495E-17
 2.232 6.0497475E-17
 2.2325 6.1286645E-17
 2.233 6.724623E-17
 2.2335 6.2708966E-17
 2.2340002 6.450879E-17
 2.2345002 6.154124E-17
 2.2350001 5.745349E-17
 2.2355 6.237136E-17
 2.236 6.772028E-17
 2.2365 7.173202E-17
 2.237 6.822019E-17
 2.2375002 6.9908395E-17
 2.2380002 6.610969E-17
 2.2385 6.499954E-17
 2.239 6.5304334E-17
 2.2395 6.8498436E-17
 2.24 7.1263635E-17
 2.2405002 7.040032E-17
 2.2410002 6.662267E-17
 2.2415001 6.5227235E-17
 2.242 6.755419E-17
 2.2425 6.9063606E-17
 2.243 7.130396E-17
 2.2435 6.993734E-17
 2.2440002 7.120711E-17
 2.2445002 7.18954E-17
 2.2450001 6.863781E-17
 2.2455 6.865876E-17
 2.246 7.608575E-17
 2.2465 6.7739064E-17
 2.2470002 6.721702E-17
 2.2475002 6.753564E-17
 2.2480001 6.894733E-17
 2.2485 6.8907116E-17
 2.249 6.8943975E-17
 2.2495 6.923792E-17
 2.25 6.6120073E-17
 2.2505002 6.566745E-17
 2.2510002 6.644256E-17
 2.2515001 6.764439E-17
 2.252 5.590783E-17
 2.2525 6.7334315E-17
 2.253 6.680517E-17
 2.2535 6.867174E-17
 2.2540002 7.07164E-17
 2.2545002 7.2097175E-17
 2.255 6.40011E-17
 2.2555 6.279065E-17
 2.256 6.3373576E-17
 2.2565 6.82088E-17
 2.2570002 6.179109E-17
 2.2575002 6.432003E-17
 2.2580001 6.444581E-17
 2.2585 6.438909E-17
 2.259 6.557537E-17
 2.2595 6.51193E-17
 2.26 7.111686E-17
 2.2605002 6.8213754E-17
 2.2610002 6.3692444E-17
 2.2615001 6.7292334E-17
 2.262 6.4055146E-17
 2.2625 6.3470614E-17
 2.263 6.823262E-17
 2.2635002 6.099894E-17
 2.2640002 7.2097406E-17
 2.2645001 6.776176E-17
 2.265 7.6131745E-17
 2.2655 6.9628365E-17
 2.266 6.455921E-17
 2.2665 6.997712E-17
 2.2670002 7.158393E-17
 2.2675002 6.925566E-17
 2.2680001 6.774145E-17
 2.2685 7.596041E-17
 2.269 7.2344806E-17
 2.2695 7.093306E-17
 2.27 6.952098E-17
 2.2705002 6.5065795E-17
 2.2710001 6.6782116E-17
 2.2715 6.5108425E-17
 2.272 6.6183574E-17
 2.2725 6.417174E-17
 2.273 6.581523E-17
 2.2735002 6.591965E-17
 2.2740002 6.8079644E-17
 2.2745001 6.485842E-17
 2.275 6.724133E-17
 2.2755 7.1048846E-17
 2.276 6.7940897E-17
 2.2765 6.2378835E-17
 2.2770002 7.315266E-17
 2.2775002 6.555139E-17
 2.278 6.9037374E-17
 2.2785 6.8802E-17
 2.279 6.535018E-17
 2.2795 6.3077663E-17
 2.2800002 7.566207E-17
 2.2805002 7.509284E-17
 2.2810001 6.382015E-17
 2.2815 6.578473E-17
 2.282 7.459753E-17
 2.2825 7.023409E-17
 2.283 6.426875E-17
 2.2835002 6.769092E-17
 2.2840002 6.773657E-17
 2.2845001 6.848038E-17
 2.285 6.223655E-17
 2.2855 6.7673075E-17
 2.286 6.779076E-17
 2.2865002 6.6348964E-17
 2.2870002 7.33213E-17
 2.2875001 6.0783653E-17
 2.288 7.1978365E-17
 2.2885 7.5082E-17
 2.289 6.653712E-17
 2.2895 6.565458E-17
 2.2900002 5.700853E-17
 2.2905002 7.5072226E-17
 2.2910001 6.9326484E-17
 2.2915 7.211067E-17
 2.292 6.987613E-17
 2.2925 6.685283E-17
 2.293 6.547284E-17
 2.2935002 6.271545E-17
 2.2940001 6.05944E-17
 2.2945 5.75898E-17
 2.295 5.55262E-17
 2.2955 5.900934E-17
 2.296 5.493187E-17
 2.2965002 6.013352E-17
 2.2970002 6.0973653E-17
 2.2975001 6.667055E-17
 2.298 5.8652565E-17
 2.2985 5.0929404E-17
 2.299 5.8031485E-17
 2.2995 5.7606856E-17
 2.3000002 5.7487153E-17
 2.3005002 5.52045E-17
 2.301 5.770887E-17
 2.3015 6.804518E-17
 2.302 5.9965876E-17
 2.3025 5.640634E-17
 2.3030002 5.819487E-17
 2.3035002 5.1733864E-17
 2.3040001 5.5224967E-17
 2.3045 6.612672E-17
 2.305 5.7261095E-17
 2.3055 6.1211034E-17
 2.306 6.092759E-17
 2.3065002 6.539125E-17
 2.3070002 5.2814317E-17
 2.3075001 6.646081E-17
 2.308 6.501335E-17
 2.3085 5.8560364E-17
 2.309 5.4009385E-17
 2.3095002 5.5255807E-17
 2.3100002 5.3918478E-17
 2.3105001 6.736483E-17
 2.311 6.055438E-17
 2.3115 5.5131472E-17
 2.312 6.0394746E-17
 2.3125 6.2668414E-17
 2.3130002 6.1937E-17
 2.3135002 6.326943E-17
 2.3140001 6.0621294E-17
 2.3145 5.1150225E-17
 2.315 5.682199E-17
 2.3155 5.897356E-17
 2.316 6.5768396E-17
 2.3165002 5.4319978E-17
 2.3170002 5.824826E-17
 2.3175 5.7024144E-17
 2.318 5.5521924E-17
 2.3185 6.0207254E-17
 2.319 6.401016E-17
 2.3195002 6.574297E-17
 2.3200002 6.176624E-17
 2.3205001 6.683976E-17
 2.321 6.0263734E-17
 2.3215 5.434821E-17
 2.322 6.1105764E-17
 2.3225 6.137133E-17
 2.3230002 5.8839885E-17
 2.3235002 5.4580566E-17
 2.3240001 5.256147E-17
 2.3245 4.9313137E-17
 2.325 5.611806E-17
 2.3255 5.531026E-17
 2.3260002 5.611154E-17
 2.3265002 5.8588746E-17
 2.3270001 6.445656E-17
 2.3275 5.349906E-17
 2.328 5.225951E-17
 2.3285 5.0360678E-17
 2.329 5.710571E-17
 2.3295002 5.755885E-17
 2.3300002 5.9748E-17
 2.3305001 6.6649284E-17
 2.331 6.008787E-17
 2.3315 5.92027E-17
 2.332 5.791001E-17
 2.3325 6.022913E-17
 2.3330002 6.122754E-17
 2.3335001 5.921894E-17
 2.334 5.69793E-17
 2.3345 5.953103E-17
 2.335 6.210495E-17
 2.3355 5.6041976E-17
 2.3360002 5.65616E-17
 2.3365002 5.956963E-17
 2.3370001 5.861389E-17
 2.3375 5.6227536E-17
 2.338 5.623255E-17
 2.3385 6.100304E-17
 2.339 5.8668824E-17
 2.3395002 5.608501E-17
 2.3400002 6.051926E-17
 2.3405 5.563741E-17
 2.341 5.427273E-17
 2.3415 4.6622907E-17
 2.342 6.297765E-17
 2.3425002 6.443996E-17
 2.3430002 5.954164E-17
 2.3435001 6.252706E-17
 2.344 5.92907E-17
 2.3445 6.147083E-17
 2.345 5.41654E-17
 2.3455 5.4746568E-17
 2.3460002 5.3095953E-17
 2.3465002 6.507594E-17
 2.3470001 6.807395E-17
 2.3475 6.598781E-17
 2.348 5.775951E-17
 2.3485 5.7087E-17
 2.3490002 6.147658E-17
 2.3495002 5.7578084E-17
 2.3500001 5.411141E-17
 2.3505 5.287053E-17
 2.351 5.3808794E-17
 2.3515 5.3292964E-17
 2.352 6.0254403E-17
 2.3525002 6.254264E-17
 2.3530002 5.209652E-17
 2.3535001 5.4864E-17
 2.354 5.947642E-17
 2.3545 9.930063E-17
 2.355 9.882133E-17
 2.3555 1.0999537E-16
 2.3560002 6.037777E-17
 2.3565001 7.2246114E-17
 2.357 6.755912E-17
 2.3575 5.981911E-17
 2.358 4.926432E-17
 2.3585 4.6662784E-17
 2.3590002 6.152806E-17
 2.3595002 6.036548E-17
 2.3600001 5.8423026E-17
 2.3605 5.6105305E-17
 2.361 6.02386E-17
 2.3615 5.9228335E-17
 2.362 5.687922E-17
 2.3625002 6.428171E-17
 2.3630002 6.103566E-17
 2.3635 5.634086E-17
 2.364 5.178989E-17
 2.3645 5.929358E-17
 2.365 6.298329E-17
 2.3655002 5.6397485E-17
 2.3660002 6.122178E-17
 2.3665001 5.5948035E-17
 2.367 5.1880705E-17
 2.3675 5.7217115E-17
 2.368 4.440912E-17
 2.3685 5.375075E-17
 2.3690002 6.918642E-17
 2.3695002 5.3166964E-17
 2.3700001 5.2660846E-17
 2.3705 4.2036912E-17
 2.371 5.734604E-17
 2.3715 7.3180245E-17
 2.3720002 6.0514045E-17
 2.3725002 7.315984E-17
 2.3730001 6.1254776E-17
 2.3735 5.914346E-17
 2.374 5.733573E-17
 2.3745 6.3031063E-17
 2.375 6.166369E-17
 2.3755002 6.1214085E-17
 2.3760002 5.510003E-17
 2.3765001 4.947403E-17
 2.377 5.811272E-17
 2.3775 5.3453612E-17
 2.378 5.853065E-17
 2.3785 5.245615E-17
 2.3790002 5.646591E-17
 2.3795002 5.1349493E-17
 2.38 5.238501E-17
 2.3805 6.194675E-17
 2.381 5.8832487E-17
 2.3815 5.842271E-17
 2.3820002 6.0998337E-17
 2.3825002 5.465961E-17
 2.3830001 5.841324E-17
 2.3835 5.0610182E-17
 2.384 5.0514497E-17
 2.3845 5.553E-17
 2.385 5.454156E-17
 2.3855002 5.938152E-17
 2.3860002 5.1891356E-17
 2.3865001 5.660288E-17
 2.387 4.8559208E-17
 2.3875 5.354775E-17
 2.388 4.8125454E-17
 2.3885002 5.791756E-17
 2.3890002 5.6663586E-17
 2.3895001 5.4920508E-17
 2.39 5.0061914E-17
 2.3905 5.922728E-17
 2.391 5.0040453E-17
 2.3915 5.626964E-17
 2.3920002 5.3401583E-17
 2.3925002 4.9780467E-17
 2.3930001 5.1752916E-17
 2.3935 6.087029E-17
 2.394 5.96682E-17
 2.3945 5.8213054E-17
 2.395 5.4778087E-17
 2.3955002 6.8418147E-17
 2.3960001 6.407437E-17
 2.3965 4.7706176E-17
 2.397 6.239379E-17
 2.3975 6.047423E-17
 2.398 6.1432256E-17
 2.3985002 5.713837E-17
 2.3990002 5.070075E-17
 2.3995001 5.1022717E-17
 2.4 5.4271082E-17
 2.4005 5.036346E-17
 2.401 5.1880867E-17
 2.4015 5.0854733E-17
 2.4020002 5.1492886E-17
 2.4025002 4.5771953E-17
 2.403 5.132958E-17
 2.4035 5.746132E-17
 2.404 5.1536495E-17
 2.4045 5.1725662E-17
 2.4050002 5.072292E-17
 2.4055002 6.057139E-17
 2.4060001 5.4984644E-17
 2.4065 5.976464E-17
 2.407 5.9340005E-17
 2.4075 5.2704653E-17
 2.408 6.404606E-17
 2.4085002 4.7905004E-17
 2.4090002 4.673765E-17
 2.4095001 5.130142E-17
 2.41 6.025955E-17
 2.4105 6.581231E-17
 2.411 5.324725E-17
 2.4115002 6.0113015E-17
 2.4120002 5.561612E-17
 2.4125001 6.253213E-17
 2.413 5.5038643E-17
 2.4135 5.3251228E-17
 2.414 5.368446E-17
 2.4145 5.3466592E-17
 2.4150002 5.7508766E-17
 2.4155002 5.4890948E-17
 2.4160001 4.9351647E-17
 2.4165 5.004326E-17
 2.417 4.1134018E-17
 2.4175 4.9068106E-17
 2.418 5.7536E-17
 2.4185002 5.5450552E-17
 2.4190001 6.3641926E-17
 2.4195 6.5993766E-17
 2.42 5.5260774E-17
 2.4205 5.4160557E-17
 2.421 6.1150624E-17
 2.4215002 5.6543135E-17
 2.4220002 5.1960558E-17
 2.4225001 5.352737E-17
 2.423 5.9692205E-17
 2.4235 5.1109174E-17
 2.424 5.090521E-17
 2.4245 6.3991936E-17
 2.4250002 5.826175E-17
 2.4255002 5.546579E-17
 2.426 5.2625608E-17
 2.4265 4.470443E-17
 2.427 5.7607114E-17
 2.4275 5.4394563E-17
 2.4280002 5.189385E-17
 2.4285002 5.1037603E-17
 2.4290001 5.79261E-17
 2.4295 4.4308045E-17
 2.43 5.1890393E-17
 2.4305 5.382047E-17
 2.431 5.4887424E-17
 2.4315002 5.514839E-17
 2.4320002 5.0735778E-17
 2.4325001 5.378326E-17
 2.433 5.9560836E-17
 2.4335 5.2164345E-17
 2.434 4.164173E-17
 2.4345002 5.5691205E-17
 2.4350002 5.769077E-17
 2.4355001 3.8421782E-17
 2.436 6.0562445E-17
 2.4365 7.4548203E-17
 2.437 5.4267168E-17
 2.4375 6.700237E-17
 2.4380002 5.995455E-17
 2.4385002 5.63196E-17
 2.4390001 6.215703E-17
 2.4395 4.16524E-17
 2.44 5.2241703E-17
 2.4405 5.112151E-17
 2.441 4.7591688E-17
 2.4415002 3.7983598E-17
 2.4420002 3.8096872E-17
 2.4425 4.875702E-17
 2.443 5.4614772E-17
 2.4435 5.0096063E-17
 2.444 4.410727E-17
 2.4445002 4.5369467E-17
 2.4450002 4.591194E-17
 2.4455001 4.6767756E-17
 2.446 4.4225728E-17
 2.4465 3.460964E-17
 2.447 3.8047648E-17
 2.4475 3.1834066E-17
 2.4480002 6.039794E-17
 2.4485002 5.827442E-17
 2.4490001 4.4756265E-17
 2.4495 5.681242E-17
 2.45 6.371015E-17
 2.4505 6.139121E-17
 2.4510002 4.931481E-17
 2.4515002 4.605238E-17
 2.4520001 7.242372E-17
 2.4525 5.0548372E-17
 2.453 6.3013315E-17
 2.4535 4.5953397E-17
 2.454 3.973289E-17
 2.4545002 3.5152658E-17
 2.4550002 5.1325035E-17
 2.4555001 4.279968E-17
 2.456 4.5861477E-17
 2.4565 5.688222E-17
 2.457 4.7078736E-17
 2.4575 5.236933E-17
 2.4580002 5.048784E-17
 2.4585001 0.
 2.459 0.
 2.4595 0.
 2.46 0.
 2.4605 0.
 2.4610002 0.
 2.4615002 0.
 2.4620001 0.
 2.4625 0.
 2.463 0.
 2.4635 0.
 2.464 0.
 2.4645002 0.
 2.4650002 0.
 2.4655 0.
 2.466 0.
 2.4665 0.
 2.467 0.
 2.4675002 0.
 2.4680002 0.
 2.4685001 0.
 2.469 0.
 2.4695 0.
 2.47 0.
 2.4705 0.
 2.4710002 0.
 2.4715002 0.
 2.4720001 0.
 2.4725 0.
 2.473 0.
 2.4735 0.
 2.4740002 0.
 2.4745002 0.
 2.4750001 0.
 2.4755 0.
 2.476 0.
 2.4765 0.
 2.477 0.
 2.4775002 0.
 2.4780002 0.
 2.4785001 0.
 2.479 0.
 2.4795 0.
 2.48 0.
 2.4805 0.
 2.4810002 0.
 2.4815001 0.
 2.482 0.
 2.4825 0.
 2.483 0.
 2.4835 0.
 2.4840002 0.
 2.4845002 0.
 2.4850001 0.
 2.4855 0.
 2.486 0.
 2.4865 0.
 2.487 0.
 2.4875002 0.
 2.4880002 0.
 2.4885 0.
 2.489 0.
 2.4895 0.
 2.49 0.
 2.4905002 0.
 2.4910002 0.
 2.4915001 0.
 2.492 0.
 2.4925 0.
 2.493 0.
