 1.088035 0.
 1.08818 0.
 1.088325 0.
 1.08847 0.
 1.088615 0.
 1.08876 0.
 1.088905 0.
 1.08905 0.
 1.089195 0.
 1.08934 0.
 1.089485 0.
 1.08963 0.
 1.089775 0.
 1.08992 0.
 1.090065 0.
 1.09021 0.
 1.090355 0.
 1.0905 0.
 1.090645 0.
 1.09079 0.
 1.090935 0.
 1.09108 0.
 1.091225 0.
 1.09137 0.
 1.091515 0.
 1.09166 0.
 1.091805 0.
 1.09195 0.
 1.092095 0.
 1.09224 0.
 1.092385 0.
 1.09253 0.
 1.092675 0.
 1.09282 0.
 1.092965 0.
 1.09311 0.
 1.093255 0.
 1.0934 0.
 1.093545 0.
 1.09369 0.
 1.093835 0.
 1.09398 0.
 1.094125 0.
 1.09427 0.
 1.094415 0.
 1.09456 0.
 1.094705 0.
 1.09485 0.
 1.094995 0.
 1.09514 0.
 1.095285 0.
 1.09543 0.
 1.095575 0.
 1.09572 0.
 1.095865 0.
 1.09601 0.
 1.096155 0.
 1.0963 0.
 1.096445 0.
 1.09659 0.
 1.096735 0.
 1.09688 0.
 1.097025 0.
 1.09717 0.
 1.097315 0.
 1.09746 0.
 1.097605 0.
 1.09775 0.
 1.097895 0.
 1.09804 0.
 1.098185 0.
 1.09833 0.
 1.098475 0.
 1.09862 0.
 1.098765 0.
 1.09891 0.
 1.099055 0.
 1.0992 0.
 1.099345 0.
 1.09949 0.
 1.099635 2.3021942E-14
 1.09978 2.2884435E-14
 1.099925 2.2920834E-14
 1.10007 2.3000422E-14
 1.100215 2.2648375E-14
 1.10036 2.2673408E-14
 1.100505 2.2511422E-14
 1.10065 2.2646622E-14
 1.100795 2.2573479E-14
 1.10094 2.2465352E-14
 1.101085 2.2316547E-14
 1.10123 2.263041E-14
 1.101375 2.3079454E-14
 1.10152 2.3418701E-14
 1.101665 2.328239E-14
 1.10181 2.3081423E-14
 1.101955 2.3225884E-14
 1.1021 2.2728313E-14
 1.102245 2.274389E-14
 1.10239 2.2514898E-14
 1.102535 2.2412377E-14
 1.10268 2.3224822E-14
 1.102825 2.3315302E-14
 1.10297 2.301666E-14
 1.103115 2.3057053E-14
 1.10326 2.2624809E-14
 1.103405 2.1723473E-14
 1.10355 2.0921233E-14
 1.103695 2.0595086E-14
 1.10384 2.066625E-14
 1.103985 2.0317376E-14
 1.10413 2.019846E-14
 1.104275 2.0109733E-14
 1.10442 2.061621E-14
 1.104565 2.1025382E-14
 1.10471 2.0795718E-14
 1.104855 2.0907877E-14
 1.105 2.1190833E-14
 1.105145 2.1033548E-14
 1.10529 2.0873945E-14
 1.105435 2.0509852E-14
 1.10558 2.0391066E-14
 1.105725 2.0256596E-14
 1.10587 2.0180675E-14
 1.106015 2.0256024E-14
 1.10616 2.051252E-14
 1.106305 2.0647275E-14
 1.10645 2.0876418E-14
 1.106595 2.0710264E-14
 1.10674 2.0700335E-14
 1.106885 2.1144238E-14
 1.10703 2.0519375E-14
 1.107175 2.0739525E-14
 1.10732 2.050945E-14
 1.107465 2.0625757E-14
 1.10761 2.0829965E-14
 1.107755 2.106653E-14
 1.1079 2.0428612E-14
 1.108045 2.0134178E-14
 1.10819 2.064255E-14
 1.108335 2.0886855E-14
 1.10848 2.0997076E-14
 1.108625 2.1706004E-14
 1.10877 2.249623E-14
 1.108915 2.2287422E-14
 1.10906 2.1710993E-14
 1.109205 2.183731E-14
 1.10935 2.150786E-14
 1.109495 2.1267549E-14
 1.10964 2.1527525E-14
 1.109785 2.1382601E-14
 1.10993 2.1681677E-14
 1.110075 2.1804505E-14
 1.11022 2.1526319E-14
 1.110365 2.1035096E-14
 1.11051 2.0876237E-14
 1.110655 2.092172E-14
 1.1108 2.087751E-14
 1.110945 2.0810644E-14
 1.11109 2.0981552E-14
 1.111235 2.0839179E-14
 1.11138 2.0959115E-14
 1.111525 2.078337E-14
 1.11167 2.1440073E-14
 1.111815 2.1157462E-14
 1.11196 2.1437066E-14
 1.112105 2.11484E-14
 1.11225 2.1078618E-14
 1.112395 2.046845E-14
 1.11254 2.0765562E-14
 1.112685 2.114607E-14
 1.11283 2.1318364E-14
 1.112975 2.1019234E-14
 1.11312 2.1343894E-14
 1.113265 2.1255557E-14
 1.11341 2.2025897E-14
 1.113555 2.1537637E-14
 1.1137 2.1801686E-14
 1.113845 2.1724005E-14
 1.11399 2.2040682E-14
 1.114135 2.1448634E-14
 1.11428 2.1388033E-14
 1.114425 2.202637E-14
 1.11457 2.237936E-14
 1.114715 2.2256619E-14
 1.11486 2.2636874E-14
 1.115005 2.217837E-14
 1.11515 2.2225206E-14
 1.115295 2.269357E-14
 1.11544 2.2496314E-14
 1.115585 2.2564851E-14
 1.11573 2.272188E-14
 1.115875 2.2621951E-14
 1.11602 2.2705015E-14
 1.116165 2.189012E-14
 1.11631 2.1078976E-14
 1.116455 2.0863199E-14
 1.1166 2.0255778E-14
 1.116745 2.0823729E-14
 1.11689 2.1342698E-14
 1.117035 2.204148E-14
 1.11718 2.1401383E-14
 1.117325 2.1568737E-14
 1.11747 2.1192251E-14
 1.117615 2.1556026E-14
 1.11776 2.1397878E-14
 1.117905 2.169834E-14
 1.11805 2.1762026E-14
 1.118195 2.1924997E-14
 1.11834 2.1513382E-14
 1.118485 2.22039E-14
 1.11863 2.2386984E-14
 1.118775 2.2526887E-14
 1.11892 2.2461801E-14
 1.119065 2.2746999E-14
 1.11921 2.132516E-14
 1.119355 2.09436E-14
 1.1195 2.19049E-14
 1.119645 2.1621668E-14
 1.11979 2.1307058E-14
 1.119935 2.1643157E-14
 1.12008 2.1589562E-14
 1.120225 2.1777717E-14
 1.12037 2.146847E-14
 1.120515 2.2638834E-14
 1.12066 2.2758413E-14
 1.120805 2.2545301E-14
 1.12095 2.2808422E-14
 1.121095 2.2481456E-14
 1.12124 2.184765E-14
 1.121385 2.1827643E-14
 1.12153 2.2473271E-14
 1.121675 2.177581E-14
 1.12182 2.1255767E-14
 1.121965 2.1671687E-14
 1.12211 2.2189493E-14
 1.122255 2.1650259E-14
 1.1224 2.1028152E-14
 1.122545 2.1744644E-14
 1.12269 2.210022E-14
 1.122835 2.4160129E-14
 1.12298 2.436156E-14
 1.123125 2.3812087E-14
 1.12327 2.3199738E-14
 1.123415 2.283491E-14
 1.12356 2.161153E-14
 1.123705 2.1435504E-14
 1.12385 2.1347792E-14
 1.123995 2.2303463E-14
 1.12414 2.2896144E-14
 1.124285 2.2298183E-14
 1.12443 2.3328431E-14
 1.124575 2.329071E-14
 1.12472 2.263778E-14
 1.124865 2.2570773E-14
 1.12501 2.252495E-14
 1.125155 2.2093679E-14
 1.1253 2.1773627E-14
 1.125445 2.0848285E-14
 1.12559 2.0157448E-14
 1.125735 2.1704542E-14
 1.12588 2.3990717E-14
 1.126025 2.3590677E-14
 1.12617 2.2918082E-14
 1.126315 2.3903929E-14
 1.12646 2.3046653E-14
 1.126605 2.2941808E-14
 1.12675 2.211828E-14
 1.126895 2.3680949E-14
 1.12704 2.2882336E-14
 1.127185 2.262908E-14
 1.12733 2.2242406E-14
 1.127475 2.3118309E-14
 1.12762 2.2228608E-14
 1.127765 2.172943E-14
 1.12791 2.290958E-14
 1.128055 2.2701837E-14
 1.1282 2.247732E-14
 1.128345 2.279786E-14
 1.12849 2.2725508E-14
 1.128635 2.2810043E-14
 1.12878 2.2289125E-14
 1.128925 2.2900484E-14
 1.12907 2.4281907E-14
 1.129215 2.4243316E-14
 1.12936 2.4486262E-14
 1.129505 2.4139192E-14
 1.12965 2.291155E-14
 1.129795 2.4076967E-14
 1.12994 2.3505535E-14
 1.130085 2.2220324E-14
 1.13023 2.3680903E-14
 1.130375 2.4533804E-14
 1.13052 2.3217009E-14
 1.130665 2.3067069E-14
 1.13081 2.285715E-14
 1.130955 2.2553253E-14
 1.1311 2.1734433E-14
 1.131245 2.1660621E-14
 1.13139 2.1344685E-14
 1.131535 2.1255067E-14
 1.13168 2.1587255E-14
 1.131825 2.0913255E-14
 1.13197 2.1139384E-14
 1.132115 2.1949243E-14
 1.13226 2.1639157E-14
 1.132405 2.141548E-14
 1.13255 2.2140775E-14
 1.132695 2.1862115E-14
 1.13284 2.1886615E-14
 1.132985 2.1936895E-14
 1.13313 2.20586E-14
 1.133275 2.1862183E-14
 1.13342 2.131905E-14
 1.133565 2.0676294E-14
 1.13371 2.1703578E-14
 1.133855 2.2022792E-14
 1.134 2.1616108E-14
 1.134145 2.2179304E-14
 1.13429 2.199695E-14
 1.134435 2.0656213E-14
 1.13458 2.012948E-14
 1.134725 2.0544273E-14
 1.13487 2.0041138E-14
 1.135015 1.9592995E-14
 1.13516 2.0910176E-14
 1.135305 2.3694212E-14
 1.13545 2.457628E-14
 1.135595 2.355865E-14
 1.13574 2.2874845E-14
 1.135885 2.217984E-14
 1.13603 2.1143111E-14
 1.136175 2.1433252E-14
 1.13632 2.1855878E-14
 1.136465 2.1771474E-14
 1.13661 2.2358336E-14
 1.136755 2.1666854E-14
 1.1369 2.1372618E-14
 1.137045 2.093292E-14
 1.13719 2.0285956E-14
 1.137335 2.0189779E-14
 1.13748 2.0435373E-14
 1.137625 1.9917041E-14
 1.13777 2.0121298E-14
 1.137915 1.9829714E-14
 1.13806 1.9662769E-14
 1.138205 1.9244783E-14
 1.13835 1.7788929E-14
 1.138495 1.733508E-14
 1.13864 1.7520212E-14
 1.138785 1.8240848E-14
 1.13893 1.9243313E-14
 1.139075 2.0510747E-14
 1.13922 2.0794645E-14
 1.139365 2.0957711E-14
 1.13951 2.0600632E-14
 1.139655 2.0106263E-14
 1.1398 1.9682098E-14
 1.139945 1.9859228E-14
 1.14009 2.0424973E-14
 1.140235 1.9698542E-14
 1.14038 1.8616612E-14
 1.140525 1.7411663E-14
 1.14067 1.5885547E-14
 1.140815 1.5227764E-14
 1.14096 1.5534222E-14
 1.141105 1.6283719E-14
 1.14125 1.7448125E-14
 1.141395 1.8991605E-14
 1.14154 2.0280212E-14
 1.141685 2.1017622E-14
 1.14183 2.1026751E-14
 1.141975 2.1256964E-14
 1.14212 2.1750947E-14
 1.142265 2.2076535E-14
 1.14241 2.1362684E-14
 1.142555 2.0811452E-14
 1.1427 2.175796E-14
 1.142845 2.1370804E-14
 1.14299 2.1129804E-14
 1.143135 2.0904773E-14
 1.14328 2.0918002E-14
 1.143425 2.0934048E-14
 1.14357 2.0710162E-14
 1.143715 2.0729481E-14
 1.14386 2.062309E-14
 1.144005 2.023213E-14
 1.14415 1.9965214E-14
 1.144295 2.0156145E-14
 1.14444 2.0778614E-14
 1.144585 2.0978789E-14
 1.14473 2.0940975E-14
 1.144875 2.1037922E-14
 1.14502 2.2060306E-14
 1.145165 2.1905287E-14
 1.14531 2.0156536E-14
 1.145455 2.1540837E-14
 1.1456 2.2719604E-14
 1.145745 2.119304E-14
 1.14589 2.1488032E-14
 1.146035 2.2971649E-14
 1.14618 2.1594585E-14
 1.146325 2.1394502E-14
 1.14647 2.1469548E-14
 1.146615 2.1348322E-14
 1.14676 2.1912937E-14
 1.146905 2.1831234E-14
 1.14705 2.1939571E-14
 1.147195 2.3390166E-14
 1.14734 2.2944173E-14
 1.147485 2.2509613E-14
 1.14763 2.1890863E-14
 1.147775 2.3048458E-14
 1.14792 2.2235774E-14
 1.148065 2.2330479E-14
 1.14821 2.1866948E-14
 1.148355 2.1810012E-14
 1.1485 2.1633267E-14
 1.148645 2.1048313E-14
 1.14879 2.0870356E-14
 1.148935 2.1581527E-14
 1.14908 2.2156322E-14
 1.149225 2.2131605E-14
 1.14937 2.258326E-14
 1.149515 2.2108544E-14
 1.14966 2.147775E-14
 1.149805 2.1367714E-14
 1.14995 2.1252907E-14
 1.150095 2.1747405E-14
 1.15024 2.2472689E-14
 1.150385 2.2423534E-14
 1.15053 2.2490548E-14
 1.150675 2.1730156E-14
 1.15082 2.1768669E-14
 1.150965 2.2272879E-14
 1.15111 2.1206822E-14
 1.151255 2.1485928E-14
 1.1514 2.2211721E-14
 1.151545 2.1430896E-14
 1.15169 2.1552655E-14
 1.151835 2.1197027E-14
 1.15198 2.1637524E-14
 1.152125 2.2056115E-14
 1.15227 2.1172081E-14
 1.152415 2.1187167E-14
 1.15256 2.1497932E-14
 1.152705 2.1694293E-14
 1.15285 2.1592959E-14
 1.152995 2.115979E-14
 1.15314 2.1524063E-14
 1.153285 2.1615471E-14
 1.15343 2.159889E-14
 1.153575 2.0995202E-14
 1.15372 2.0950347E-14
 1.153865 2.080702E-14
 1.15401 2.0910774E-14
 1.154155 2.1490747E-14
 1.1543 2.1243873E-14
 1.154445 2.1508257E-14
 1.15459 2.1384231E-14
 1.154735 2.0931277E-14
 1.15488 2.1164184E-14
 1.155025 2.1897579E-14
 1.15517 2.1906557E-14
 1.155315 2.1348398E-14
 1.15546 2.1803065E-14
 1.155605 2.1730037E-14
 1.15575 2.115278E-14
 1.155895 2.231864E-14
 1.15604 2.1528379E-14
 1.156185 2.1712077E-14
 1.15633 2.1799885E-14
 1.156475 2.150841E-14
 1.15662 2.2249111E-14
 1.156765 2.1554095E-14
 1.15691 2.150907E-14
 1.157055 2.1164955E-14
 1.1572 2.1434028E-14
 1.157345 2.1242941E-14
 1.15749 2.1248835E-14
 1.157635 2.0994037E-14
 1.15778 2.0890516E-14
 1.157925 2.1964808E-14
 1.15807 2.136876E-14
 1.158215 2.121072E-14
 1.15836 2.1631146E-14
 1.158505 2.2289257E-14
 1.15865 2.2012138E-14
 1.158795 2.1495706E-14
 1.15894 2.1388629E-14
 1.159085 2.1685837E-14
 1.15923 2.1120714E-14
 1.159375 2.0810593E-14
 1.15952 2.0514596E-14
 1.159665 2.0393336E-14
 1.15981 2.066857E-14
 1.159955 2.0277859E-14
 1.1601 2.0152347E-14
 1.160245 2.0573876E-14
 1.16039 2.085469E-14
 1.160535 2.1635593E-14
 1.16068 2.0656601E-14
 1.160825 2.1559865E-14
 1.16097 2.1177448E-14
 1.161115 2.0454987E-14
 1.16126 2.0721353E-14
 1.161405 2.0722675E-14
 1.16155 2.0843975E-14
 1.161695 2.0995458E-14
 1.16184 2.118773E-14
 1.161985 2.1181063E-14
 1.16213 2.1235648E-14
 1.162275 2.0795565E-14
 1.16242 2.1174079E-14
 1.162565 2.0944504E-14
 1.16271 2.1216522E-14
 1.162855 2.1513814E-14
 1.163 2.1623882E-14
 1.163145 2.1814055E-14
 1.16329 2.1922507E-14
 1.163435 2.1685282E-14
 1.16358 2.1489915E-14
 1.163725 2.1180613E-14
 1.16387 2.1038374E-14
 1.164015 2.0806729E-14
 1.16416 2.0700637E-14
 1.164305 2.0954008E-14
 1.16445 2.1125705E-14
 1.164595 2.1335152E-14
 1.16474 2.1145019E-14
 1.164885 2.113056E-14
 1.16503 2.1508965E-14
 1.165175 2.1276954E-14
 1.16532 2.1452517E-14
 1.165465 2.1167567E-14
 1.16561 2.0849111E-14
 1.165755 2.0399925E-14
 1.1659 2.104113E-14
 1.166045 2.0631102E-14
 1.16619 2.098989E-14
 1.166335 2.120405E-14
 1.16648 2.1661455E-14
 1.166625 2.168987E-14
 1.16677 2.1813887E-14
 1.166915 2.1641099E-14
 1.16706 2.1218572E-14
 1.167205 2.1376142E-14
 1.16735 2.1316882E-14
 1.167495 2.105059E-14
 1.16764 2.0892303E-14
 1.167785 2.085879E-14
 1.16793 2.1071708E-14
 1.168075 2.0939183E-14
 1.16822 2.0724914E-14
 1.168365 2.0700796E-14
 1.16851 2.0639552E-14
 1.168655 2.058847E-14
 1.1688 2.0322914E-14
 1.168945 1.9811357E-14
 1.16909 1.9137817E-14
 1.169235 1.8023104E-14
 1.16938 1.767586E-14
 1.169525 1.8130445E-14
 1.16967 1.8476403E-14
 1.169815 1.8984175E-14
 1.16996 1.9369118E-14
 1.170105 2.000193E-14
 1.17025 2.0197414E-14
 1.170395 2.0541698E-14
 1.17054 2.0751924E-14
 1.170685 2.1020458E-14
 1.17083 2.0815999E-14
 1.170975 2.0763185E-14
 1.17112 2.1292323E-14
 1.171265 2.0892132E-14
 1.17141 2.07734E-14
 1.171555 2.0562357E-14
 1.1717 2.0395684E-14
 1.171845 2.0369418E-14
 1.17199 2.0638398E-14
 1.172135 2.0530122E-14
 1.17228 2.0569399E-14
 1.172425 2.099403E-14
 1.17257 2.0868442E-14
 1.172715 2.088594E-14
 1.17286 2.1155215E-14
 1.173005 2.1046035E-14
 1.17315 2.0982568E-14
 1.173295 2.0964741E-14
 1.17344 2.0746793E-14
 1.173585 2.0672212E-14
 1.17373 2.0601032E-14
 1.173875 2.0222403E-14
 1.17402 2.0142245E-14
 1.174165 2.0305697E-14
 1.17431 2.0755158E-14
 1.174455 2.096221E-14
 1.1746 2.1090268E-14
 1.174745 2.1391466E-14
 1.17489 2.1198904E-14
 1.175035 2.1096582E-14
 1.17518 2.0430611E-14
 1.175325 2.0139425E-14
 1.17547 2.0112028E-14
 1.175615 1.9866441E-14
 1.17576 2.0011785E-14
 1.175905 2.0012194E-14
 1.17605 2.0275233E-14
 1.176195 2.0216811E-14
 1.17634 2.0312956E-14
 1.176485 2.0364712E-14
 1.17663 2.0309565E-14
 1.176775 2.0231182E-14
 1.17692 1.9901934E-14
 1.177065 1.9214461E-14
 1.17721 1.8180124E-14
 1.177355 1.7010078E-14
 1.1775 1.5836082E-14
 1.177645 1.5280278E-14
 1.17779 1.5700125E-14
 1.177935 1.6481449E-14
 1.17808 1.7453807E-14
 1.178225 1.8466133E-14
 1.17837 1.9225166E-14
 1.178515 1.9714077E-14
 1.17866 1.9689989E-14
 1.178805 2.003802E-14
 1.17895 2.0077086E-14
 1.179095 2.027969E-14
 1.17924 2.0026847E-14
 1.179385 2.0009327E-14
 1.17953 2.0057037E-14
 1.179675 2.0334418E-14
 1.17982 1.9927358E-14
 1.179965 2.0095723E-14
 1.18011 1.9998973E-14
 1.180255 2.0194045E-14
 1.1804 2.0232268E-14
 1.180545 2.0265013E-14
 1.18069 2.0230686E-14
 1.180835 1.9989908E-14
 1.18098 2.0350807E-14
 1.181125 2.0331269E-14
 1.18127 1.9988006E-14
 1.181415 1.9646773E-14
 1.18156 1.9475336E-14
 1.181705 1.9292646E-14
 1.18185 1.956122E-14
 1.181995 1.9384002E-14
 1.18214 1.9424661E-14
 1.182285 1.9907709E-14
 1.18243 2.0230918E-14
 1.182575 2.0396625E-14
 1.18272 2.0412146E-14
 1.182865 2.0108535E-14
 1.18301 1.9854346E-14
 1.183155 2.0014753E-14
 1.1833 1.9672078E-14
 1.183445 1.9497431E-14
 1.18359 1.948014E-14
 1.183735 1.9328721E-14
 1.18388 1.9239774E-14
 1.184025 1.916624E-14
 1.18417 1.903547E-14
 1.184315 1.9347439E-14
 1.18446 2.002021E-14
 1.184605 2.0097366E-14
 1.18475 2.0189926E-14
 1.184895 1.9956496E-14
 1.18504 1.961732E-14
 1.185185 1.9441436E-14
 1.18533 1.8853109E-14
 1.185475 1.9233835E-14
 1.18562 1.9209632E-14
 1.185765 1.925315E-14
 1.18591 1.9304655E-14
 1.186055 1.9710414E-14
 1.1862 1.9761446E-14
 1.186345 1.9770711E-14
 1.18649 1.9958944E-14
 1.186635 1.98566E-14
 1.18678 1.9692457E-14
 1.186925 1.9714204E-14
 1.18707 1.9617829E-14
 1.187215 1.95672E-14
 1.18736 1.9764873E-14
 1.187505 1.9573136E-14
 1.18765 1.9841376E-14
 1.187795 1.9896475E-14
 1.18794 1.9626014E-14
 1.188085 1.984479E-14
 1.18823 1.9688825E-14
 1.188375 1.9256449E-14
 1.18852 1.8416892E-14
 1.188665 1.8086613E-14
 1.18881 1.8064284E-14
 1.188955 1.8411264E-14
 1.1891 1.859471E-14
 1.189245 1.8994107E-14
 1.18939 1.9370058E-14
 1.189535 1.9190184E-14
 1.18968 1.9770852E-14
 1.189825 1.9934715E-14
 1.18997 1.9939059E-14
 1.190115 1.9766449E-14
 1.19026 1.9976467E-14
 1.190405 1.984515E-14
 1.19055 1.976557E-14
 1.190695 1.9839133E-14
 1.19084 1.9771992E-14
 1.190985 1.9709732E-14
 1.19113 1.9744594E-14
 1.191275 1.97539E-14
 1.19142 1.9654854E-14
 1.191565 1.9709171E-14
 1.19171 1.959724E-14
 1.191855 1.9625108E-14
 1.192 1.977362E-14
 1.192145 1.9489705E-14
 1.19229 1.9743848E-14
 1.192435 1.9801692E-14
 1.19258 1.968461E-14
 1.192725 1.984991E-14
 1.19287 1.9929013E-14
 1.193015 2.001731E-14
 1.19316 1.9876802E-14
 1.193305 2.0178583E-14
 1.19345 2.0081474E-14
 1.193595 2.0196391E-14
 1.19374 1.9690484E-14
 1.193885 1.9702591E-14
 1.19403 1.951843E-14
 1.194175 1.9300005E-14
 1.19432 1.9153861E-14
 1.194465 1.9333813E-14
 1.19461 1.9266794E-14
 1.194755 1.9443136E-14
 1.1949 1.9356388E-14
 1.195045 1.8887522E-14
 1.19519 1.8726567E-14
 1.195335 1.8537218E-14
 1.19548 1.8601545E-14
 1.195625 1.8999428E-14
 1.19577 1.9290123E-14
 1.195915 1.959817E-14
 1.19606 1.9577677E-14
 1.196205 1.9593517E-14
 1.19635 1.94374E-14
 1.196495 1.9211307E-14
 1.19664 1.9059342E-14
 1.196785 1.9082826E-14
 1.19693 1.9463535E-14
 1.197075 1.9626038E-14
 1.19722 1.9677692E-14
 1.197365 1.9313435E-14
 1.19751 1.8714824E-14
 1.197655 1.8603275E-14
 1.1978 1.8412416E-14
 1.197945 1.8049286E-14
 1.19809 1.8116127E-14
 1.198235 1.8431903E-14
 1.19838 1.8512733E-14
 1.198525 1.8378958E-14
 1.19867 1.8681484E-14
 1.198815 1.9014262E-14
 1.19896 1.8865162E-14
 1.199105 1.8701173E-14
 1.19925 1.9112368E-14
 1.199395 1.8628641E-14
 1.19954 1.886352E-14
 1.199685 1.8826671E-14
 1.19983 1.9033654E-14
 1.199975 1.8772913E-14
 1.20012 1.9038556E-14
 1.200265 1.871331E-14
 1.20041 1.8515629E-14
 1.200555 1.852135E-14
 1.2007 1.8540894E-14
 1.200845 1.8781373E-14
 1.20099 1.8983262E-14
 1.201135 1.887471E-14
 1.20128 1.9534435E-14
 1.201425 1.9319192E-14
 1.20157 1.9141171E-14
 1.201715 1.893751E-14
 1.20186 1.9224072E-14
 1.202005 1.9470057E-14
 1.20215 1.9089105E-14
 1.202295 1.894055E-14
 1.20244 1.8948806E-14
 1.202585 1.9207134E-14
 1.20273 1.91759E-14
 1.202875 1.8478176E-14
 1.20302 1.8383852E-14
 1.203165 1.8472223E-14
 1.20331 1.8130293E-14
 1.203455 1.8697288E-14
 1.2036 1.8286386E-14
 1.203745 1.8901244E-14
 1.20389 1.9804416E-14
 1.204035 1.987548E-14
 1.20418 1.9936223E-14
 1.204325 2.0437052E-14
 1.20447 2.0201651E-14
 1.204615 2.0011975E-14
 1.20476 1.9428547E-14
 1.204905 1.9133299E-14
 1.20505 1.9659894E-14
 1.205195 1.961816E-14
 1.20534 1.938111E-14
 1.205485 1.9824903E-14
 1.20563 1.9593392E-14
 1.205775 2.0320512E-14
 1.20592 2.0469263E-14
 1.206065 2.023281E-14
 1.20621 2.0268877E-14
 1.206355 2.0418161E-14
 1.2065 2.0526495E-14
 1.206645 2.0478378E-14
 1.20679 1.9947162E-14
 1.206935 2.0060646E-14
 1.20708 1.9948708E-14
 1.207225 1.9492783E-14
 1.20737 1.9633958E-14
 1.207515 1.9924272E-14
 1.20766 2.0129262E-14
 1.207805 2.0250071E-14
 1.20795 2.060855E-14
 1.208095 2.0181109E-14
 1.20824 2.0719092E-14
 1.208385 2.0241355E-14
 1.20853 2.0438134E-14
 1.208675 2.0391666E-14
 1.20882 2.021417E-14
 1.208965 1.9620143E-14
 1.20911 1.9492515E-14
 1.209255 1.9139086E-14
 1.2094 1.9150446E-14
 1.209545 1.9229982E-14
 1.20969 1.9562224E-14
 1.209835 1.9771909E-14
 1.20998 2.0660873E-14
 1.210125 2.0566106E-14
 1.21027 2.0625022E-14
 1.210415 2.0556087E-14
 1.21056 2.0105413E-14
 1.210705 1.9802837E-14
 1.21085 1.9347979E-14
 1.210995 1.9284545E-14
 1.21114 1.8825677E-14
 1.211285 1.8866124E-14
 1.21143 1.9286046E-14
 1.211575 1.9028597E-14
 1.21172 1.9035068E-14
 1.211865 1.923937E-14
 1.21201 1.9661346E-14
 1.212155 1.9383507E-14
 1.2123 1.954169E-14
 1.212445 2.0245809E-14
 1.21259 2.022338E-14
 1.212735 2.0354349E-14
 1.21288 2.0066187E-14
 1.213025 1.981238E-14
 1.21317 1.9572783E-14
 1.213315 1.9338518E-14
 1.21346 1.9141474E-14
 1.213605 1.931101E-14
 1.21375 1.9886621E-14
 1.213895 2.0079214E-14
 1.21404 2.0580143E-14
 1.214185 2.0644212E-14
 1.21433 2.1243674E-14
 1.214475 2.1445316E-14
 1.21462 2.1469975E-14
 1.214765 2.1431263E-14
 1.21491 2.1362943E-14
 1.215055 2.1160531E-14
 1.2152 2.130082E-14
 1.215345 2.1540277E-14
 1.21549 2.1383132E-14
 1.215635 2.1331546E-14
 1.21578 2.104689E-14
 1.215925 2.0843633E-14
 1.21607 2.0612596E-14
 1.216215 2.0563441E-14
 1.21636 2.0673526E-14
 1.216505 2.0752998E-14
 1.21665 2.0407028E-14
 1.216795 2.0598034E-14
 1.21694 2.0730935E-14
 1.217085 2.1260437E-14
 1.21723 2.1779978E-14
 1.217375 2.1682856E-14
 1.21752 2.1586396E-14
 1.217665 2.133467E-14
 1.21781 2.1112542E-14
 1.217955 2.1065733E-14
 1.2181 2.0959425E-14
 1.218245 2.13079E-14
 1.21839 2.1472243E-14
 1.218535 2.147304E-14
 1.21868 2.1764456E-14
 1.218825 2.121764E-14
 1.21897 2.117157E-14
 1.219115 2.1046673E-14
 1.21926 2.0867622E-14
 1.219405 2.0795125E-14
 1.21955 2.0943564E-14
 1.219695 2.1040041E-14
 1.21984 2.1028924E-14
 1.219985 2.0839736E-14
 1.22013 2.0772345E-14
 1.220275 2.0799194E-14
 1.22042 2.0791703E-14
 1.220565 2.0904002E-14
 1.22071 2.0733229E-14
 1.220855 2.0981342E-14
 1.221 2.1161782E-14
 1.221145 2.068209E-14
 1.22129 2.0319453E-14
 1.221435 2.0436339E-14
 1.22158 2.0556814E-14
 1.221725 1.9960914E-14
 1.22187 2.0199608E-14
 1.222015 2.021824E-14
 1.22216 2.040992E-14
 1.222305 2.0183577E-14
 1.22245 2.0067613E-14
 1.222595 1.9950572E-14
 1.22274 2.0202901E-14
 1.222885 2.0250698E-14
 1.22303 2.046367E-14
 1.223175 2.0946366E-14
 1.22332 2.115238E-14
 1.223465 2.122947E-14
 1.22361 2.1316987E-14
 1.223755 2.1284186E-14
 1.2239 2.120019E-14
 1.224045 2.11693E-14
 1.22419 2.1030012E-14
 1.224335 2.1400406E-14
 1.22448 2.1392263E-14
 1.224625 2.1200691E-14
 1.22477 2.1179496E-14
 1.224915 2.1295076E-14
 1.22506 2.11161E-14
 1.225205 2.1071254E-14
 1.22535 2.1075972E-14
 1.225495 2.1237611E-14
 1.22564 2.0957604E-14
 1.225785 2.0693218E-14
 1.22593 2.083778E-14
 1.226075 2.1107832E-14
 1.22622 2.102174E-14
 1.226365 2.0768569E-14
 1.22651 2.0815282E-14
 1.226655 2.0870843E-14
 1.2268 2.1067398E-14
 1.226945 2.1218118E-14
 1.22709 2.1450469E-14
 1.227235 2.0975965E-14
 1.22738 2.0800066E-14
 1.227525 2.0856833E-14
 1.22767 2.0825198E-14
 1.227815 2.081843E-14
 1.22796 2.0985683E-14
 1.228105 2.1074207E-14
 1.22825 2.1232168E-14
 1.228395 2.108283E-14
 1.22854 2.1004942E-14
 1.228685 2.093195E-14
 1.22883 2.0938348E-14
 1.228975 2.0815142E-14
 1.22912 2.0756834E-14
 1.229265 2.0658515E-14
 1.22941 2.0713413E-14
 1.229555 2.0711609E-14
 1.2297 2.0548203E-14
 1.229845 2.0324627E-14
 1.22999 2.0274911E-14
 1.230135 2.0642372E-14
 1.23028 2.072112E-14
 1.230425 2.0836084E-14
 1.23057 2.1152242E-14
 1.230715 2.1194382E-14
 1.23086 2.1078935E-14
 1.231005 2.1051683E-14
 1.23115 2.0878232E-14
 1.231295 2.0891212E-14
 1.23144 2.0730235E-14
 1.231585 2.0653242E-14
 1.23173 2.0466772E-14
 1.231875 2.0710669E-14
 1.23202 2.0705287E-14
 1.232165 2.0297052E-14
 1.23231 2.0545282E-14
 1.232455 2.047123E-14
 1.2326 2.0400966E-14
 1.232745 2.0444028E-14
 1.23289 2.0735783E-14
 1.233035 2.0899694E-14
 1.23318 2.0729085E-14
 1.233325 2.0609021E-14
 1.23347 2.055717E-14
 1.233615 2.0512065E-14
 1.23376 2.0539387E-14
 1.233905 2.052717E-14
 1.23405 2.0510188E-14
 1.234195 2.0622506E-14
 1.23434 2.0659023E-14
 1.234485 2.0240565E-14
 1.23463 2.0045382E-14
 1.234775 2.0121254E-14
 1.23492 2.0466666E-14
 1.235065 2.0479151E-14
 1.23521 2.0475385E-14
 1.235355 2.0591415E-14
 1.2355 2.0853302E-14
 1.235645 2.0842474E-14
 1.23579 2.0513019E-14
 1.235935 2.0557237E-14
 1.23608 2.086951E-14
 1.236225 2.0932134E-14
 1.23637 2.0879027E-14
 1.236515 2.0620336E-14
 1.23666 2.067896E-14
 1.236805 2.065328E-14
 1.23695 2.0750061E-14
 1.237095 2.0791679E-14
 1.23724 2.0903918E-14
 1.237385 2.0977113E-14
 1.23753 2.069111E-14
 1.237675 2.0592472E-14
 1.23782 2.0741399E-14
 1.237965 2.0710279E-14
 1.23811 2.064393E-14
 1.238255 2.0808321E-14
 1.2384 2.1028604E-14
 1.238545 2.1097292E-14
 1.23869 2.0856423E-14
 1.238835 2.0495898E-14
 1.23898 2.0192435E-14
 1.239125 1.9626866E-14
 1.23927 1.9295363E-14
 1.239415 1.9241592E-14
 1.23956 1.9381762E-14
 1.239705 1.9572887E-14
 1.23985 1.9357198E-14
 1.239995 1.9734297E-14
 1.24014 1.9936393E-14
 1.240285 1.9943692E-14
 1.24043 1.9711886E-14
 1.240575 1.9749681E-14
 1.24072 1.9658081E-14
 1.240865 1.970315E-14
 1.24101 1.9660085E-14
 1.241155 1.9820219E-14
 1.2413 2.013446E-14
 1.241445 2.0250935E-14
 1.24159 2.0264845E-14
 1.241735 2.0085277E-14
 1.24188 1.9786505E-14
 1.242025 1.9625233E-14
 1.24217 1.9379592E-14
 1.242315 1.9090102E-14
 1.24246 1.8937046E-14
 1.242605 1.8983162E-14
 1.24275 1.9006545E-14
 1.242895 1.9196226E-14
 1.24304 1.921248E-14
 1.243185 1.8793078E-14
 1.24333 1.8040441E-14
 1.243475 1.7318112E-14
 1.24362 1.7352403E-14
 1.243765 1.743585E-14
 1.24391 1.7367897E-14
 1.244055 1.76969E-14
 1.2442 1.8399121E-14
 1.244345 1.8960323E-14
 1.24449 1.8952435E-14
 1.244635 1.9204739E-14
 1.24478 1.9354645E-14
 1.244925 1.9461763E-14
 1.24507 1.9688602E-14
 1.245215 1.9961283E-14
 1.24536 1.9938907E-14
 1.245505 2.0139398E-14
 1.24565 1.9832324E-14
 1.245795 1.9813491E-14
 1.24594 1.967616E-14
 1.246085 1.967769E-14
 1.24623 1.9493564E-14
 1.246375 1.9341911E-14
 1.24652 1.9649479E-14
 1.246665 1.9656851E-14
 1.24681 1.9835221E-14
 1.246955 2.015006E-14
 1.2471 2.0158371E-14
 1.247245 2.0153087E-14
 1.24739 2.0114281E-14
 1.247535 2.0109845E-14
 1.24768 2.003063E-14
 1.247825 2.011134E-14
 1.24797 1.9871207E-14
 1.248115 1.974447E-14
 1.24826 1.9749214E-14
 1.248405 1.9630565E-14
 1.24855 1.974333E-14
 1.248695 1.9548853E-14
 1.24884 1.9954927E-14
 1.248985 1.9983196E-14
 1.24913 2.0043519E-14
 1.249275 2.0287776E-14
 1.24942 2.030012E-14
 1.249565 2.004036E-14
 1.24971 2.004233E-14
 1.249855 2.0056426E-14
 1.25 1.990583E-14
 1.250145 1.9811137E-14
 1.25029 1.9990589E-14
 1.250435 2.0332926E-14
 1.25058 2.0374376E-14
 1.250725 2.0474316E-14
 1.25087 2.0241707E-14
 1.251015 2.0187155E-14
 1.25116 2.0217001E-14
 1.251305 2.0145017E-14
 1.25145 1.9997355E-14
 1.251595 2.0052184E-14
 1.25174 2.0036661E-14
 1.251885 1.9824288E-14
 1.25203 1.9732466E-14
 1.252175 1.9272547E-14
 1.25232 1.8378242E-14
 1.252465 1.7305239E-14
 1.25261 1.7074885E-14
 1.252755 1.7487402E-14
 1.2529 1.7543607E-14
 1.253045 1.8551988E-14
 1.25319 1.9373285E-14
 1.253335 2.0113446E-14
 1.25348 2.0232885E-14
 1.253625 2.0373685E-14
 1.25377 2.0418642E-14
 1.253915 2.0101457E-14
 1.25406 2.0133658E-14
 1.254205 2.056595E-14
 1.25435 2.0798179E-14
 1.254495 2.0521525E-14
 1.25464 2.0675148E-14
 1.254785 2.0531177E-14
 1.25493 2.035678E-14
 1.255075 2.0303707E-14
 1.25522 2.0257447E-14
 1.255365 2.015547E-14
 1.25551 2.0517935E-14
 1.255655 2.0972036E-14
 1.2558 2.0822245E-14
 1.255945 2.0778098E-14
 1.25609 2.0893021E-14
 1.256235 2.079454E-14
 1.25638 2.074076E-14
 1.256525 2.038895E-14
 1.25667 2.0377309E-14
 1.256815 1.9977436E-14
 1.25696 1.9887443E-14
 1.257105 2.0037413E-14
 1.25725 2.0146741E-14
 1.257395 2.0180199E-14
 1.25754 2.0097683E-14
 1.257685 2.0546434E-14
 1.25783 2.0640512E-14
 1.257975 2.0447092E-14
 1.25812 2.0349331E-14
 1.258265 2.0287444E-14
 1.25841 2.037376E-14
 1.258555 2.0660233E-14
 1.2587 2.0514914E-14
 1.258845 2.0189864E-14
 1.25899 2.0291223E-14
 1.259135 1.9969955E-14
 1.25928 1.9944416E-14
 1.259425 2.0003296E-14
 1.25957 1.9973816E-14
 1.259715 1.9817784E-14
 1.25986 1.9939181E-14
 1.260005 2.005122E-14
 1.26015 2.0072783E-14
 1.260295 2.0176648E-14
 1.26044 2.0253564E-14
 1.260585 2.0185014E-14
 1.26073 2.032663E-14
 1.260875 2.0631866E-14
 1.26102 2.0533791E-14
 1.261165 2.0799938E-14
 1.26131 2.1088342E-14
 1.261455 2.0822772E-14
 1.2616 2.0886694E-14
 1.261745 2.0755963E-14
 1.26189 2.0601639E-14
 1.262035 2.0548467E-14
 1.26218 2.055704E-14
 1.262325 1.9999874E-14
 1.26247 2.0093571E-14
 1.262615 2.0560639E-14
 1.26276 2.029129E-14
 1.262905 2.064741E-14
 1.26305 2.0709864E-14
 1.263195 2.0738362E-14
 1.26334 2.07042E-14
 1.263485 2.0641024E-14
 1.26363 2.0479212E-14
 1.263775 2.0672612E-14
 1.26392 2.0327637E-14
 1.264065 2.0132008E-14
 1.26421 2.0089358E-14
 1.264355 2.0325753E-14
 1.2645 2.0435266E-14
 1.264645 2.0119396E-14
 1.26479 2.02656E-14
 1.264935 2.0648652E-14
 1.26508 2.040455E-14
 1.265225 2.0681219E-14
 1.26537 2.059885E-14
 1.265515 2.0613675E-14
 1.26566 2.1011216E-14
 1.265805 2.0637726E-14
 1.26595 2.0485351E-14
 1.266095 2.0570524E-14
 1.26624 2.0626455E-14
 1.266385 2.0822972E-14
 1.26653 2.0737738E-14
 1.266675 2.0626796E-14
 1.26682 2.0514247E-14
 1.266965 2.1042008E-14
 1.26711 2.0953979E-14
 1.267255 2.0804606E-14
 1.2674 2.077778E-14
 1.267545 2.0800275E-14
 1.26769 2.1025672E-14
 1.267835 2.0939471E-14
 1.26798 2.0648873E-14
 1.268125 2.0171077E-14
 1.26827 2.0103617E-14
 1.268415 2.0201134E-14
 1.26856 1.9978773E-14
 1.268705 2.0006507E-14
 1.26885 2.043854E-14
 1.268995 2.0979082E-14
 1.26914 2.131596E-14
 1.269285 2.1157092E-14
 1.26943 2.1276292E-14
 1.269575 2.1061847E-14
 1.26972 2.122824E-14
 1.269865 2.0925363E-14
 1.27001 2.0842335E-14
 1.270155 2.0904702E-14
 1.2703 2.075047E-14
 1.270445 2.0768367E-14
 1.27059 2.0739576E-14
 1.270735 2.0764479E-14
 1.27088 2.0553065E-14
 1.271025 2.0893777E-14
 1.27117 2.0693162E-14
 1.271315 2.0801374E-14
 1.27146 2.0883706E-14
 1.271605 2.09064E-14
 1.27175 2.0996292E-14
 1.271895 2.0832747E-14
 1.27204 2.0929974E-14
 1.272185 2.1035906E-14
 1.27233 2.0859115E-14
 1.272475 2.1079004E-14
 1.27262 2.1045311E-14
 1.272765 2.1145458E-14
 1.27291 2.1095423E-14
 1.273055 2.0900596E-14
 1.2732 2.1011708E-14
 1.273345 2.100861E-14
 1.27349 2.090336E-14
 1.273635 2.075358E-14
 1.27378 2.0784552E-14
 1.273925 2.0659073E-14
 1.27407 2.057115E-14
 1.274215 2.037889E-14
 1.27436 2.0304073E-14
 1.274505 2.0635867E-14
 1.27465 2.0711104E-14
 1.274795 2.0675044E-14
 1.27494 2.1016344E-14
 1.275085 2.1185956E-14
 1.27523 2.1207604E-14
 1.275375 2.0991231E-14
 1.27552 2.095728E-14
 1.275665 2.0997093E-14
 1.27581 2.0925564E-14
 1.275955 2.0848573E-14
 1.2761 2.095719E-14
 1.276245 2.1172857E-14
 1.27639 2.1549045E-14
 1.276535 2.1301486E-14
 1.27668 2.1235612E-14
 1.276825 2.126385E-14
 1.27697 2.1326318E-14
 1.277115 2.1294586E-14
 1.27726 2.124176E-14
 1.277405 2.1541722E-14
 1.27755 2.1465565E-14
 1.277695 2.1577261E-14
 1.27784 2.1482168E-14
 1.277985 2.1309333E-14
 1.27813 2.1215262E-14
 1.278275 2.1423688E-14
 1.27842 2.1486642E-14
 1.278565 2.1397333E-14
 1.27871 2.1668744E-14
 1.278855 2.1848661E-14
 1.279 2.2177108E-14
 1.279145 2.248335E-14
 1.27929 2.2679282E-14
 1.279435 2.2868424E-14
 1.27958 2.2729985E-14
 1.279725 2.2707056E-14
 1.27987 2.2584124E-14
 1.280015 2.231602E-14
 1.28016 2.2163418E-14
 1.280305 2.2089188E-14
 1.28045 2.1928887E-14
 1.280595 2.1882827E-14
 1.28074 2.1661441E-14
 1.280885 2.1394067E-14
 1.28103 2.1527286E-14
 1.281175 2.1449754E-14
 1.28132 2.130099E-14
 1.281465 2.121641E-14
 1.28161 2.1162507E-14
 1.281755 2.130635E-14
 1.2819 2.1642913E-14
 1.282045 2.2103547E-14
 1.28219 2.2669382E-14
 1.282335 2.2676527E-14
 1.28248 2.2662738E-14
 1.282625 2.2582876E-14
 1.28277 2.1923213E-14
 1.282915 2.1532301E-14
 1.28306 2.1297805E-14
 1.283205 2.1080026E-14
 1.28335 2.0727892E-14
 1.283495 2.0533097E-14
 1.28364 2.1256553E-14
 1.283785 2.126978E-14
 1.28393 2.1516316E-14
 1.284075 2.1659978E-14
 1.28422 2.165436E-14
 1.284365 2.175138E-14
 1.28451 2.1622302E-14
 1.284655 2.1764135E-14
 1.2848 2.16237E-14
 1.284945 2.1458179E-14
 1.28509 2.1571903E-14
 1.285235 2.153891E-14
 1.28538 2.1385363E-14
 1.285525 2.1472424E-14
 1.28567 2.1503314E-14
 1.285815 2.1200039E-14
 1.28596 2.0802433E-14
 1.286105 2.0582104E-14
 1.28625 2.0507862E-14
 1.286395 2.0300823E-14
 1.28654 2.0342547E-14
 1.286685 2.0551711E-14
 1.28683 2.0741403E-14
 1.286975 2.1027664E-14
 1.28712 2.1214069E-14
 1.287265 2.1260434E-14
 1.28741 2.1489758E-14
 1.287555 2.1378227E-14
 1.2877 2.1198982E-14
 1.287845 2.1170496E-14
 1.28799 2.082442E-14
 1.288135 2.0393609E-14
 1.28828 2.0332541E-14
 1.288425 2.028825E-14
 1.28857 2.0409176E-14
 1.288715 2.050596E-14
 1.28886 2.0495802E-14
 1.289005 2.0683682E-14
 1.28915 2.0733364E-14
 1.289295 2.1043897E-14
 1.28944 2.132197E-14
 1.289585 2.1355905E-14
 1.28973 2.1445412E-14
 1.289875 2.1276031E-14
 1.29002 2.1071684E-14
 1.290165 2.0758904E-14
 1.29031 2.04498E-14
 1.290455 2.0428464E-14
 1.2906 2.0271982E-14
 1.290745 2.0331606E-14
 1.29089 2.0427052E-14
 1.291035 2.0396882E-14
 1.29118 2.0726617E-14
 1.291325 2.0518098E-14
 1.29147 2.0753464E-14
 1.291615 2.0748819E-14
 1.29176 2.079938E-14
 1.291905 2.0587808E-14
 1.29205 2.0642232E-14
 1.292195 2.0623589E-14
 1.29234 2.0541967E-14
 1.292485 2.0834378E-14
 1.29263 2.0952583E-14
 1.292775 2.0946481E-14
 1.29292 2.0881791E-14
 1.293065 2.093463E-14
 1.29321 2.0986795E-14
 1.293355 2.081202E-14
 1.2935 2.0807076E-14
 1.293645 2.0909176E-14
 1.29379 2.1067358E-14
 1.293935 2.1066141E-14
 1.29408 2.094648E-14
 1.294225 2.107094E-14
 1.29437 2.1137819E-14
 1.294515 2.094727E-14
 1.29466 2.0969788E-14
 1.294805 2.1193794E-14
 1.29495 2.1312989E-14
 1.295095 2.1463058E-14
 1.29524 2.135892E-14
 1.295385 2.151077E-14
 1.29553 2.1290888E-14
 1.295675 2.1328017E-14
 1.29582 2.1145703E-14
 1.295965 2.0786073E-14
 1.29611 2.0852703E-14
 1.296255 2.0890856E-14
 1.2964 2.0949854E-14
 1.296545 2.0838943E-14
 1.29669 2.0906266E-14
 1.296835 2.1012512E-14
 1.29698 2.1023185E-14
 1.297125 2.110068E-14
 1.29727 2.1051772E-14
 1.297415 2.1540592E-14
 1.29756 2.1533519E-14
 1.297705 2.1227467E-14
 1.29785 2.1158224E-14
 1.297995 2.1225092E-14
 1.29814 2.0909447E-14
 1.298285 2.0864673E-14
 1.29843 2.1143323E-14
 1.298575 2.10995E-14
 1.29872 2.1147717E-14
 1.298865 2.1170603E-14
 1.29901 2.1193638E-14
 1.299155 2.1281987E-14
 1.2993 2.1101339E-14
 1.299445 2.1063524E-14
 1.29959 2.1188028E-14
 1.299735 2.1165605E-14
 1.29988 2.1164956E-14
 1.300025 2.0971379E-14
 1.30017 2.0899859E-14
 1.300315 2.0684995E-14
 1.30046 2.0669618E-14
 1.300605 2.0846604E-14
 1.30075 2.0754127E-14
 1.300895 2.070971E-14
 1.30104 2.0863616E-14
 1.301185 2.0889267E-14
 1.30133 2.0525853E-14
 1.301475 2.044277E-14
 1.30162 2.0747388E-14
 1.301765 2.091304E-14
 1.30191 2.1047817E-14
 1.302055 2.101212E-14
 1.3022 2.0959004E-14
 1.302345 2.0809604E-14
 1.30249 2.0726381E-14
 1.302635 2.0543636E-14
 1.30278 2.0846424E-14
 1.302925 2.1197047E-14
 1.30307 2.1002505E-14
 1.303215 2.0907489E-14
 1.30336 2.0779882E-14
 1.303505 2.0894978E-14
 1.30365 2.0577082E-14
 1.303795 2.06506E-14
 1.30394 2.0669298E-14
 1.304085 2.0885596E-14
 1.30423 2.0852259E-14
 1.304375 2.0956976E-14
 1.30452 2.09048E-14
 1.304665 2.087387E-14
 1.30481 2.1152446E-14
 1.304955 2.1151023E-14
 1.3051 2.1001108E-14
 1.305245 2.108013E-14
 1.30539 2.1025374E-14
 1.305535 2.1113956E-14
 1.30568 2.128034E-14
 1.305825 2.1027913E-14
 1.30597 2.1089945E-14
 1.306115 2.0908493E-14
 1.30626 2.0713896E-14
 1.306405 2.0490201E-14
 1.30655 2.0638397E-14
 1.306695 2.098062E-14
 1.30684 2.0533688E-14
 1.306985 2.0494643E-14
 1.30713 2.0970742E-14
 1.307275 2.0914678E-14
 1.30742 2.0737186E-14
 1.307565 2.1181577E-14
 1.30771 2.100568E-14
 1.307855 2.070177E-14
 1.308 2.040143E-14
 1.308145 2.0598633E-14
 1.30829 2.0569351E-14
 1.308435 2.0217806E-14
 1.30858 2.043258E-14
 1.308725 2.068416E-14
 1.30887 2.058445E-14
 1.309015 2.0892833E-14
 1.30916 2.0856802E-14
 1.309305 2.0862186E-14
 1.30945 2.0564334E-14
 1.309595 2.0371352E-14
 1.30974 2.0331628E-14
 1.309885 2.007732E-14
 1.31003 2.031337E-14
 1.310175 2.0430015E-14
 1.31032 2.0468824E-14
 1.310465 2.0668498E-14
 1.31061 2.0996652E-14
 1.310755 2.0582934E-14
 1.3109 2.055124E-14
 1.311045 2.0807715E-14
 1.31119 2.0744764E-14
 1.311335 2.0532304E-14
 1.31148 2.0610538E-14
 1.311625 2.065806E-14
 1.31177 2.0596653E-14
 1.311915 2.0359941E-14
 1.31206 2.0332821E-14
 1.312205 2.0319829E-14
 1.31235 2.0175662E-14
 1.312495 1.9858117E-14
 1.31264 1.9248297E-14
 1.312785 1.9092443E-14
 1.31293 1.912984E-14
 1.313075 1.9251214E-14
 1.31322 1.969115E-14
 1.313365 2.0310346E-14
 1.31351 2.0496344E-14
 1.313655 2.0863982E-14
 1.3138 2.1518035E-14
 1.313945 2.099833E-14
 1.31409 2.0820964E-14
 1.314235 2.0637077E-14
 1.31438 2.0663447E-14
 1.314525 2.0236113E-14
 1.31467 2.0220542E-14
 1.314815 2.0292368E-14
 1.31496 2.0701675E-14
 1.315105 2.02314E-14
 1.31525 1.9799671E-14
 1.315395 1.9890051E-14
 1.31554 1.9706792E-14
 1.315685 1.9830244E-14
 1.31583 1.9756178E-14
 1.315975 1.9961854E-14
 1.31612 1.997696E-14
 1.316265 2.019382E-14
 1.31641 2.092253E-14
 1.316555 2.074288E-14
 1.3167 2.0880116E-14
 1.316845 2.0678565E-14
 1.31699 2.0814591E-14
 1.317135 2.1086582E-14
 1.31728 2.0636824E-14
 1.317425 2.078981E-14
 1.31757 2.088342E-14
 1.317715 2.0573392E-14
 1.31786 2.0259463E-14
 1.318005 2.0012226E-14
 1.31815 1.972889E-14
 1.318295 2.0080515E-14
 1.31844 2.032479E-14
 1.318585 2.037955E-14
 1.31873 2.0697054E-14
 1.318875 2.1260224E-14
 1.31902 2.122243E-14
 1.319165 2.0887016E-14
 1.31931 2.1180811E-14
 1.319455 2.1286505E-14
 1.3196 2.0984584E-14
 1.319745 2.07965E-14
 1.31989 2.0481118E-14
 1.320035 2.0341003E-14
 1.32018 2.0600122E-14
 1.320325 2.02321E-14
 1.32047 2.04849E-14
 1.320615 2.062571E-14
 1.32076 2.036833E-14
 1.320905 2.0305392E-14
 1.32105 2.0249385E-14
 1.321195 1.9935354E-14
 1.32134 1.9781538E-14
 1.321485 2.0490896E-14
 1.32163 2.0428388E-14
 1.321775 2.0310314E-14
 1.32192 2.0642113E-14
 1.322065 2.0315567E-14
 1.32221 2.0263896E-14
 1.322355 2.0291713E-14
 1.3225 2.052997E-14
 1.322645 2.108467E-14
 1.32279 2.0643231E-14
 1.322935 2.0874927E-14
 1.32308 2.0282422E-14
 1.323225 2.0645466E-14
 1.32337 2.0624329E-14
 1.323515 1.9975795E-14
 1.32366 1.9918585E-14
 1.323805 1.956328E-14
 1.32395 1.9296608E-14
 1.324095 1.9794135E-14
 1.32424 2.0095401E-14
 1.324385 2.0325392E-14
 1.32453 2.0630667E-14
 1.324675 2.08272E-14
 1.32482 2.088959E-14
 1.324965 2.0166303E-14
 1.32511 1.9576354E-14
 1.325255 1.9231878E-14
 1.3254 1.9013298E-14
 1.325545 1.9121606E-14
 1.32569 1.934755E-14
 1.325835 1.9384186E-14
 1.32598 1.9964223E-14
 1.326125 1.975465E-14
 1.32627 1.9854925E-14
 1.326415 2.0301357E-14
 1.32656 1.9968136E-14
 1.326705 1.992514E-14
 1.32685 1.9458607E-14
 1.326995 1.9652816E-14
 1.32714 1.9964963E-14
 1.327285 1.9804477E-14
 1.32743 1.9942925E-14
 1.327575 2.0128222E-14
 1.32772 1.9980155E-14
 1.327865 2.0255888E-14
 1.32801 1.9844212E-14
 1.328155 1.9307359E-14
 1.3283 1.9137527E-14
 1.328445 1.9556434E-14
 1.32859 1.9574018E-14
 1.328735 1.9571769E-14
 1.32888 1.989631E-14
 1.329025 1.9352933E-14
 1.32917 1.9579826E-14
 1.329315 1.963088E-14
 1.32946 1.8430971E-14
 1.329605 1.816794E-14
 1.32975 1.8374777E-14
 1.329895 1.8129397E-14
 1.33004 1.7840447E-14
 1.330185 1.842545E-14
 1.33033 1.8696136E-14
 1.330475 1.8474116E-14
 1.33062 1.8806424E-14
 1.330765 1.8901057E-14
 1.33091 1.9055643E-14
 1.331055 1.8737595E-14
 1.3312 1.843988E-14
 1.331345 1.8661901E-14
 1.33149 1.8737284E-14
 1.331635 1.80859E-14
 1.33178 1.752948E-14
 1.331925 1.7432106E-14
 1.33207 1.706538E-14
 1.332215 1.5933095E-14
 1.33236 1.520136E-14
 1.332505 1.5716412E-14
 1.33265 1.6161953E-14
 1.332795 1.6582986E-14
 1.33294 1.7132964E-14
 1.333085 1.7587408E-14
 1.33323 1.7510668E-14
 1.333375 1.716874E-14
 1.33352 1.7059567E-14
 1.333665 1.7081663E-14
 1.33381 1.702178E-14
 1.333955 1.6539611E-14
 1.3341 1.6686558E-14
 1.334245 1.6255713E-14
 1.33439 1.6099586E-14
 1.334535 1.5149174E-14
 1.33468 1.4057615E-14
 1.334825 1.3636821E-14
 1.33497 1.35917134E-14
 1.335115 1.3205509E-14
 1.33526 1.3198475E-14
 1.335405 1.3461706E-14
 1.33555 1.3803014E-14
 1.335695 1.3513221E-14
 1.33584 1.33450354E-14
 1.335985 1.4101939E-14
 1.33613 1.4834237E-14
 1.336275 1.5057542E-14
 1.33642 1.488852E-14
 1.336565 1.5053849E-14
 1.33671 1.5195676E-14
 1.336855 1.4876812E-14
 1.337 1.4270721E-14
 1.337145 1.3887275E-14
 1.33729 1.3102147E-14
 1.337435 1.3353442E-14
 1.33758 1.431877E-14
 1.337725 1.3845966E-14
 1.33787 1.4195537E-14
 1.338015 1.526224E-14
 1.33816 1.5529092E-14
 1.338305 1.5071918E-14
 1.33845 1.5229556E-14
 1.338595 1.4649716E-14
 1.33874 1.5129137E-14
 1.338885 1.5005524E-14
 1.33903 1.4667902E-14
 1.339175 1.4762414E-14
 1.33932 1.4734241E-14
 1.339465 1.4992492E-14
 1.33961 1.5613946E-14
 1.339755 1.5651124E-14
 1.3399 1.512206E-14
 1.340045 1.4865149E-14
 1.34019 1.5346961E-14
 1.340335 1.4776205E-14
 1.34048 1.4590363E-14
 1.340625 1.5556385E-14
 1.34077 1.5063417E-14
 1.340915 1.5068066E-14
 1.34106 1.5152288E-14
 1.341205 1.4654241E-14
 1.34135 1.4708822E-14
 1.341495 1.4228143E-14
 1.34164 1.40661756E-14
 1.341785 1.3670293E-14
 1.34193 1.3475772E-14
 1.342075 1.3414113E-14
 1.34222 1.3180195E-14
 1.342365 1.31316695E-14
 1.34251 1.3535588E-14
 1.342655 1.3208353E-14
 1.3428 1.3133613E-14
 1.342945 1.3052766E-14
 1.34309 1.2777769E-14
 1.343235 1.2722435E-14
 1.34338 1.2977424E-14
 1.343525 1.3653508E-14
 1.34367 1.4112242E-14
 1.343815 1.4255024E-14
 1.34396 1.4843624E-14
 1.344105 1.5038814E-14
 1.34425 1.5133712E-14
 1.344395 1.4554635E-14
 1.34454 1.476636E-14
 1.344685 1.4451395E-14
 1.34483 1.4982785E-14
 1.344975 1.6702134E-14
 1.34512 1.5362443E-14
 1.345265 1.4775805E-14
 1.34541 1.4465866E-14
 1.345555 1.4680089E-14
 1.3457 1.4475097E-14
 1.345845 1.4265958E-14
 1.34599 1.5570297E-14
 1.346135 1.5440045E-14
 1.34628 1.5601512E-14
 1.346425 1.4999188E-14
 1.34657 1.5466017E-14
 1.346715 1.4339555E-14
 1.34686 1.364057E-14
 1.347005 1.4500862E-14
 1.34715 1.4265134E-14
 1.347295 1.3824746E-14
 1.34744 1.4030482E-14
 1.347585 1.4138013E-14
 1.34773 1.3743872E-14
 1.347875 1.3690525E-14
 1.34802 1.4030714E-14
 1.348165 1.4854568E-14
 1.34831 1.4611159E-14
 1.348455 1.586867E-14
 1.3486 1.6827873E-14
 1.348745 1.4735319E-14
 1.34889 1.6010503E-14
 1.349035 1.6971437E-14
 1.34918 1.4885623E-14
 1.349325 1.6079641E-14
 1.34947 1.5096604E-14
 1.349615 1.5079418E-14
 1.34976 1.4687058E-14
 1.349905 1.4872357E-14
 1.35005 1.460169E-14
 1.350195 1.3825516E-14
 1.35034 1.3977923E-14
 1.350485 1.3684702E-14
 1.35063 1.3142792E-14
 1.350775 1.5117148E-14
 1.35092 1.5749378E-14
 1.351065 1.5803382E-14
 1.35121 1.5773517E-14
 1.351355 1.5403943E-14
 1.3515 1.4904038E-14
 1.351645 1.4313839E-14
 1.35179 1.432518E-14
 1.351935 1.4837134E-14
 1.35208 1.3777789E-14
 1.352225 1.4659501E-14
 1.35237 1.3569885E-14
 1.352515 1.3972818E-14
 1.35266 1.3575248E-14
 1.352805 1.2726256E-14
 1.35295 1.3648515E-14
 1.353095 1.3962683E-14
 1.35324 1.35865635E-14
 1.353385 1.3841407E-14
 1.35353 1.3426487E-14
 1.353675 1.5113099E-14
 1.35382 1.5421072E-14
 1.353965 1.3161815E-14
 1.35411 1.3046653E-14
 1.354255 1.2824258E-14
 1.3544 1.17905555E-14
 1.354545 1.1343716E-14
 1.35469 1.1404146E-14
 1.354835 1.1335555E-14
 1.35498 -1.506422E-13
 1.355125 -1.2323061E-14
 1.35527 1.7673178E-14
 1.355415 2.8041055E-14
 1.35556 1.7168387E-14
 1.355705 1.5583051E-14
 1.35585 1.5112857E-14
 1.355995 1.6531852E-14
 1.35614 1.5005055E-14
 1.356285 1.6679522E-14
 1.35643 1.9994463E-14
 1.356575 1.6613643E-14
 1.35672 1.5705776E-14
 1.356865 1.6042499E-14
 1.35701 1.5853679E-14
 1.357155 1.4942513E-14
 1.3573 1.479307E-14
 1.357445 1.6183411E-14
 1.35759 1.5486515E-14
 1.357735 1.4797054E-14
 1.35788 1.7678608E-14
 1.358025 1.7162024E-14
 1.35817 1.712191E-14
 1.358315 1.65724E-14
 1.35846 1.4694065E-14
 1.358605 1.3391624E-14
 1.35875 1.4627658E-14
 1.358895 1.579181E-14
 1.35904 1.4723882E-14
 1.359185 1.3610427E-14
 1.35933 1.8764582E-14
 1.359475 1.5397653E-14
 1.35962 1.5312767E-14
 1.359765 2.0234806E-14
 1.35991 2.0500755E-14
 1.360055 1.7127069E-14
 1.3602 1.2902227E-14
 1.360345 1.9278556E-14
 1.36049 1.4420179E-14
 1.360635 1.2697965E-14
 1.36078 1.7231901E-14
 1.360925 1.1931714E-14
 1.36107 1.3503052E-14
 1.361215 6.5689705E-15
 1.36136 2.8325392E-14
 1.361505 6.9827384E-15
 1.36165 -1.6171782E-14
 1.361795 5.731327E-15
 1.36194 -1.9758922E-15
 1.362085 -2.8625305E-15
 1.36223 5.9252856E-15
 1.362375 2.818185E-14
 1.36252 3.2886056E-13
 1.362665 -5.5638524E-15
 1.36281 7.7280216E-14
 1.362955 1.5577253E-14
 1.3631 1.4048305E-14
 1.363245 1.5019744E-14
 1.36339 1.4313095E-14
 1.363535 1.462855E-14
 1.36368 1.3878063E-14
 1.363825 1.3102794E-14
 1.36397 1.205527E-14
 1.364115 1.20949715E-14
 1.36426 1.01107E-14
 1.364405 1.1930927E-14
 1.36455 9.629456E-15
 1.364695 6.424121E-15
 1.36484 5.3216336E-15
 1.364985 6.2685026E-14
 1.36513 -7.0454113E-14
 1.365275 2.9677026E-14
 1.36542 5.693044E-14
 1.365565 1.9579912E-14
 1.36571 2.5416723E-14
 1.365855 1.5747627E-14
 1.366 1.5670663E-14
 1.366145 1.6046179E-14
 1.36629 1.5762343E-14
 1.366435 1.4633644E-14
 1.36658 1.3253955E-14
 1.366725 1.485335E-14
 1.36687 1.31737594E-14
 1.367015 1.3538639E-14
 1.36716 1.3072187E-14
 1.367305 1.5130682E-14
 1.36745 1.1252437E-14
 1.367595 8.699162E-15
 1.36774 1.898196E-14
 1.367885 1.7551061E-14
 1.36803 1.1173497E-14
 1.368175 -7.761216E-15
 1.36832 6.9211833E-15
 1.368465 5.6031026E-15
 1.36861 2.211134E-14
 1.368755 4.075327E-15
 1.3689 1.454963E-14
 1.369045 2.0323839E-14
 1.36919 1.3889397E-14
 1.369335 1.9397671E-14
 1.36948 1.6980722E-14
 1.369625 1.7252713E-14
 1.36977 1.4832521E-14
 1.369915 1.2757356E-14
 1.37006 1.1954633E-14
 1.370205 4.0021228E-13
 1.37035 1.5925897E-14
 1.370495 1.6281308E-14
 1.37064 2.9501975E-14
 1.370785 2.0107471E-14
 1.37093 1.2029927E-14
 1.371075 2.2717498E-14
 1.37122 6.150398E-15
 1.371365 -8.795423E-14
 1.37151 8.617509E-15
 1.371655 3.824934E-14
 1.3718 9.676096E-15
 1.371945 -4.2196396E-14
 1.37209 1.646003E-14
 1.372235 6.8127097E-15
 1.37238 1.1484617E-14
 1.372525 1.5851402E-14
 1.37267 1.6377221E-14
 1.372815 1.9264252E-14
 1.37296 1.9721729E-14
 1.373105 1.3508272E-14
 1.37325 1.3772889E-14
 1.373395 1.4225093E-14
 1.37354 1.2637234E-14
 1.373685 1.2097525E-14
 1.37383 1.1015242E-14
 1.373975 1.1985512E-14
 1.37412 1.2353026E-14
 1.374265 1.2516775E-14
 1.37441 1.2590467E-14
 1.374555 1.2473436E-14
 1.3747 1.5009927E-14
 1.374845 9.921084E-15
 1.37499 1.4066308E-14
 1.375135 1.5302882E-14
 1.37528 1.43521E-14
 1.375425 1.4739307E-14
 1.37557 1.4074801E-14
 1.375715 1.3633107E-14
 1.37586 1.4330044E-14
 1.376005 1.2956385E-14
 1.37615 1.24339685E-14
 1.376295 1.2528934E-14
 1.37644 1.25071665E-14
 1.376585 1.3982508E-14
 1.37673 1.30624525E-14
 1.376875 1.1588085E-14
 1.37702 1.3707119E-14
 1.377165 1.8960795E-14
 1.37731 1.5112806E-14
 1.377455 1.5659872E-14
 1.3776 1.47876E-14
 1.377745 1.3593867E-14
 1.37789 1.34309E-14
 1.378035 1.2955164E-14
 1.37818 1.297462E-14
 1.378325 1.2434007E-14
 1.37847 1.21684745E-14
 1.378615 1.1182933E-14
 1.37876 1.1021761E-14
 1.378905 1.3736252E-14
 1.37905 1.0457678E-14
 1.379195 1.1138061E-14
 1.37934 1.4930313E-14
 1.379485 1.3326847E-14
 1.37963 1.4141862E-14
 1.379775 1.3423479E-14
 1.37992 1.31738314E-14
 1.380065 1.33356274E-14
 1.38021 1.2620235E-14
 1.380355 1.2286969E-14
 1.3805 1.2758587E-14
 1.380645 1.3223928E-14
 1.38079 5.919972E-15
 1.380935 1.0145052E-14
 1.38108 4.237786E-15
 1.381225 9.295262E-15
 1.38137 1.7199634E-14
 1.381515 2.0427707E-14
 1.38166 1.2736885E-14
 1.381805 1.4409597E-14
 1.38195 1.06178595E-14
 1.382095 1.3346065E-14
 1.38224 -5.5827477E-14
 1.382385 5.0605977E-13
 1.38253 2.0702119E-14
 1.382675 1.19215195E-14
 1.38282 9.405187E-15
 1.382965 -6.1861384E-14
 1.38311 -4.976871E-14
 1.383255 -2.7189497E-14
 1.3834 1.4460238E-14
 1.383545 1.0620551E-14
 1.38369 2.372476E-15
 1.383835 3.726746E-15
 1.38398 6.041651E-15
 1.384125 1.1198361E-14
 1.38427 1.1592161E-14
 1.384415 1.3996176E-14
 1.38456 1.2725563E-14
 1.384705 1.2868606E-14
 1.38485 2.0504496E-14
 1.384995 5.2912048E-14
 1.38514 1.6762062E-14
 1.385285 9.475437E-15
 1.38543 1.1900666E-14
 1.385575 1.5772863E-14
 1.38572 5.5321934E-14
 1.385865 2.1321356E-14
 1.38601 9.8972175E-15
 1.386155 1.198309E-14
 1.3863 1.3168859E-14
 1.386445 1.8675821E-14
 1.38659 1.553172E-14
 1.386735 1.477878E-14
 1.38688 1.4410453E-14
 1.387025 1.4918168E-14
 1.38717 1.6204326E-14
 1.387315 1.5483103E-14
 1.38746 1.41766464E-14
 1.387605 1.4177529E-14
 1.38775 1.3741514E-14
 1.387895 1.1957267E-14
 1.38804 1.437254E-14
 1.388185 1.32396484E-14
 1.38833 1.5391688E-14
 1.388475 4.8667786E-14
 1.38862 1.9412183E-14
 1.388765 1.5736447E-14
 1.38891 1.6960161E-14
 1.389055 1.7328847E-14
 1.3892 1.6323927E-14
 1.389345 1.5260683E-14
 1.38949 1.4692718E-14
 1.389635 1.427395E-14
 1.38978 1.3975356E-14
 1.389925 1.3730834E-14
 1.39007 1.31369E-14
 1.390215 1.2926781E-14
 1.39036 1.3318047E-14
 1.390505 1.2837945E-14
 1.39065 1.2576536E-14
 1.390795 1.2192625E-14
 1.39094 1.2491313E-14
 1.391085 1.3326814E-14
 1.39123 1.3465656E-14
 1.391375 1.2930917E-14
 1.39152 1.269462E-14
 1.391665 1.2642812E-14
 1.39181 1.1751633E-14
 1.391955 1.1442899E-14
 1.3921 1.0661995E-14
 1.392245 1.0580064E-14
 1.39239 9.992424E-15
 1.392535 8.954639E-15
 1.39268 2.9315244E-14
 1.392825 2.4747275E-14
 1.39297 1.9588623E-14
 1.393115 1.5038101E-14
 1.39326 1.4511126E-14
 1.393405 1.3564407E-14
 1.39355 1.35019915E-14
 1.393695 1.32544774E-14
 1.39384 1.3447008E-14
 1.393985 1.2836713E-14
 1.39413 1.3038843E-14
 1.394275 1.3516726E-14
 1.39442 1.328413E-14
 1.394565 1.41141735E-14
 1.39471 1.4302661E-14
 1.394855 1.2740286E-14
 1.395 1.4363177E-14
 1.395145 -3.8519897E-14
 1.39529 3.0464536E-14
 1.395435 5.1370515E-15
 1.39558 3.9279323E-15
 1.395725 6.7674786E-15
 1.39587 2.0146274E-14
 1.396015 6.6570827E-15
 1.39616 1.6671734E-14
 1.396305 1.7451196E-14
 1.39645 7.92232E-15
 1.396595 1.5314606E-14
 1.39674 3.584986E-14
 1.396885 1.2144597E-14
 1.39703 1.26870196E-14
 1.397175 1.3875886E-14
 1.39732 1.3312844E-14
 1.397465 1.23268036E-14
 1.39761 1.1792504E-14
 1.397755 1.1427472E-14
 1.3979 1.0918036E-14
 1.398045 1.0585615E-14
 1.39819 1.0662812E-14
 1.398335 1.0553515E-14
 1.39848 1.0631522E-14
 1.398625 1.0766206E-14
 1.39877 1.0611469E-14
 1.398915 1.0730926E-14
 1.39906 1.05384426E-14
 1.399205 1.0561005E-14
 1.39935 1.0020987E-14
 1.399495 1.0727124E-14
 1.39964 1.019439E-14
 1.399785 1.2149714E-14
 1.39993 1.1626331E-14
 1.400075 1.2669943E-14
 1.40022 9.673082E-15
 1.400365 5.487893E-15
 1.40051 3.3813982E-14
 1.400655 -1.34342085E-14
 1.4008 2.6663585E-15
 1.400945 6.981277E-15
 1.40109 9.07502E-15
 1.401235 2.093957E-14
 1.40138 3.7402278E-14
 1.401525 0.
 1.40167 0.
 1.401815 0.
 1.40196 0.
 1.402105 0.
 1.40225 0.
 1.402395 0.
 1.40254 0.
 1.402685 0.
 1.40283 0.
 1.402975 0.
 1.40312 0.
 1.403265 0.
 1.40341 0.
 1.403555 0.
 1.4037 0.
 1.403845 0.
 1.40399 0.
 1.404135 0.
 1.40428 0.
 1.404425 0.
 1.40457 0.
 1.404715 0.
 1.40486 0.
 1.405005 0.
 1.40515 0.
 1.405295 0.
 1.40544 0.
 1.405585 0.
 1.40573 0.
 1.405875 0.
 1.40602 0.
 1.406165 0.
 1.40631 0.
 1.406455 0.
 1.4066 0.
 1.406745 0.
 1.40689 0.
 1.407035 0.
 1.40718 0.
 1.407325 0.
 1.40747 0.
 1.407615 0.
 1.40776 0.
 1.407905 0.
 1.40805 0.
 1.408195 0.
 1.40834 0.
 1.408485 0.
 1.40863 0.
 1.408775 0.
 1.40892 0.
 1.409065 0.
 1.40921 0.
 1.409355 0.
 1.4095 0.
 1.409645 0.
 1.40979 0.
 1.409935 0.
 1.41008 0.
 1.410225 0.
 1.41037 0.
 1.410515 0.
 1.41066 0.
 1.410805 0.
 1.41095 0.
 1.411095 0.
 1.41124 0.
 1.411385 0.
 1.41153 0.
 1.411675 0.
 1.41182 0.
 1.411965 0.
 1.41211 0.
 1.4075 0.
 1.408 0.
 1.4085 0.
 1.409 0.
 1.4095 0.
 1.41 0.
 1.4105 0.
 1.411 0.
 1.4115 0.
 1.412 0.
 1.4125 0.
 1.413 0.
 1.4135 0.
 1.414 0.
 1.4145 0.
 1.415 0.
 1.4155 0.
 1.416 0.
 1.4165 0.
 1.417 0.
 1.4175 0.
 1.418 0.
 1.4185 0.
 1.419 0.
 1.4195 0.
 1.42 0.
 1.4205 0.
 1.421 0.
 1.4215 0.
 1.422 0.
 1.4225 0.
 1.423 0.
 1.4235 0.
 1.424 0.
 1.4245 0.
 1.425 0.
 1.4255 0.
 1.426 0.
 1.4265 0.
 1.427 0.
 1.4275 0.
 1.428 0.
 1.4285 0.
 1.429 0.
 1.4295 0.
 1.43 0.
 1.4305 0.
 1.431 0.
 1.4315 0.
 1.432 0.
 1.4325 0.
 1.433 0.
 1.4335 0.
 1.434 0.
 1.4345 0.
 1.435 0.
 1.4355 0.
 1.436 0.
 1.4365 0.
 1.437 0.
 1.4375 0.
 1.438 0.
 1.4385 0.
 1.439 0.
 1.4395 0.
 1.44 0.
 1.4405 0.
 1.441 0.
 1.4415 0.
 1.442 0.
 1.4425 0.
 1.443 0.
 1.4435 0.
 1.444 0.
 1.4445 0.
 1.445 0.
 1.4455 0.
 1.446 0.
 1.4465 0.
 1.447 0.
 1.4475 0.
 1.448 0.
 1.4485 0.
 1.449 0.
 1.4495 0.
 1.45 0.
 1.4505 0.
 1.451 0.
 1.4515 5.125275E-15
 1.452 1.4951827E-14
 1.4525 1.4841742E-14
 1.453 1.4255261E-14
 1.4535 1.34888066E-14
 1.454 1.3360469E-14
 1.4545 1.3093643E-14
 1.455 1.337283E-14
 1.4555 1.3815869E-14
 1.456 1.35209184E-14
 1.4565 1.36847295E-14
 1.457 1.3408881E-14
 1.4575 1.3115064E-14
 1.458 1.3350451E-14
 1.4585 1.4079822E-14
 1.459 1.4330805E-14
 1.4595 1.4034779E-14
 1.46 1.3687705E-14
 1.4605 1.326413E-14
 1.461 1.31681445E-14
 1.4615 1.3300034E-14
 1.462 1.3105585E-14
 1.4625 1.306639E-14
 1.463 1.2848115E-14
 1.4635 1.2427496E-14
 1.464 1.29951405E-14
 1.4645 1.367223E-14
 1.465 1.3644264E-14
 1.4655 1.3169004E-14
 1.466 1.3671852E-14
 1.4665 1.39356774E-14
 1.467 1.3582603E-14
 1.4675 1.3253971E-14
 1.468 1.30655925E-14
 1.4685 1.2755496E-14
 1.469 1.2614848E-14
 1.4695 1.2293654E-14
 1.47 1.2217273E-14
 1.4705 1.2871893E-14
 1.471 1.2667989E-14
 1.4715 1.3074855E-14
 1.472 1.3726535E-14
 1.4725 1.3343557E-14
 1.473 1.3377655E-14
 1.4735 1.3740652E-14
 1.474 1.327813E-14
 1.4745 1.2963995E-14
 1.475 1.3002503E-14
 1.4755 1.2772002E-14
 1.476 1.24658525E-14
 1.4765 1.2484446E-14
 1.477 1.2672611E-14
 1.4775 1.2482097E-14
 1.478 1.2706536E-14
 1.4785 1.3208205E-14
 1.479 1.3960578E-14
 1.4795 1.3381235E-14
 1.48 1.25914675E-14
 1.4805 1.2351641E-14
 1.481 1.2341287E-14
 1.4815 1.3086183E-14
 1.482 1.289477E-14
 1.4825 1.2755231E-14
 1.483 1.3222131E-14
 1.4835 1.3298677E-14
 1.484 1.3540701E-14
 1.4845 1.3237107E-14
 1.485 1.2807155E-14
 1.4855 1.3048409E-14
 1.486 1.3031447E-14
 1.4865 1.30130044E-14
 1.487 1.3219952E-14
 1.4875 1.3497989E-14
 1.488 1.32671685E-14
 1.4885 1.3015816E-14
 1.489 1.3010493E-14
 1.4895 1.2968441E-14
 1.49 1.2787274E-14
 1.4905 1.3002828E-14
 1.491 1.3059518E-14
 1.4915 1.3051533E-14
 1.492 1.2855651E-14
 1.4925 1.3036703E-14
 1.493 1.2848362E-14
 1.4935 1.2866816E-14
 1.494 1.2855553E-14
 1.4945 1.2607715E-14
 1.495 1.2794885E-14
 1.4955 1.28226355E-14
 1.496 1.30541575E-14
 1.4965 1.3057193E-14
 1.497 1.3082503E-14
 1.4975 1.3334236E-14
 1.498 1.3262717E-14
 1.4985 1.3283718E-14
 1.499 1.334667E-14
 1.4995 1.3345466E-14
 1.5 1.3080997E-14
 1.5005 1.3064536E-14
 1.501 1.2861667E-14
 1.5015 1.2819153E-14
 1.502 1.2616338E-14
 1.5025 1.2496037E-14
 1.503 1.2902432E-14
 1.5035 1.31691245E-14
 1.504 1.313074E-14
 1.5045 1.3190622E-14
 1.505 1.331903E-14
 1.5055 1.31790085E-14
 1.506 1.3384479E-14
 1.5065 1.2918454E-14
 1.507 1.30165865E-14
 1.5075 1.3221399E-14
 1.508 1.29227344E-14
 1.5085 1.2874523E-14
 1.509 1.3036138E-14
 1.5095 1.3491729E-14
 1.51 1.3679169E-14
 1.5105 1.33623174E-14
 1.511 1.307764E-14
 1.5115 1.3077305E-14
 1.512 1.3123128E-14
 1.5125 1.3234808E-14
 1.513 1.3099667E-14
 1.5135 1.28898696E-14
 1.514 1.256624E-14
 1.5145 1.29823656E-14
 1.515 1.3478506E-14
 1.5155 1.3610909E-14
 1.516 1.355916E-14
 1.5165 1.3263862E-14
 1.517 1.28661975E-14
 1.5175 1.24952225E-14
 1.518 1.2292246E-14
 1.5185 1.27795325E-14
 1.519 1.3167944E-14
 1.5195 1.3228655E-14
 1.52 1.3252866E-14
 1.5205 1.3234604E-14
 1.521 1.3387356E-14
 1.5215 1.37108994E-14
 1.522 1.3671181E-14
 1.5225 1.3595522E-14
 1.523 1.3439591E-14
 1.5235 1.3473885E-14
 1.524 1.3540036E-14
 1.5245 1.3478108E-14
 1.525 1.3016667E-14
 1.5255 1.2790382E-14
 1.526 1.2925253E-14
 1.5265 1.2937309E-14
 1.527 1.3106263E-14
 1.5275 1.3241635E-14
 1.528 1.3256569E-14
 1.5285 1.3207107E-14
 1.529 1.3225296E-14
 1.5295 1.3378237E-14
 1.53 1.34111286E-14
 1.5305 1.3448034E-14
 1.531 1.3566397E-14
 1.5315 1.350546E-14
 1.532 1.3208871E-14
 1.5325 1.2801E-14
 1.533 1.2549289E-14
 1.5335 1.3007417E-14
 1.534 1.3501406E-14
 1.5345 1.3472757E-14
 1.535 1.3516043E-14
 1.5355 1.3407467E-14
 1.536 1.34118875E-14
 1.5365 1.3517863E-14
 1.537 1.3445457E-14
 1.5375 1.3367417E-14
 1.538 1.3180874E-14
 1.5385 1.31010535E-14
 1.539 1.322575E-14
 1.5395 1.343457E-14
 1.54 1.3368723E-14
 1.5405 1.3119323E-14
 1.541 1.2922035E-14
 1.5415 1.2982178E-14
 1.542 1.3266481E-14
 1.5425 1.3220439E-14
 1.543 1.31037225E-14
 1.5435 1.3281205E-14
 1.544 1.3255551E-14
 1.5445 1.3229051E-14
 1.545 1.34308365E-14
 1.5455 1.3717899E-14
 1.546 1.3826077E-14
 1.5465 1.3842611E-14
 1.547 1.3705513E-14
 1.5475 1.3408597E-14
 1.548 1.3155022E-14
 1.5485 1.3175469E-14
 1.549 1.3469332E-14
 1.5495 1.3453477E-14
 1.55 1.3599215E-14
 1.5505 1.3582475E-14
 1.551 1.3137157E-14
 1.5515 1.3142778E-14
 1.552 1.3382017E-14
 1.5525 1.3691725E-14
 1.553 1.3689371E-14
 1.5535 1.36417045E-14
 1.554 1.3642735E-14
 1.5545 1.35871225E-14
 1.555 1.345154E-14
 1.5555 1.3429609E-14
 1.556 1.3493603E-14
 1.5565 1.3643179E-14
 1.557 1.3682138E-14
 1.5575 1.3485827E-14
 1.558 1.3260547E-14
 1.5585 1.3168356E-14
 1.559 1.3283556E-14
 1.5595 1.3547779E-14
 1.56 1.37124826E-14
 1.5605 1.3509695E-14
 1.561 1.3335171E-14
 1.5615 1.3399276E-14
 1.562 1.3491795E-14
 1.5625 1.35684565E-14
 1.563 1.352974E-14
 1.5635 1.3553061E-14
 1.564 1.372652E-14
 1.5645 1.3791614E-14
 1.565 1.36695964E-14
 1.5655 1.3327848E-14
 1.566 1.3101916E-14
 1.5665 1.29374965E-14
 1.567 1.3349471E-14
 1.5675 1.3763118E-14
 1.568 1.4058066E-14
 1.5685 1.4031149E-14
 1.569 1.3694564E-14
 1.5695 1.3514214E-14
 1.57 1.3378671E-14
 1.5705 1.3396471E-14
 1.571 1.3438978E-14
 1.5715 1.3343605E-14
 1.572 1.3325317E-14
 1.5725 1.3156811E-14
 1.573 1.3120624E-14
 1.5735 1.3333672E-14
 1.574 1.3584099E-14
 1.5745 1.3829994E-14
 1.575 1.3906452E-14
 1.5755 1.4031911E-14
 1.576 1.4105152E-14
 1.5765 1.3844357E-14
 1.577 1.3734488E-14
 1.5775 1.3772628E-14
 1.578 1.3781919E-14
 1.5785 1.3925461E-14
 1.579 1.3941634E-14
 1.5795 1.3920377E-14
 1.58 1.40686845E-14
 1.5805 1.3815234E-14
 1.581 1.37602425E-14
 1.5815 1.3969623E-14
 1.582 1.39334955E-14
 1.5825 1.3980505E-14
 1.583 1.4042352E-14
 1.5835 1.3776205E-14
 1.584 1.3815702E-14
 1.5845 1.3159254E-14
 1.585 1.3580929E-14
 1.5855 1.3781029E-14
 1.586 1.3690241E-14
 1.5865 1.4005624E-14
 1.587 1.4052649E-14
 1.5875 1.40984365E-14
 1.588 1.4076141E-14
 1.5885 1.41097825E-14
 1.589 1.4231524E-14
 1.5895 1.4260304E-14
 1.59 1.4027137E-14
 1.5905 1.3854482E-14
 1.591 1.3971616E-14
 1.5915 1.4155647E-14
 1.592 1.407281E-14
 1.5925 1.3807277E-14
 1.593 1.39340376E-14
 1.5935 1.38980065E-14
 1.594 1.3898308E-14
 1.5945 1.3979716E-14
 1.595 1.40230235E-14
 1.5955 1.4008379E-14
 1.596 1.4259361E-14
 1.5965 1.4435202E-14
 1.597 1.4321472E-14
 1.5975 1.41167E-14
 1.598 1.404408E-14
 1.5985 1.406491E-14
 1.599 1.4064669E-14
 1.5995 1.39869975E-14
 1.6 1.39091975E-14
 1.6005 1.4132542E-14
 1.601 1.430361E-14
 1.6015 1.4292592E-14
 1.602 1.4197451E-14
 1.6025 1.40669015E-14
 1.603 1.4009433E-14
 1.6035 1.4315634E-14
 1.604 1.4278895E-14
 1.6045 1.4053092E-14
 1.605 1.40153925E-14
 1.6055 1.4053177E-14
 1.606 1.39478205E-14
 1.6065 1.3938648E-14
 1.607 1.3916798E-14
 1.6075 1.3858299E-14
 1.608 1.3883781E-14
 1.6085 1.4017125E-14
 1.609 1.4000399E-14
 1.6095 1.3914218E-14
 1.61 1.3788087E-14
 1.6105 1.3648917E-14
 1.611 1.3751444E-14
 1.6115 1.3747018E-14
 1.612 1.378164E-14
 1.6125 1.3860576E-14
 1.613 1.3886071E-14
 1.6135 1.4004718E-14
 1.614 1.3648009E-14
 1.6145 1.3684792E-14
 1.615 1.3816506E-14
 1.6155 1.390114E-14
 1.616 1.3901099E-14
 1.6165 1.4005632E-14
 1.617 1.4120689E-14
 1.6175 1.4266327E-14
 1.618 1.4498158E-14
 1.6185 1.4451468E-14
 1.619 1.4245148E-14
 1.6195 1.3887797E-14
 1.62 1.3904684E-14
 1.6205 1.38570355E-14
 1.621 1.3907556E-14
 1.6215 1.3864821E-14
 1.622 1.40313E-14
 1.6225 1.4332328E-14
 1.623 1.4329382E-14
 1.6235 1.4406402E-14
 1.624 1.4443358E-14
 1.6245 1.442096E-14
 1.625 1.416808E-14
 1.6255 1.38161035E-14
 1.626 1.3542367E-14
 1.6265 1.354619E-14
 1.627 1.3713379E-14
 1.6275 1.3965414E-14
 1.628 1.4009185E-14
 1.6285 1.4045236E-14
 1.629 1.4128004E-14
 1.6295 1.3946861E-14
 1.63 1.3688212E-14
 1.6305 1.4031127E-14
 1.631 1.391449E-14
 1.6315 1.3882902E-14
 1.632 1.4022561E-14
 1.6325 1.413041E-14
 1.633 1.4084259E-14
 1.6335 1.4224317E-14
 1.634 1.433663E-14
 1.6345 1.4328758E-14
 1.635 1.4305816E-14
 1.6355 1.4275983E-14
 1.636 1.4118565E-14
 1.6365 1.4089657E-14
 1.637 1.4210753E-14
 1.6375 1.4228919E-14
 1.638 1.4333358E-14
 1.6385 1.4494594E-14
 1.639 1.4560827E-14
 1.6395 1.4405843E-14
 1.64 1.4136418E-14
 1.6405 1.40539105E-14
 1.641 1.4215773E-14
 1.6415 1.4379667E-14
 1.642 1.4476178E-14
 1.6425 1.4533273E-14
 1.643 1.4470641E-14
 1.6435 1.4381578E-14
 1.644 1.4597891E-14
 1.6445 1.456143E-14
 1.645 1.456756E-14
 1.6455 1.4458658E-14
 1.646 1.4422256E-14
 1.6465 1.4530247E-14
 1.647 1.4342126E-14
 1.6475 1.4308374E-14
 1.648 1.4318375E-14
 1.6485 1.4355489E-14
 1.649 1.427418E-14
 1.6495 1.4125975E-14
 1.65 1.4051262E-14
 1.6505 1.4199945E-14
 1.651 1.426836E-14
 1.6515 1.4129261E-14
 1.652 1.4147311E-14
 1.6525 1.42069296E-14
 1.653 1.4392908E-14
 1.6535 1.441112E-14
 1.654 1.4482325E-14
 1.6545 1.4364318E-14
 1.655 1.4093065E-14
 1.6555 1.38427765E-14
 1.656 1.4087308E-14
 1.6565 1.4463853E-14
 1.657 1.4602524E-14
 1.6575 1.4714492E-14
 1.658 1.464213E-14
 1.6585 1.4450026E-14
 1.659 1.4429786E-14
 1.6595 1.4297357E-14
 1.66 1.4378149E-14
 1.6605 1.4151981E-14
 1.661 1.4069563E-14
 1.6615 1.3978203E-14
 1.662 1.4123406E-14
 1.6625 1.4214016E-14
 1.663 1.4364676E-14
 1.6635 1.4429291E-14
 1.664 1.449511E-14
 1.6645 1.4614236E-14
 1.665 1.4733715E-14
 1.6655 1.4579648E-14
 1.666 1.4486757E-14
 1.6665 1.4477463E-14
 1.667 1.4298685E-14
 1.6675 1.4146335E-14
 1.668 1.3814633E-14
 1.6685 1.371406E-14
 1.669 1.403923E-14
 1.6695 1.4282614E-14
 1.67 1.4280166E-14
 1.6705 1.3834977E-14
 1.671 1.4230511E-14
 1.6715 1.442139E-14
 1.672 1.41683455E-14
 1.6725 1.41240525E-14
 1.673 1.4026244E-14
 1.6735 1.40929325E-14
 1.674 1.4263957E-14
 1.6745 1.4205354E-14
 1.675 1.4303083E-14
 1.6755 1.4516092E-14
 1.676 1.4463542E-14
 1.6765 1.4350608E-14
 1.677 1.4194516E-14
 1.6775 1.4169404E-14
 1.678 1.4181874E-14
 1.6785 1.4433469E-14
 1.679 1.4454837E-14
 1.6795 1.4515665E-14
 1.68 1.4542265E-14
 1.6805 1.4540525E-14
 1.681 1.4628267E-14
 1.6815 1.4712696E-14
 1.682 1.4581511E-14
 1.6825 1.4421439E-14
 1.683 1.4493703E-14
 1.6835 1.4563127E-14
 1.684 1.4525234E-14
 1.6845 1.4373317E-14
 1.685 1.4236337E-14
 1.6855 1.40549846E-14
 1.686 1.4187824E-14
 1.6865 1.42557E-14
 1.687 1.4025106E-14
 1.6875 1.3786418E-14
 1.688 1.3861695E-14
 1.6885 1.381429E-14
 1.689 1.37155065E-14
 1.6895 1.3379052E-14
 1.69 1.3296059E-14
 1.6905 1.3763535E-14
 1.691 1.3981132E-14
 1.6915 1.3899474E-14
 1.692 1.3974261E-14
 1.6925 1.3975649E-14
 1.693 1.3732593E-14
 1.6935 1.3822931E-14
 1.694 1.3836463E-14
 1.6945 1.37412825E-14
 1.695 1.36060546E-14
 1.6955 1.3621552E-14
 1.696 1.3726042E-14
 1.6965 1.3757206E-14
 1.697 1.36127825E-14
 1.6975 1.3439212E-14
 1.698 1.3398234E-14
 1.6985 1.347693E-14
 1.699 1.3586452E-14
 1.6995 1.3657675E-14
 1.7 1.35968795E-14
 1.7005 1.3755773E-14
 1.701 1.37680335E-14
 1.7015 1.3687708E-14
 1.702 1.3316282E-14
 1.7025 1.3457966E-14
 1.703 1.3529727E-14
 1.7035 1.3553163E-14
 1.704 1.3415026E-14
 1.7045 1.3219754E-14
 1.705 1.319317E-14
 1.7055 1.31584154E-14
 1.706 1.3137152E-14
 1.7065 1.3208384E-14
 1.707 1.3173525E-14
 1.7075 1.299307E-14
 1.708 1.28884965E-14
 1.7085 1.2796628E-14
 1.709 1.2579455E-14
 1.7095 1.2887461E-14
 1.71 1.3202221E-14
 1.7105 1.3256854E-14
 1.711 1.3081492E-14
 1.7115 1.281187E-14
 1.712 1.2656884E-14
 1.7125 1.2585943E-14
 1.713 1.282754E-14
 1.7135 1.2819996E-14
 1.714 1.26548645E-14
 1.7145 1.2347838E-14
 1.715 1.21898705E-14
 1.7155 1.23644084E-14
 1.716 1.2428793E-14
 1.7165 1.248314E-14
 1.717 1.2681059E-14
 1.7175 1.2492112E-14
 1.718 1.2206719E-14
 1.7185 1.1964815E-14
 1.719 1.17017695E-14
 1.7195 1.1588526E-14
 1.72 1.1643864E-14
 1.7205 1.2006182E-14
 1.721 1.2263791E-14
 1.7215 1.21221325E-14
 1.722 1.22206915E-14
 1.7225 1.2419973E-14
 1.723 1.2240188E-14
 1.7235 1.1971965E-14
 1.724 1.1763431E-14
 1.7245 1.1949094E-14
 1.725 1.2161083E-14
 1.7255 1.2309101E-14
 1.726 1.2098376E-14
 1.7265 1.1828491E-14
 1.727 1.151114E-14
 1.7275 1.1389807E-14
 1.728 1.1689659E-14
 1.7285 1.1957458E-14
 1.729 1.2033411E-14
 1.7295 1.1763189E-14
 1.73 1.15142415E-14
 1.7305 1.1744565E-14
 1.731 1.2031807E-14
 1.7315 1.1976103E-14
 1.732 1.1466234E-14
 1.7325 1.1137322E-14
 1.733 1.15482E-14
 1.7335 1.18205786E-14
 1.734 1.1902349E-14
 1.7345 1.1553079E-14
 1.735 1.12199865E-14
 1.7355 1.1070134E-14
 1.736 1.10523705E-14
 1.7365 1.1350679E-14
 1.737 1.137544E-14
 1.7375 1.14509E-14
 1.738 1.1609846E-14
 1.7385 1.15972964E-14
 1.739 1.1648942E-14
 1.7395 1.1688637E-14
 1.74 1.1383812E-14
 1.7405 1.1205065E-14
 1.741 1.09628976E-14
 1.7415 1.0914439E-14
 1.742 1.1438787E-14
 1.7425 1.16373645E-14
 1.743 1.1340616E-14
 1.7435 1.1222053E-14
 1.744 1.1060599E-14
 1.7445 1.0955782E-14
 1.745 1.1118898E-14
 1.7455 1.1337409E-14
 1.746 1.1240564E-14
 1.7465 1.1231504E-14
 1.747 1.11193666E-14
 1.7475 1.0983911E-14
 1.748 1.10380675E-14
 1.7485 1.0856288E-14
 1.749 1.0983828E-14
 1.7495 1.1094134E-14
 1.75 1.1030972E-14
 1.7505 1.0792548E-14
 1.751 1.0227252E-14
 1.7515 1.0129945E-14
 1.752 1.0288785E-14
 1.7525 1.0663631E-14
 1.753 1.0812867E-14
 1.7535 1.0982593E-14
 1.754 1.0718249E-14
 1.7545 1.04687004E-14
 1.755 1.0369948E-14
 1.7555 1.0342969E-14
 1.756 1.0358387E-14
 1.7565 1.0073669E-14
 1.757 9.887929E-15
 1.7575 1.0067889E-14
 1.758 1.03032215E-14
 1.7585 1.0346973E-14
 1.759 1.0133446E-14
 1.7595 1.0135297E-14
 1.76 1.0272607E-14
 1.7605 1.0384968E-14
 1.761 1.0198631E-14
 1.7615 9.914309E-15
 1.762 1.014243E-14
 1.7625 1.0018519E-14
 1.763 9.687956E-15
 1.7635 9.707141E-15
 1.764 1.0083496E-14
 1.7645 1.0150962E-14
 1.765 9.951085E-15
 1.7655 1.012136E-14
 1.766 1.0051504E-14
 1.7665 1.0466109E-14
 1.767 1.0592327E-14
 1.7675 1.0137145E-14
 1.768 9.6539394E-15
 1.7685 9.290753E-15
 1.769 9.344986E-15
 1.7695 9.646325E-15
 1.77 9.97886E-15
 1.7705 1.0114572E-14
 1.771 9.928659E-15
 1.7715 9.733632E-15
 1.772 9.665639E-15
 1.7725 9.489627E-15
 1.773 9.182275E-15
 1.7735 9.24377E-15
 1.774 9.516085E-15
 1.7745 9.674741E-15
 1.775 9.374723E-15
 1.7755 9.075756E-15
 1.776 9.0482745E-15
 1.7765 9.047783E-15
 1.777 9.149717E-15
 1.7775 9.2865135E-15
 1.778 9.265157E-15
 1.7785 9.252528E-15
 1.779 9.1336605E-15
 1.7795 9.294431E-15
 1.78 9.023297E-15
 1.7805 9.3032254E-15
 1.781 9.4487804E-15
 1.7815 8.999315E-15
 1.782 9.096415E-15
 1.7825 9.2362395E-15
 1.783 9.132918E-15
 1.7835 9.280947E-15
 1.784 9.58916E-15
 1.7845 9.6856125E-15
 1.785 9.193732E-15
 1.7855 9.556541E-15
 1.786 8.776395E-15
 1.7865 8.842619E-15
 1.787 8.642356E-15
 1.7875 8.3283185E-15
 1.788 8.527043E-15
 1.7885 8.783051E-15
 1.789 8.589902E-15
 1.7895 8.770949E-15
 1.79 9.013957E-15
 1.7905 8.91304E-15
 1.791 8.666298E-15
 1.7915 8.774619E-15
 1.792 8.732615E-15
 1.7925 8.5776706E-15
 1.793 8.677247E-15
 1.7935 8.670446E-15
 1.794 8.20024E-15
 1.7945 8.442818E-15
 1.795 8.5901E-15
 1.7955 8.279163E-15
 1.796 9.104507E-15
 1.7965 8.6591424E-15
 1.797 8.777854E-15
 1.7975 9.080145E-15
 1.798 9.308344E-15
 1.7985 9.075891E-15
 1.799 9.333517E-15
 1.7995 8.706717E-15
 1.8 7.9826155E-15
 1.8005 7.800168E-15
 1.801 8.160264E-15
 1.8015 8.02804E-15
 1.802 8.875078E-15
 1.8025 8.428046E-15
 1.803 8.559489E-15
 1.8035 8.9787856E-15
 1.804 8.4969E-15
 1.8045 9.258619E-15
 1.805 8.914278E-15
 1.8055 8.751458E-15
 1.806 7.857668E-15
 1.8065 7.7282795E-15
 1.807 8.502E-15
 1.8075 8.511681E-15
 1.808 7.926812E-15
 1.8085 8.906211E-15
 1.809 8.1968225E-15
 1.8095 8.301549E-15
 1.81 8.596212E-15
 1.8105 8.225469E-15
 1.811 7.707782E-15
 1.8115 7.829598E-15
 1.812 9.538975E-15
 1.8125 8.093331E-15
 1.813 8.135702E-15
 1.8135 8.346815E-15
 1.814 9.1178396E-15
 1.8145 9.679211E-15
 1.815 9.2162004E-15
 1.8155 8.716558E-15
 1.816 8.73097E-15
 1.8165 9.633055E-15
 1.817 1.00897955E-14
 1.8175 9.1559535E-15
 1.818 9.865463E-15
 1.8185 8.6957715E-15
 1.819 8.209825E-15
 1.8195 9.1343745E-15
 1.82 7.818078E-15
 1.8205 7.131324E-15
 1.821 7.402984E-15
 1.8215 9.6218665E-15
 1.822 8.929889E-15
 1.8225 9.568447E-15
 1.823 9.491234E-15
 1.8235 1.0231378E-14
 1.824 9.469702E-15
 1.8245 8.857585E-15
 1.825 8.287296E-15
 1.8255 7.801813E-15
 1.826 7.856048E-15
 1.8265 7.235143E-15
 1.827 8.373711E-15
 1.8275 9.647066E-15
 1.828 8.4854964E-15
 1.8285 7.679781E-15
 1.829 7.793791E-15
 1.8295 9.668795E-15
 1.83 1.0794671E-14
 1.8305 8.713939E-15
 1.831 1.0082641E-14
 1.8315 9.021331E-15
 1.832 1.0237562E-14
 1.8325 9.295488E-15
 1.833 7.6011254E-15
 1.8335 9.1649134E-15
 1.834 9.31928E-15
 1.8345 8.025759E-15
 1.835 7.239531E-15
 1.8355 8.017088E-15
 1.836 9.96252E-15
 1.8365 1.09015936E-14
 1.837 1.3650624E-14
 1.8375 1.4430253E-14
 1.838 1.0860393E-14
 1.8385 1.3292829E-14
 1.839 1.1628662E-14
 1.8395 1.0346311E-14
 1.84 8.172429E-15
 1.8405 9.669562E-15
 1.841 1.1558922E-14
 1.8415 1.209157E-14
 1.842 1.0633911E-14
 1.8425 1.1938106E-14
 1.843 1.1700975E-14
 1.8435 9.894432E-15
 1.844 8.578173E-15
 1.8445 8.409939E-15
 1.845 8.243351E-15
 1.8455 7.898092E-15
 1.846 7.493306E-15
 1.8465 6.9898667E-15
 1.847 6.9667803E-15
 1.8475 7.124681E-15
 1.848 7.731642E-15
 1.8485 1.1512899E-14
 1.849 1.2940694E-14
 1.8495 1.1921822E-14
 1.85 9.663337E-15
 1.8505 8.4222205E-15
 1.851 8.2608955E-15
 1.8515 9.352004E-15
 1.852 9.370567E-15
 1.8525 8.332153E-15
 1.853 7.395261E-15
 1.8535 7.20049E-15
 1.854 7.451262E-15
 1.8545 1.0331145E-14
 1.855 1.1008682E-14
 1.8555 9.858563E-15
 1.856 8.885041E-15
 1.8565 7.369338E-15
 1.857 7.3206965E-15
 1.8575 7.6344435E-15
 1.858 9.053894E-15
 1.8585 7.640489E-15
 1.859 7.272222E-15
 1.8595 6.2486772E-15
 1.86 5.9264397E-15
 1.8605 7.26817E-15
 1.861 9.02892E-15
 1.8615 1.0013729E-14
 1.862 8.478123E-15
 1.8625 7.900857E-15
 1.863 6.9596094E-15
 1.8635 7.0926117E-15
 1.864 7.3906394E-15
 1.8645 7.0755805E-15
 1.865 7.764495E-15
 1.8655 8.400032E-15
 1.866 8.091821E-15
 1.8665 7.66184E-15
 1.867 7.201814E-15
 1.8675 6.444014E-15
 1.868 6.613483E-15
 1.8685 8.059861E-15
 1.869 1.7440622E-14
 1.8695 1.3002691E-14
 1.87 9.542277E-15
 1.8705 9.053178E-15
 1.871 -1.0261275E-12
 1.8715 3.324082E-14
 1.872 1.49307E-14
 1.8725 1.2801727E-14
 1.873 1.0763086E-14
 1.8735 1.1066873E-14
 1.874 1.766681E-14
 1.8745 1.5269187E-14
 1.875 9.8701175E-15
 1.8755 9.3817784E-15
 1.876 1.1501239E-14
 1.8765 1.1298458E-14
 1.877 1.0607198E-14
 1.8775 9.907604E-15
 1.878 9.73522E-15
 1.8785 7.607277E-15
 1.879 8.0312555E-15
 1.8795 7.001418E-15
 1.88 7.313612E-15
 1.8805 6.8113727E-15
 1.881 6.673176E-15
 1.8815 7.1504616E-15
 1.882 7.846141E-15
 1.8825 8.600724E-15
 1.883 8.053231E-15
 1.8835 7.790362E-15
 1.884 7.0699867E-15
 1.8845 7.130599E-15
 1.885 8.912559E-15
 1.8855 7.7396085E-15
 1.886 7.631821E-15
 1.8865 8.055918E-15
 1.887 7.394484E-15
 1.8875 8.4180786E-15
 1.888 8.1891704E-15
 1.8885 7.771205E-15
 1.889 6.998504E-15
 1.8895 6.6598313E-15
 1.89 6.3824653E-15
 1.8905 6.5298164E-15
 1.891 8.8386634E-15
 1.8915 8.5154755E-15
 1.892 7.508391E-15
 1.8925 7.1018554E-15
 1.893 8.374004E-15
 1.8935 8.5401665E-15
 1.894 7.507723E-15
 1.8945 8.7706035E-15
 1.895 7.319419E-15
 1.8955 7.8249895E-15
 1.896 7.248162E-15
 1.8965 6.8986484E-15
 1.897 7.127655E-15
 1.8975 7.168607E-15
 1.898 6.666863E-15
 1.8985 7.786978E-15
 1.899 7.1227195E-15
 1.8995 7.8562475E-15
 1.9 8.759229E-15
 1.9005 1.3292075E-14
 1.901 1.1584375E-14
 1.9015 1.0183491E-14
 1.902 9.021095E-15
 1.9025 8.3695326E-15
 1.903 7.5690026E-15
 1.9035 8.541226E-15
 1.904 9.951555E-15
 1.9045 8.3449135E-15
 1.905 7.496915E-15
 1.9055 7.551745E-15
 1.906 8.7215865E-15
 1.9065 1.0609267E-14
 1.907 9.598621E-15
 1.9075 1.1033441E-14
 1.908 9.202077E-15
 1.9085 8.249783E-15
 1.909 7.159144E-15
 1.9095 7.965792E-15
 1.91 7.386859E-15
 1.9105 7.181072E-15
 1.911 6.896358E-15
 1.9115 6.806174E-15
 1.912 7.195768E-15
 1.9125 9.691387E-15
 1.913 8.998407E-15
 1.9135 8.4545204E-15
 1.914 9.425849E-15
 1.9145 1.05486815E-14
 1.915 9.705422E-15
 1.9155 1.0070279E-14
 1.916 8.181018E-15
 1.9165 7.016414E-15
 1.917 7.818554E-15
 1.9175 8.202059E-15
 1.918 7.836485E-15
 1.9185 7.128076E-15
 1.919 6.979708E-15
 1.9195 6.7651357E-15
 1.92 6.383669E-15
 1.9205 6.925654E-15
 1.921 7.489005E-15
 1.9215 9.925364E-15
 1.922 9.1605495E-15
 1.9225 7.928136E-15
 1.923 7.351183E-15
 1.9235 7.357491E-15
 1.924 6.436896E-15
 1.9245 6.4046435E-15
 1.925 8.18953E-15
 1.9255 8.367717E-15
 1.926 6.9654386E-15
 1.9265 6.7984304E-15
 1.927 6.0455295E-15
 1.9275 6.2303796E-15
 1.928 8.23757E-15
 1.9285 7.936068E-15
 1.929 7.69116E-15
 1.9295 8.315324E-15
 1.93 7.255843E-15
 1.9305 6.525196E-15
 1.931 6.9033935E-15
 1.9315 6.8654278E-15
 1.932 6.8279152E-15
 1.9325 7.943251E-15
 1.933 6.738145E-15
 1.9335 7.46653E-15
 1.934 6.3993072E-15
 1.9345 6.900652E-15
 1.935 7.733939E-15
 1.9355 7.4045E-15
 1.936 7.0022583E-15
 1.9365 6.780073E-15
 1.937 7.149076E-15
 1.9375 7.7979005E-15
 1.938 7.217941E-15
 1.9385 7.163978E-15
 1.939 6.6358014E-15
 1.9395 6.333685E-15
 1.94 6.5948566E-15
 1.9405 7.963956E-15
 1.941 6.6115885E-15
 1.9415 6.833982E-15
 1.942 7.139264E-15
 1.9425 7.480752E-15
 1.943 7.027232E-15
 1.9435 6.5882185E-15
 1.944 6.2079676E-15
 1.9445 6.974978E-15
 1.945 6.7752776E-15
 1.9455 7.486419E-15
 1.946 6.512037E-15
 1.9465 6.33238E-15
 1.947 6.673758E-15
 1.9475 6.5119635E-15
 1.948 6.9167753E-15
 1.9485 6.4479223E-15
 1.949 7.135994E-15
 1.9495 6.6007596E-15
 1.95 7.162396E-15
 1.9505 6.9252817E-15
 1.951 6.4927773E-15
 1.9515 6.556168E-15
 1.952 6.429882E-15
 1.9525 6.493125E-15
 1.953 6.596611E-15
 1.9535 6.2365833E-15
 1.954 7.4862915E-15
 1.9545 7.0005003E-15
 1.955 7.68916E-15
 1.9555 6.73686E-15
 1.956 6.9169308E-15
 1.9565 6.469E-15
 1.957 6.915345E-15
 1.9575 7.3202535E-15
 1.958 7.286098E-15
 1.9585 7.484573E-15
 1.959 7.496006E-15
 1.9595 7.3075955E-15
 1.96 7.33902E-15
 1.9605 6.8636312E-15
 1.961 6.228976E-15
 1.9615 6.443823E-15
 1.962 6.3692714E-15
 1.9625 6.606296E-15
 1.963 6.5148243E-15
 1.9635 6.618288E-15
 1.964 6.5867137E-15
 1.9645 6.682165E-15
 1.965 6.814521E-15
 1.9655 6.4848474E-15
 1.966 6.6319033E-15
 1.9665 6.840892E-15
 1.967 6.7368007E-15
 1.9675 6.6227825E-15
 1.968 6.4553783E-15
 1.9685 6.5541377E-15
 1.969 6.6018404E-15
 1.9695 6.652672E-15
 1.97 6.8279847E-15
 1.9705 6.9327567E-15
 1.971 6.6324768E-15
 1.9715 6.3406583E-15
 1.972 6.295506E-15
 1.9725 6.4079343E-15
 1.973 6.779602E-15
 1.9735 6.4820327E-15
 1.974 6.335684E-15
 1.9745 6.3835003E-15
 1.975 6.6501743E-15
 1.9755 6.4889187E-15
 1.976 5.99221E-15
 1.9765 5.786872E-15
 1.977 5.8982995E-15
 1.9775 6.1151565E-15
 1.978 5.894673E-15
 1.9785 5.427779E-15
 1.979 5.71339E-15
 1.9795 6.167207E-15
 1.98 6.053814E-15
 1.9805 6.0301097E-15
 1.981 6.0642117E-15
 1.9815 6.0805022E-15
 1.982 6.215593E-15
 1.9825 6.1739804E-15
 1.983 5.9546382E-15
 1.9835 6.068582E-15
 1.984 6.1395976E-15
 1.9845 6.1204996E-15
 1.985 6.098076E-15
 1.9855 6.0422528E-15
 1.986 6.002168E-15
 1.9865 5.948716E-15
 1.987 5.610553E-15
 1.9875 5.8904344E-15
 1.988 5.965213E-15
 1.9885 6.048403E-15
 1.989 6.1958546E-15
 1.9895 6.1993884E-15
 1.99 5.969045E-15
 1.9905 5.925703E-15
 1.991 5.85149E-15
 1.9915 5.9544604E-15
 1.992 5.9362606E-15
 1.9925 5.823351E-15
 1.993 5.945903E-15
 1.9935 6.121812E-15
 1.994 6.1711856E-15
 1.9945 6.12071E-15
 1.995 6.162798E-15
 1.9955 6.0054716E-15
 1.996 6.049769E-15
 1.9965 6.201561E-15
 1.997 6.171332E-15
 1.9975 6.123591E-15
 1.998 5.722826E-15
 1.9985 5.803462E-15
 1.9990001 5.9935103E-15
 1.9995002 6.1667687E-15
 2. 5.9800077E-15
 2.0005002 5.787228E-15
 2.0010002 5.9926323E-15
 2.0015001 5.908783E-15
 2.002 6.015319E-15
 2.0025 6.0974247E-15
 2.003 6.0346058E-15
 2.0035 6.475712E-15
 2.0040002 6.3481253E-15
 2.0045002 6.2366723E-15
 2.005 6.2607157E-15
 2.0055 6.243529E-15
 2.006 6.4581955E-15
 2.0065 6.78174E-15
 2.0070002 6.710194E-15
 2.0075002 6.5884167E-15
 2.0080001 6.6308585E-15
 2.0085 6.5108822E-15
 2.009 6.2771003E-15
 2.0095 5.8949974E-15
 2.01 5.772825E-15
 2.0105002 5.9222888E-15
 2.0110002 5.943588E-15
 2.0115001 6.054352E-15
 2.012 6.168331E-15
 2.0125 6.1724007E-15
 2.013 6.206268E-15
 2.0135002 6.2963068E-15
 2.0140002 6.3089767E-15
 2.0145001 6.3261405E-15
 2.015 6.438939E-15
 2.0155 6.387884E-15
 2.016 5.9945737E-15
 2.0165 5.775786E-15
 2.0170002 5.9685325E-15
 2.0175002 5.8452825E-15
 2.0180001 5.999017E-15
 2.0185 6.176972E-15
 2.019 5.9987627E-15
 2.0195 5.9247947E-15
 2.02 5.8797516E-15
 2.0205002 5.6151775E-15
 2.0210001 5.928719E-15
 2.0215 6.245529E-15
 2.022 6.1916956E-15
 2.0225 6.241456E-15
 2.023 5.978843E-15
 2.0235002 5.9202195E-15
 2.0240002 5.9608474E-15
 2.0245001 6.1236514E-15
 2.025 6.1819433E-15
 2.0255 6.0199123E-15
 2.026 5.7748555E-15
 2.0265 5.6331223E-15
 2.0270002 5.6076554E-15
 2.0275002 5.5807155E-15
 2.028 5.6839955E-15
 2.0285 5.891934E-15
 2.029 5.822492E-15
 2.0295 5.557673E-15
 2.0300002 5.620475E-15
 2.0305002 5.7556266E-15
 2.0310001 5.663348E-15
 2.0315 5.714163E-15
 2.032 6.0268258E-15
 2.0325 6.2594113E-15
 2.033 6.1350355E-15
 2.0335002 5.9167886E-15
 2.0340002 5.8184108E-15
 2.0345001 5.7749063E-15
 2.035 5.7298514E-15
 2.0355 5.688201E-15
 2.036 5.544031E-15
 2.0365002 5.5590544E-15
 2.0370002 5.901293E-15
 2.0375001 6.020273E-15
 2.038 6.0694476E-15
 2.0385 6.012821E-15
 2.039 5.7575836E-15
 2.0395 5.6659245E-15
 2.0400002 5.6631445E-15
 2.0405002 5.609253E-15
 2.0410001 5.5796538E-15
 2.0415 5.5561385E-15
 2.042 5.736586E-15
 2.0425 5.743521E-15
 2.043 5.9448605E-15
 2.0435002 6.1530337E-15
 2.0440001 5.886365E-15
 2.0445 5.6368133E-15
 2.045 5.5184442E-15
 2.0455 5.495606E-15
 2.046 5.5762576E-15
 2.0465002 5.6743538E-15
 2.0470002 5.8422526E-15
 2.0475001 5.927198E-15
 2.048 6.067009E-15
 2.0485 6.0131115E-15
 2.049 5.813875E-15
 2.0495 5.5823922E-15
 2.0500002 5.5299503E-15
 2.0505002 5.5679944E-15
 2.051 5.9087185E-15
 2.0515 6.03135E-15
 2.052 5.9348105E-15
 2.0525 5.886049E-15
 2.0530002 5.9994687E-15
 2.0535002 6.0632046E-15
 2.0540001 5.9330537E-15
 2.0545 5.7210558E-15
 2.055 5.474887E-15
 2.0555 5.631454E-15
 2.056 5.6956367E-15
 2.0565002 5.577863E-15
 2.0570002 5.7654975E-15
 2.0575001 5.7566748E-15
 2.058 5.8579918E-15
 2.0585 6.167587E-15
 2.059 6.2406753E-15
 2.0595002 6.0559036E-15
 2.0600002 5.9545696E-15
 2.0605001 5.889302E-15
 2.061 5.65365E-15
 2.0615 5.5036114E-15
 2.062 5.6148577E-15
 2.0625 5.7047563E-15
 2.0630002 5.7462965E-15
 2.0635002 5.7448112E-15
 2.0640001 5.609854E-15
 2.0645 5.450295E-15
 2.065 5.4890547E-15
 2.0655 5.6232125E-15
 2.066 5.683195E-15
 2.0665002 5.771599E-15
 2.0670002 5.9505204E-15
 2.0675 5.898475E-15
 2.068 5.769795E-15
 2.0685 5.7832843E-15
 2.069 5.7947354E-15
 2.0695002 5.741417E-15
 2.0700002 5.675358E-15
 2.0705001 5.992134E-15
 2.071 6.162411E-15
 2.0715 5.9332595E-15
 2.072 5.708686E-15
 2.0725 5.7268147E-15
 2.0730002 5.7267427E-15
 2.0735002 5.7933763E-15
 2.0740001 5.6942637E-15
 2.0745 5.668871E-15
 2.075 5.8346526E-15
 2.0755 5.7462436E-15
 2.0760002 5.814988E-15
 2.0765002 5.92294E-15
 2.0770001 5.6743715E-15
 2.0775 5.840688E-15
 2.078 5.797524E-15
 2.0785 5.862653E-15
 2.079 5.828264E-15
 2.0795002 5.771226E-15
 2.0800002 5.735619E-15
 2.0805001 5.7974658E-15
 2.081 5.8089655E-15
 2.0815 5.72576E-15
 2.082 5.6666635E-15
 2.0825 5.8062457E-15
 2.0830002 5.7619204E-15
 2.0835001 5.8064104E-15
 2.084 5.7912956E-15
 2.0845 5.79325E-15
 2.085 5.793407E-15
 2.0855 5.816403E-15
 2.0860002 5.7818736E-15
 2.0865002 5.9050987E-15
 2.0870001 5.7908517E-15
 2.0875 5.6974058E-15
 2.088 5.766679E-15
 2.0885 5.7606533E-15
 2.089 5.7681296E-15
 2.0895002 5.7474497E-15
 2.0900002 5.6746553E-15
 2.0905 5.6449554E-15
 2.091 5.9196553E-15
 2.0915 6.1064477E-15
 2.092 5.949809E-15
 2.0925002 5.8726162E-15
 2.0930002 6.069891E-15
 2.0935001 6.0557994E-15
 2.094 5.902084E-15
 2.0945 5.782714E-15
 2.095 5.6577473E-15
 2.0955 5.7050934E-15
 2.0960002 5.6849438E-15
 2.0965002 5.613432E-15
 2.0970001 5.593895E-15
 2.0975 5.6815315E-15
 2.098 5.770304E-15
 2.0985 5.86072E-15
 2.0990002 5.8914894E-15
 2.0995002 5.8351265E-15
 2.1000001 5.7534726E-15
 2.1005 5.7603636E-15
 2.101 5.884759E-15
 2.1015 5.9788045E-15
 2.102 5.8697355E-15
 2.1025002 5.7816872E-15
 2.1030002 5.7809783E-15
 2.1035001 5.804902E-15
 2.104 5.8268515E-15
 2.1045 5.8735073E-15
 2.105 5.834573E-15
 2.1055 5.7292178E-15
 2.1060002 5.7772674E-15
 2.1065001 5.921459E-15
 2.107 6.004995E-15
 2.1075 5.9156955E-15
 2.108 5.798337E-15
 2.1085 5.669806E-15
 2.1090002 5.611778E-15
 2.1095002 5.699618E-15
 2.1100001 5.806968E-15
 2.1105 5.8653707E-15
 2.111 5.985286E-15
 2.1115 6.027532E-15
 2.112 5.847046E-15
 2.1125002 5.8428663E-15
 2.1130002 5.98123E-15
 2.1135 6.032496E-15
 2.114 6.0735528E-15
 2.1145 6.106761E-15
 2.115 6.1721563E-15
 2.1155002 6.014881E-15
 2.1160002 5.912835E-15
 2.1165001 5.9396064E-15
 2.117 5.9072277E-15
 2.1175 5.7571965E-15
 2.118 5.664099E-15
 2.1185 5.6745736E-15
 2.1190002 5.7924725E-15
 2.1195002 5.824802E-15
 2.1200001 5.818412E-15
 2.1205 5.8417436E-15
 2.121 5.832009E-15
 2.1215 5.8520384E-15
 2.1220002 5.828388E-15
 2.1225002 5.9005255E-15
 2.1230001 5.9919704E-15
 2.1235 5.986819E-15
 2.124 5.893047E-15
 2.1245 5.9654413E-15
 2.125 6.07447E-15
 2.1255002 6.1096876E-15
 2.1260002 5.9759483E-15
 2.1265001 5.928981E-15
 2.127 5.8453396E-15
 2.1275 5.8019034E-15
 2.128 5.7295003E-15
 2.1285 5.8185065E-15
 2.1290002 5.784966E-15
 2.1295002 5.798793E-15
 2.13 5.812228E-15
 2.1305 5.8787945E-15
 2.131 5.895819E-15
 2.1315 5.9233056E-15
 2.1320002 5.9881134E-15
 2.1325002 5.9352636E-15
 2.1330001 5.884513E-15
 2.1335 5.9841023E-15
 2.134 5.9976218E-15
 2.1345 5.9061003E-15
 2.135 5.8912226E-15
 2.1355002 5.9966926E-15
 2.1360002 6.0577937E-15
 2.1365001 6.0187175E-15
 2.137 6.006082E-15
 2.1375 5.9417167E-15
 2.138 5.9085825E-15
 2.1385002 5.8580786E-15
 2.1390002 5.7907115E-15
 2.1395001 5.869483E-15
 2.14 5.9633546E-15
 2.1405 5.888177E-15
 2.141 5.801999E-15
 2.1415 5.8282084E-15
 2.1420002 5.8353133E-15
 2.1425002 5.8240266E-15
 2.1430001 5.7948662E-15
 2.1435 5.8491915E-15
 2.144 5.9859336E-15
 2.1445 6.1181922E-15
 2.145 6.144096E-15
 2.1455002 6.157535E-15
 2.1460001 6.063773E-15
 2.1465 6.1108226E-15
 2.147 6.1573955E-15
 2.1475 6.063756E-15
 2.148 5.986705E-15
 2.1485002 5.9510087E-15
 2.1490002 5.8991843E-15
 2.1495001 5.8363187E-15
 2.15 5.7874136E-15
 2.1505 5.719951E-15
 2.151 5.8221246E-15
 2.1515 5.9311542E-15
 2.1520002 5.9798976E-15
 2.1525002 5.956544E-15
 2.153 5.8932686E-15
 2.1535 5.823708E-15
 2.154 5.907074E-15
 2.1545 5.938461E-15
 2.1550002 6.0024672E-15
 2.1555002 6.0485157E-15
 2.1560001 6.0178714E-15
 2.1565 5.955697E-15
 2.157 5.9396767E-15
 2.1575 5.9601202E-15
 2.158 6.0433315E-15
 2.1585002 6.066646E-15
 2.1590002 6.0690813E-15
 2.1595001 6.0003437E-15
 2.16 5.96688E-15
 2.1605 5.923522E-15
 2.161 5.9065848E-15
 2.1615002 6.0596504E-15
 2.1620002 6.0979587E-15
 2.1625001 5.924687E-15
 2.163 5.89116E-15
 2.1635 5.8102077E-15
 2.164 5.7933716E-15
 2.1645 5.913523E-15
 2.1650002 6.0535666E-15
 2.1655002 6.0806924E-15
 2.1660001 6.066798E-15
 2.1665 6.0911486E-15
 2.167 6.0182504E-15
 2.1675 5.933857E-15
 2.168 5.972496E-15
 2.1685002 6.0143867E-15
 2.1690001 6.0733126E-15
 2.1695 6.1498624E-15
 2.17 6.124434E-15
 2.1705 6.064956E-15
 2.171 5.951049E-15
 2.1715002 5.9466143E-15
 2.1720002 5.9609283E-15
 2.1725001 5.9526735E-15
 2.173 5.905108E-15
 2.1735 5.986496E-15
 2.174 6.0268283E-15
 2.1745 6.066257E-15
 2.1750002 6.0748724E-15
 2.1755002 6.0880243E-15
 2.176 6.000258E-15
 2.1765 5.889097E-15
 2.177 5.870862E-15
 2.1775 5.9317387E-15
 2.1780002 5.9318607E-15
 2.1785002 5.872873E-15
 2.1790001 5.924898E-15
 2.1795 5.828527E-15
 2.18 5.9584452E-15
 2.1805 5.9405224E-15
 2.181 6.042591E-15
 2.1815002 6.0265513E-15
 2.1820002 6.1476864E-15
 2.1825001 6.0817016E-15
 2.183 5.9892997E-15
 2.1835 5.900771E-15
 2.184 5.925577E-15
 2.1845002 5.9675788E-15
 2.1850002 5.984261E-15
 2.1855001 6.015804E-15
 2.186 6.012384E-15
 2.1865 5.928525E-15
 2.187 5.9478285E-15
 2.1875 5.981842E-15
 2.1880002 5.976308E-15
 2.1885002 6.0861566E-15
 2.1890001 6.1119107E-15
 2.1895 5.9956444E-15
 2.19 5.9926014E-15
 2.1905 5.9639954E-15
 2.191 6.007027E-15
 2.1915002 6.067474E-15
 2.1920002 6.0479237E-15
 2.1925 5.9929165E-15
 2.193 5.8833E-15
 2.1935 5.8342062E-15
 2.194 5.8715807E-15
 2.1945002 5.9400443E-15
 2.1950002 5.9830287E-15
 2.1955001 6.060544E-15
 2.196 6.0300907E-15
 2.1965 6.0442696E-15
 2.197 6.0532693E-15
 2.1975 5.9525223E-15
 2.1980002 5.919581E-15
 2.1985002 5.9828504E-15
 2.1990001 5.9558347E-15
 2.1995 5.9228724E-15
 2.2 5.9332934E-15
 2.2005 5.9489665E-15
 2.2010002 5.9988178E-15
 2.2015002 6.0449713E-15
 2.2020001 5.88905E-15
 2.2025 5.8799104E-15
 2.203 5.8506027E-15
 2.2035 5.7893486E-15
 2.204 5.7338587E-15
 2.2045002 5.7744692E-15
 2.2050002 5.778503E-15
 2.2055001 5.781986E-15
 2.206 5.776182E-15
 2.2065 5.6641237E-15
 2.207 5.6640763E-15
 2.2075 5.7792867E-15
 2.2080002 5.8918667E-15
 2.2085001 5.8304916E-15
 2.209 5.6926255E-15
 2.2095 5.7725774E-15
 2.21 5.9130654E-15
 2.2105 5.9712058E-15
 2.2110002 5.939859E-15
 2.2115002 5.929938E-15
 2.2120001 6.0217245E-15
 2.2125 6.1265817E-15
 2.213 6.0381514E-15
 2.2135 5.9867734E-15
 2.214 6.0013305E-15
 2.2145002 6.125093E-15
 2.2150002 6.0370202E-15
 2.2155 6.071491E-15
 2.216 6.0065016E-15
 2.2165 5.952438E-15
 2.217 5.9415833E-15
 2.2175002 5.9035516E-15
 2.2180002 5.8728276E-15
 2.2185001 6.006015E-15
 2.219 5.9869703E-15
 2.2195 5.8518364E-15
 2.22 5.7946833E-15
 2.2205 5.828787E-15
 2.2210002 5.7770603E-15
 2.2215002 5.773897E-15
 2.2220001 5.839722E-15
 2.2225 5.96276E-15
 2.223 6.011572E-15
 2.2235 5.9868543E-15
 2.2240002 5.9554E-15
 2.2245002 6.064753E-15
 2.2250001 6.146915E-15
 2.2255 6.1659247E-15
 2.226 6.214388E-15
 2.2265 6.075726E-15
 2.227 5.952525E-15
 2.2275002 5.926506E-15
 2.2280002 5.8485965E-15
 2.2285001 5.8307664E-15
 2.229 5.855499E-15
 2.2295 5.851712E-15
 2.23 5.864606E-15
 2.2305 6.159256E-15
 2.2310002 6.1002E-15
 2.2315001 6.029771E-15
 2.232 6.0255607E-15
 2.2325 6.0146696E-15
 2.233 5.9952065E-15
 2.2335 5.8822843E-15
 2.2340002 5.823278E-15
 2.2345002 5.8751476E-15
 2.2350001 5.841203E-15
 2.2355 5.8132405E-15
 2.236 5.7591367E-15
 2.2365 5.7404715E-15
 2.237 5.848039E-15
 2.2375002 5.9151402E-15
 2.2380002 5.9190256E-15
 2.2385 5.9200234E-15
 2.239 5.90617E-15
 2.2395 5.923691E-15
 2.24 6.0337054E-15
 2.2405002 6.0648105E-15
 2.2410002 6.0636793E-15
 2.2415001 6.019145E-15
 2.242 5.9632627E-15
 2.2425 5.9423677E-15
 2.243 5.8805042E-15
 2.2435 5.8721046E-15
 2.2440002 5.750914E-15
 2.2445002 5.822304E-15
 2.2450001 5.867708E-15
 2.2455 5.911731E-15
 2.246 6.0453686E-15
 2.2465 5.9306947E-15
 2.2470002 5.8950296E-15
 2.2475002 5.862523E-15
 2.2480001 5.926721E-15
 2.2485 5.910995E-15
 2.249 5.9149454E-15
 2.2495 5.980046E-15
 2.25 5.844762E-15
 2.2505002 5.773506E-15
 2.2510002 5.7768414E-15
 2.2515001 5.9262487E-15
 2.252 5.899964E-15
 2.2525 5.8653673E-15
 2.253 5.8663283E-15
 2.2535 5.870862E-15
 2.2540002 5.873356E-15
 2.2545002 5.844699E-15
 2.255 5.764246E-15
 2.2555 5.7512385E-15
 2.256 5.805481E-15
 2.2565 5.7899577E-15
 2.2570002 5.8295725E-15
 2.2575002 5.937888E-15
 2.2580001 5.7687225E-15
 2.2585 5.7433535E-15
 2.259 5.889439E-15
 2.2595 5.870857E-15
 2.26 5.8618386E-15
 2.2605002 5.813461E-15
 2.2610002 5.7808423E-15
 2.2615001 5.769285E-15
 2.262 5.7968377E-15
 2.2625 5.811905E-15
 2.263 5.8792646E-15
 2.2635002 5.716199E-15
 2.2640002 5.6820846E-15
 2.2645001 5.718086E-15
 2.265 5.70661E-15
 2.2655 5.777696E-15
 2.266 5.772782E-15
 2.2665 5.736316E-15
 2.2670002 5.7642333E-15
 2.2675002 5.81589E-15
 2.2680001 5.8436604E-15
 2.2685 5.7901732E-15
 2.269 5.8282884E-15
 2.2695 5.8837403E-15
 2.27 5.769799E-15
 2.2705002 5.730336E-15
 2.2710001 5.753821E-15
 2.2715 5.8419464E-15
 2.272 5.7164437E-15
 2.2725 5.613473E-15
 2.273 5.7709553E-15
 2.2735002 5.740682E-15
 2.2740002 5.7284495E-15
 2.2745001 5.6937356E-15
 2.275 5.6600796E-15
 2.2755 5.8081663E-15
 2.276 5.8491746E-15
 2.2765 5.862115E-15
 2.2770002 5.8015506E-15
 2.2775002 5.8764393E-15
 2.278 5.861693E-15
 2.2785 5.741799E-15
 2.279 5.721331E-15
 2.2795 5.5816104E-15
 2.2800002 5.9710317E-15
 2.2805002 5.60664E-15
 2.2810001 5.5435223E-15
 2.2815 5.7193913E-15
 2.282 5.787402E-15
 2.2825 5.8000437E-15
 2.283 5.6494616E-15
 2.2835002 5.783129E-15
 2.2840002 5.6513903E-15
 2.2845001 5.6640314E-15
 2.285 5.6247037E-15
 2.2855 5.6854647E-15
 2.286 5.7611323E-15
 2.2865002 5.7487165E-15
 2.2870002 5.7886096E-15
 2.2875001 5.759414E-15
 2.288 5.761497E-15
 2.2885 5.7990683E-15
 2.289 5.704653E-15
 2.2895 5.660575E-15
 2.2900002 5.6941057E-15
 2.2905002 5.851632E-15
 2.2910001 5.8796356E-15
 2.2915 5.7858745E-15
 2.292 5.6365456E-15
 2.2925 5.516784E-15
 2.293 5.514268E-15
 2.2935002 5.303633E-15
 2.2940001 4.805692E-15
 2.2945 4.6878695E-15
 2.295 4.761411E-15
 2.2955 4.8307327E-15
 2.296 4.9139308E-15
 2.2965002 4.982599E-15
 2.2970002 5.046057E-15
 2.2975001 5.154054E-15
 2.298 5.181443E-15
 2.2985 5.1245976E-15
 2.299 5.2350634E-15
 2.2995 5.2908147E-15
 2.3000002 5.3323934E-15
 2.3005002 5.248674E-15
 2.301 5.1923408E-15
 2.3015 5.163813E-15
 2.302 5.256548E-15
 2.3025 5.3629925E-15
 2.3030002 5.333688E-15
 2.3035002 5.2730338E-15
 2.3040001 5.1975767E-15
 2.3045 5.405919E-15
 2.305 5.4312888E-15
 2.3055 5.3188998E-15
 2.306 5.1997493E-15
 2.3065002 5.265568E-15
 2.3070002 5.3276073E-15
 2.3075001 5.369365E-15
 2.308 5.4284736E-15
 2.3085 5.5099586E-15
 2.309 5.4437296E-15
 2.3095002 5.329739E-15
 2.3100002 5.225851E-15
 2.3105001 5.248323E-15
 2.311 5.27929E-15
 2.3115 5.126002E-15
 2.312 5.1845608E-15
 2.3125 5.25752E-15
 2.3130002 5.279693E-15
 2.3135002 5.331754E-15
 2.3140001 5.2188055E-15
 2.3145 5.201135E-15
 2.315 5.064732E-15
 2.3155 5.1032837E-15
 2.316 5.114627E-15
 2.3165002 5.002847E-15
 2.3170002 4.9617636E-15
 2.3175 5.09928E-15
 2.318 5.1177786E-15
 2.3185 5.1575192E-15
 2.319 5.3013768E-15
 2.3195002 5.2627686E-15
 2.3200002 5.2577876E-15
 2.3205001 5.189695E-15
 2.321 5.0226513E-15
 2.3215 5.0571382E-15
 2.322 5.053355E-15
 2.3225 4.9341588E-15
 2.3230002 4.6399372E-15
 2.3235002 4.4671776E-15
 2.3240001 4.539089E-15
 2.3245 4.7456457E-15
 2.325 4.780029E-15
 2.3255 4.663819E-15
 2.3260002 4.7170837E-15
 2.3265002 4.665767E-15
 2.3270001 4.849325E-15
 2.3275 4.934176E-15
 2.328 4.9495455E-15
 2.3285 4.778596E-15
 2.329 4.7595925E-15
 2.3295002 4.893125E-15
 2.3300002 5.0226276E-15
 2.3305001 4.8837074E-15
 2.331 4.630381E-15
 2.3315 4.6924118E-15
 2.332 4.748388E-15
 2.3325 4.9386984E-15
 2.3330002 5.000142E-15
 2.3335001 5.0079997E-15
 2.334 4.905578E-15
 2.3345 4.8108172E-15
 2.335 4.8175503E-15
 2.3355 4.7417404E-15
 2.3360002 4.7333675E-15
 2.3365002 4.8856653E-15
 2.3370001 4.879723E-15
 2.3375 4.857602E-15
 2.338 4.8531896E-15
 2.3385 4.8113157E-15
 2.339 4.7442976E-15
 2.3395002 4.716061E-15
 2.3400002 4.6778263E-15
 2.3405 4.7049415E-15
 2.341 4.793505E-15
 2.3415 4.7485035E-15
 2.342 4.815484E-15
 2.3425002 4.986413E-15
 2.3430002 5.053478E-15
 2.3435001 4.930282E-15
 2.344 4.830231E-15
 2.3445 4.728214E-15
 2.345 4.5337553E-15
 2.3455 4.5085095E-15
 2.3460002 4.76589E-15
 2.3465002 4.970313E-15
 2.3470001 4.9178415E-15
 2.3475 4.96758E-15
 2.348 4.8779556E-15
 2.3485 5.0287215E-15
 2.3490002 5.0832035E-15
 2.3495002 4.87131E-15
 2.3500001 4.755231E-15
 2.3505 4.7493828E-15
 2.351 4.671279E-15
 2.3515 4.6742196E-15
 2.352 4.5098084E-15
 2.3525002 4.456814E-15
 2.3530002 4.2773283E-15
 2.3535001 4.119749E-15
 2.354 4.519178E-15
 2.3545 6.7256017E-15
 2.355 6.510726E-15
 2.3555 6.481202E-15
 2.3560002 4.581046E-15
 2.3565001 4.6078813E-15
 2.357 4.5926457E-15
 2.3575 4.6392126E-15
 2.358 4.6792984E-15
 2.3585 4.4668066E-15
 2.3590002 4.4316556E-15
 2.3595002 4.520939E-15
 2.3600001 4.653574E-15
 2.3605 4.5771585E-15
 2.361 4.5252528E-15
 2.3615 4.4170706E-15
 2.362 4.426375E-15
 2.3625002 4.5083367E-15
 2.3630002 4.5151434E-15
 2.3635 4.5249343E-15
 2.364 4.5497324E-15
 2.3645 4.596679E-15
 2.365 4.623499E-15
 2.3655002 4.68933E-15
 2.3660002 4.6619313E-15
 2.3665001 4.6448424E-15
 2.367 4.679144E-15
 2.3675 4.4244457E-15
 2.368 4.38457E-15
 2.3685 4.5313467E-15
 2.3690002 4.4411195E-15
 2.3695002 4.6303357E-15
 2.3700001 4.6365885E-15
 2.3705 4.3556916E-15
 2.371 4.580407E-15
 2.3715 4.6546904E-15
 2.3720002 4.81626E-15
 2.3725002 4.9505277E-15
 2.3730001 4.7238964E-15
 2.3735 4.719022E-15
 2.374 4.6396035E-15
 2.3745 4.540306E-15
 2.375 4.5455367E-15
 2.3755002 4.53454E-15
 2.3760002 4.483558E-15
 2.3765001 4.382583E-15
 2.377 4.331264E-15
 2.3775 4.5881276E-15
 2.378 4.5924936E-15
 2.3785 4.5172627E-15
 2.3790002 4.5334237E-15
 2.3795002 4.4424528E-15
 2.38 4.365267E-15
 2.3805 4.4655416E-15
 2.381 4.4125533E-15
 2.3815 4.3267785E-15
 2.3820002 4.3387166E-15
 2.3825002 4.3346454E-15
 2.3830001 4.0752195E-15
 2.3835 3.917045E-15
 2.384 3.994396E-15
 2.3845 4.039499E-15
 2.385 4.3282477E-15
 2.3855002 4.467799E-15
 2.3860002 4.2342834E-15
 2.3865001 4.089686E-15
 2.387 4.1162307E-15
 2.3875 3.9965043E-15
 2.388 4.0596316E-15
 2.3885002 4.1204566E-15
 2.3890002 4.2905315E-15
 2.3895001 4.288944E-15
 2.39 4.2604194E-15
 2.3905 4.4259127E-15
 2.391 4.471053E-15
 2.3915 4.2174037E-15
 2.3920002 4.3884315E-15
 2.3925002 4.1792407E-15
 2.3930001 4.116473E-15
 2.3935 4.1437953E-15
 2.394 4.3642225E-15
 2.3945 4.4387428E-15
 2.395 4.3784454E-15
 2.3955002 4.2469148E-15
 2.3960001 4.20029E-15
 2.3965 4.1948722E-15
 2.397 4.1225445E-15
 2.3975 4.2462558E-15
 2.398 4.1467557E-15
 2.3985002 4.0697845E-15
 2.3990002 4.154269E-15
 2.3995001 4.1041364E-15
 2.4 4.137732E-15
 2.4005 4.0830236E-15
 2.401 4.066286E-15
 2.4015 4.1279642E-15
 2.4020002 4.0326616E-15
 2.4025002 4.0333037E-15
 2.403 3.994942E-15
 2.4035 4.0862555E-15
 2.404 4.1525824E-15
 2.4045 3.969479E-15
 2.4050002 4.072612E-15
 2.4055002 4.0334405E-15
 2.4060001 4.001878E-15
 2.4065 4.062857E-15
 2.407 4.036699E-15
 2.4075 3.9951508E-15
 2.408 4.0017513E-15
 2.4085002 3.8856747E-15
 2.4090002 3.8310343E-15
 2.4095001 3.9048566E-15
 2.41 3.8637217E-15
 2.4105 3.92894E-15
 2.411 4.0144855E-15
 2.4115002 3.9901795E-15
 2.4120002 3.882165E-15
 2.4125001 3.977649E-15
 2.413 3.8928186E-15
 2.4135 3.7693534E-15
 2.414 3.7020265E-15
 2.4145 3.6878006E-15
 2.4150002 3.8717707E-15
 2.4155002 3.946838E-15
 2.4160001 3.8200856E-15
 2.4165 3.9398403E-15
 2.417 3.858432E-15
 2.4175 3.790198E-15
 2.418 3.805759E-15
 2.4185002 3.7311077E-15
 2.4190001 3.777526E-15
 2.4195 3.933301E-15
 2.42 3.840353E-15
 2.4205 3.93045E-15
 2.421 3.973356E-15
 2.4215002 3.932799E-15
 2.4220002 3.7277907E-15
 2.4225001 3.626164E-15
 2.423 3.7479247E-15
 2.4235 3.7639247E-15
 2.424 3.730329E-15
 2.4245 3.8124817E-15
 2.4250002 3.9109544E-15
 2.4255002 3.7241095E-15
 2.426 3.6222017E-15
 2.4265 3.515545E-15
 2.427 3.7083225E-15
 2.4275 3.7729156E-15
 2.4280002 3.7043626E-15
 2.4285002 3.508638E-15
 2.4290001 3.5037586E-15
 2.4295 3.6617865E-15
 2.43 3.7349414E-15
 2.4305 3.733714E-15
 2.431 3.666136E-15
 2.4315002 3.6439544E-15
 2.4320002 3.6455883E-15
 2.4325001 3.7564454E-15
 2.433 3.8406206E-15
 2.4335 3.757993E-15
 2.434 3.6625285E-15
 2.4345002 3.4649073E-15
 2.4350002 3.386782E-15
 2.4355001 3.3496286E-15
 2.436 3.775371E-15
 2.4365 3.83763E-15
 2.437 3.6079025E-15
 2.4375 3.3782647E-15
 2.4380002 3.406245E-15
 2.4385002 3.579526E-15
 2.4390001 3.713439E-15
 2.4395 3.744169E-15
 2.44 3.7449868E-15
 2.4405 3.657361E-15
 2.441 3.6425542E-15
 2.4415002 3.590095E-15
 2.4420002 3.5215314E-15
 2.4425 3.428703E-15
 2.443 3.293988E-15
 2.4435 3.4669321E-15
 2.444 3.4830486E-15
 2.4445002 3.2916052E-15
 2.4450002 3.1910024E-15
 2.4455001 3.3464537E-15
 2.446 3.377428E-15
 2.4465 3.6515264E-15
 2.447 3.8607885E-15
 2.4475 3.5261188E-15
 2.4480002 3.526511E-15
 2.4485002 3.3502976E-15
 2.4490001 3.463028E-15
 2.4495 3.5889053E-15
 2.45 3.4140497E-15
 2.4505 3.4855321E-15
 2.4510002 3.654643E-15
 2.4515002 3.5580165E-15
 2.4520001 3.6663766E-15
 2.4525 3.4362951E-15
 2.453 3.356305E-15
 2.4535 3.1586477E-15
 2.454 3.0597356E-15
 2.4545002 3.0327985E-15
 2.4550002 3.086968E-15
 2.4555001 3.3801902E-15
 2.456 3.591735E-15
 2.4565 3.5155097E-15
 2.457 3.2707542E-15
 2.4575 3.3754689E-15
 2.4580002 3.4150732E-15
 2.4585001 0.
 2.459 0.
 2.4595 0.
 2.46 0.
 2.4605 0.
 2.4610002 0.
 2.4615002 0.
 2.4620001 0.
 2.4625 0.
 2.463 0.
 2.4635 0.
 2.464 0.
 2.4645002 0.
 2.4650002 0.
 2.4655 0.
 2.466 0.
 2.4665 0.
 2.467 0.
 2.4675002 0.
 2.4680002 0.
 2.4685001 0.
 2.469 0.
 2.4695 0.
 2.47 0.
 2.4705 0.
 2.4710002 0.
 2.4715002 0.
 2.4720001 0.
 2.4725 0.
 2.473 0.
 2.4735 0.
 2.4740002 0.
 2.4745002 0.
 2.4750001 0.
 2.4755 0.
 2.476 0.
 2.4765 0.
 2.477 0.
 2.4775002 0.
 2.4780002 0.
 2.4785001 0.
 2.479 0.
 2.4795 0.
 2.48 0.
 2.4805 0.
 2.4810002 0.
 2.4815001 0.
 2.482 0.
 2.4825 0.
 2.483 0.
 2.4835 0.
 2.4840002 0.
 2.4845002 0.
 2.4850001 0.
 2.4855 0.
 2.486 0.
 2.4865 0.
 2.487 0.
 2.4875002 0.
 2.4880002 0.
 2.4885 0.
 2.489 0.
 2.4895 0.
 2.49 0.
 2.4905002 0.
 2.4910002 0.
 2.4915001 0.
 2.492 0.
 2.4925 0.
 2.493 0.
