 1.088035 0.
 1.08818 0.
 1.088325 0.
 1.08847 0.
 1.088615 0.
 1.08876 0.
 1.088905 0.
 1.08905 0.
 1.089195 0.
 1.08934 0.
 1.089485 0.
 1.08963 0.
 1.089775 0.
 1.08992 0.
 1.090065 0.
 1.09021 0.
 1.090355 0.
 1.0905 0.
 1.090645 0.
 1.09079 0.
 1.090935 0.
 1.09108 0.
 1.091225 0.
 1.09137 0.
 1.091515 0.
 1.09166 0.
 1.091805 0.
 1.09195 0.
 1.092095 0.
 1.09224 0.
 1.092385 0.
 1.09253 0.
 1.092675 0.
 1.09282 0.
 1.092965 0.
 1.09311 0.
 1.093255 0.
 1.0934 0.
 1.093545 0.
 1.09369 0.
 1.093835 0.
 1.09398 0.
 1.094125 0.
 1.09427 0.
 1.094415 0.
 1.09456 0.
 1.094705 0.
 1.09485 0.
 1.094995 0.
 1.09514 0.
 1.095285 0.
 1.09543 0.
 1.095575 0.
 1.09572 0.
 1.095865 0.
 1.09601 0.
 1.096155 0.
 1.0963 0.
 1.096445 0.
 1.09659 0.
 1.096735 0.
 1.09688 0.
 1.097025 0.
 1.09717 0.
 1.097315 0.
 1.09746 0.
 1.097605 0.
 1.09775 0.
 1.097895 0.
 1.09804 0.
 1.098185 0.
 1.09833 0.
 1.098475 0.
 1.09862 0.
 1.098765 0.
 1.09891 0.
 1.099055 0.
 1.0992 0.
 1.099345 0.
 1.09949 0.
 1.099635 0.
 1.09978 1.3396977E-15
 1.099925 1.3972573E-15
 1.10007 1.3438017E-15
 1.100215 1.1997722E-15
 1.10036 1.1588E-15
 1.100505 1.0588754E-15
 1.10065 1.0081223E-15
 1.100795 1.0539662E-15
 1.10094 1.1888983E-15
 1.101085 1.1946361E-15
 1.10123 1.3008786E-15
 1.101375 1.3386387E-15
 1.10152 1.3193275E-15
 1.101665 1.254326E-15
 1.10181 1.1181996E-15
 1.101955 1.2839281E-15
 1.1021 1.2824388E-15
 1.102245 1.2392359E-15
 1.10239 1.2788953E-15
 1.102535 1.0635902E-15
 1.10268 1.0924744E-15
 1.102825 9.845154E-16
 1.10297 1.2132453E-15
 1.103115 1.3241161E-15
 1.10326 1.2208397E-15
 1.103405 1.0823545E-15
 1.10355 1.1762108E-15
 1.103695 9.48566E-16
 1.10384 1.00058E-15
 1.103985 1.0300201E-15
 1.10413 8.5271416E-16
 1.104275 1.0494029E-15
 1.10442 1.0702914E-15
 1.104565 1.0418785E-15
 1.10471 9.687846E-16
 1.104855 9.64829E-16
 1.105 1.1033416E-15
 1.105145 1.0018113E-15
 1.10529 1.07029E-15
 1.105435 1.0565717E-15
 1.10558 9.757271E-16
 1.105725 1.0400454E-15
 1.10587 9.107457E-16
 1.106015 9.159157E-16
 1.10616 1.1492046E-15
 1.106305 1.014456E-15
 1.10645 1.1641382E-15
 1.106595 1.1640587E-15
 1.10674 1.0815977E-15
 1.106885 1.2177121E-15
 1.10703 1.0558127E-15
 1.107175 1.1873822E-15
 1.10732 1.1135471E-15
 1.107465 9.27311E-16
 1.10761 1.0160557E-15
 1.107755 1.168613E-15
 1.1079 1.0127797E-15
 1.108045 1.0102279E-15
 1.10819 1.0592522E-15
 1.108335 1.0904971E-15
 1.10848 1.0461728E-15
 1.108625 1.0088963E-15
 1.10877 1.0038922E-15
 1.108915 1.1710062E-15
 1.10906 1.2651283E-15
 1.109205 1.2547602E-15
 1.10935 9.937641E-16
 1.109495 9.887471E-16
 1.10964 9.82557E-16
 1.109785 1.0833367E-15
 1.10993 1.0672662E-15
 1.110075 1.084101E-15
 1.11022 1.1089713E-15
 1.110365 1.1492707E-15
 1.11051 1.0516522E-15
 1.110655 1.1910505E-15
 1.1108 9.520715E-16
 1.110945 1.0674568E-15
 1.11109 1.0156498E-15
 1.111235 1.0238273E-15
 1.11138 1.0247287E-15
 1.111525 1.0810312E-15
 1.11167 1.0146876E-15
 1.111815 9.300236E-16
 1.11196 9.839425E-16
 1.112105 1.1309654E-15
 1.11225 1.0320758E-15
 1.112395 1.1288053E-15
 1.11254 9.707563E-16
 1.112685 1.1039053E-15
 1.11283 1.1698992E-15
 1.112975 1.1220843E-15
 1.11312 1.2209783E-15
 1.113265 1.4637668E-15
 1.11341 1.1586862E-15
 1.113555 1.2173757E-15
 1.1137 1.0652999E-15
 1.113845 1.0533201E-15
 1.11399 9.712469E-16
 1.114135 1.1355871E-15
 1.11428 1.0703521E-15
 1.114425 8.753732E-16
 1.11457 1.1595649E-15
 1.114715 1.0682524E-15
 1.11486 1.126578E-15
 1.115005 1.1871053E-15
 1.11515 1.1443799E-15
 1.115295 1.0446542E-15
 1.11544 1.1442356E-15
 1.115585 1.2370019E-15
 1.11573 1.1292773E-15
 1.115875 1.189583E-15
 1.11602 1.1234965E-15
 1.116165 1.0263703E-15
 1.11631 1.0914936E-15
 1.116455 1.120281E-15
 1.1166 9.468381E-16
 1.116745 1.02547E-15
 1.11689 1.1163888E-15
 1.117035 1.0968691E-15
 1.11718 1.2246239E-15
 1.117325 9.417689E-16
 1.11747 9.164719E-16
 1.117615 9.280045E-16
 1.11776 1.1924314E-15
 1.117905 1.068387E-15
 1.11805 9.943882E-16
 1.118195 1.0941402E-15
 1.11834 1.043951E-15
 1.118485 1.2206982E-15
 1.11863 1.2144913E-15
 1.118775 1.0523789E-15
 1.11892 1.148576E-15
 1.119065 1.0319809E-15
 1.11921 1.1111236E-15
 1.119355 1.0076983E-15
 1.1195 7.7602554E-16
 1.119645 9.887965E-16
 1.11979 1.0797932E-15
 1.119935 9.429149E-16
 1.12008 9.53126E-16
 1.120225 9.686564E-16
 1.12037 1.0057381E-15
 1.120515 1.0202555E-15
 1.12066 1.0749132E-15
 1.120805 1.2013666E-15
 1.12095 1.2795235E-15
 1.121095 1.26481E-15
 1.12124 1.0679651E-15
 1.121385 9.173177E-16
 1.12153 1.0494663E-15
 1.121675 1.2293843E-15
 1.12182 1.1026659E-15
 1.121965 1.0407569E-15
 1.12211 8.96789E-16
 1.122255 1.0603953E-15
 1.1224 1.1813149E-15
 1.122545 1.2877063E-15
 1.12269 1.0608297E-15
 1.122835 1.1925916E-15
 1.12298 1.2915547E-15
 1.123125 1.2899414E-15
 1.12327 1.1959492E-15
 1.123415 1.1083517E-15
 1.12356 1.0839664E-15
 1.123705 1.0529937E-15
 1.12385 8.382671E-16
 1.123995 1.2411175E-15
 1.12414 1.3217553E-15
 1.124285 1.2592723E-15
 1.12443 1.1051583E-15
 1.124575 1.0532343E-15
 1.12472 9.901374E-16
 1.124865 1.1523893E-15
 1.12501 1.1019774E-15
 1.125155 1.1202694E-15
 1.1253 1.102562E-15
 1.125445 1.1175949E-15
 1.12559 1.1744797E-15
 1.125735 9.387505E-16
 1.12588 1.3541663E-15
 1.126025 1.2420373E-15
 1.12617 1.1549071E-15
 1.126315 1.1022036E-15
 1.12646 1.1375073E-15
 1.126605 1.294405E-15
 1.12675 1.2908372E-15
 1.126895 1.1504578E-15
 1.12704 1.1218837E-15
 1.127185 1.1604761E-15
 1.12733 1.1338756E-15
 1.127475 1.2247423E-15
 1.12762 1.1714565E-15
 1.127765 1.2001417E-15
 1.12791 1.0279287E-15
 1.128055 1.2672302E-15
 1.1282 1.3760832E-15
 1.128345 9.870016E-16
 1.12849 1.204462E-15
 1.128635 1.2188178E-15
 1.12878 1.3094148E-15
 1.128925 1.032542E-15
 1.12907 8.919438E-16
 1.129215 1.0520889E-15
 1.12936 1.0429914E-15
 1.129505 1.2019187E-15
 1.12965 9.361845E-16
 1.129795 9.352812E-16
 1.12994 1.0865297E-15
 1.130085 1.2020996E-15
 1.13023 1.326311E-15
 1.130375 1.0829232E-15
 1.13052 1.1750582E-15
 1.130665 1.1327121E-15
 1.13081 1.0041301E-15
 1.130955 9.552533E-16
 1.1311 9.187307E-16
 1.131245 1.0117302E-15
 1.13139 1.0069677E-15
 1.131535 1.1201101E-15
 1.13168 1.2207608E-15
 1.131825 1.1110521E-15
 1.13197 1.2226653E-15
 1.132115 1.023782E-15
 1.13226 9.797649E-16
 1.132405 1.1033934E-15
 1.13255 1.1504425E-15
 1.132695 1.1993258E-15
 1.13284 1.2447035E-15
 1.132985 9.899477E-16
 1.13313 1.0776078E-15
 1.133275 9.79481E-16
 1.13342 1.0334957E-15
 1.133565 1.1831536E-15
 1.13371 9.857331E-16
 1.133855 8.947493E-16
 1.134 1.0059236E-15
 1.134145 1.1283135E-15
 1.13429 9.404045E-16
 1.134435 9.042925E-16
 1.13458 6.745283E-16
 1.134725 8.228302E-16
 1.13487 1.1766236E-15
 1.135015 1.1293516E-15
 1.13516 1.036715E-15
 1.135305 1.1016875E-15
 1.13545 1.2084612E-15
 1.135595 1.1532418E-15
 1.13574 1.0816346E-15
 1.135885 9.176965E-16
 1.13603 1.0102074E-15
 1.136175 1.1248308E-15
 1.13632 1.1963415E-15
 1.136465 1.1881706E-15
 1.13661 1.1726478E-15
 1.136755 1.0622956E-15
 1.1369 1.1532004E-15
 1.137045 1.0981441E-15
 1.13719 9.368496E-16
 1.137335 1.1055813E-15
 1.13748 1.0401847E-15
 1.137625 8.5155245E-16
 1.13777 1.046536E-15
 1.137915 1.0822703E-15
 1.13806 1.0804492E-15
 1.138205 1.0146125E-15
 1.13835 8.523113E-16
 1.138495 8.561511E-16
 1.13864 7.750828E-16
 1.138785 9.663177E-16
 1.13893 1.021598E-15
 1.139075 1.0383762E-15
 1.13922 9.487637E-16
 1.139365 1.1376725E-15
 1.13951 1.0846576E-15
 1.139655 1.0026103E-15
 1.1398 9.553101E-16
 1.139945 9.203513E-16
 1.14009 8.393523E-16
 1.140235 1.1975629E-15
 1.14038 1.0588881E-15
 1.140525 9.975169E-16
 1.14067 8.648131E-16
 1.140815 7.3399857E-16
 1.14096 8.695156E-16
 1.141105 1.0824622E-15
 1.14125 1.0436206E-15
 1.141395 1.1365501E-15
 1.14154 1.0360258E-15
 1.141685 1.1497365E-15
 1.14183 1.0127834E-15
 1.141975 1.1616074E-15
 1.14212 9.866357E-16
 1.142265 1.0996942E-15
 1.14241 1.1042859E-15
 1.142555 1.1094948E-15
 1.1427 1.2392665E-15
 1.142845 1.1706896E-15
 1.14299 1.2910594E-15
 1.143135 1.1083171E-15
 1.14328 1.1793544E-15
 1.143425 1.0533286E-15
 1.14357 1.117428E-15
 1.143715 1.1383111E-15
 1.14386 1.019495E-15
 1.144005 1.0277192E-15
 1.14415 9.711236E-16
 1.144295 1.0801715E-15
 1.14444 1.0523395E-15
 1.144585 1.188309E-15
 1.14473 1.0373773E-15
 1.144875 9.570244E-16
 1.14502 1.0602843E-15
 1.145165 1.1000164E-15
 1.14531 1.1488177E-15
 1.145455 1.1595661E-15
 1.1456 1.2546742E-15
 1.145745 1.1304495E-15
 1.14589 1.0899794E-15
 1.146035 9.604495E-16
 1.14618 1.0480627E-15
 1.146325 1.0280617E-15
 1.14647 8.609985E-16
 1.146615 9.168717E-16
 1.14676 1.2245674E-15
 1.146905 1.184038E-15
 1.14705 1.1777167E-15
 1.147195 1.0723067E-15
 1.14734 1.0025938E-15
 1.147485 1.0945696E-15
 1.14763 1.1385063E-15
 1.147775 1.1073445E-15
 1.14792 1.2284319E-15
 1.148065 1.1238507E-15
 1.14821 1.0236346E-15
 1.148355 1.1701049E-15
 1.1485 1.0832692E-15
 1.148645 1.0470599E-15
 1.14879 9.963281E-16
 1.148935 1.0923589E-15
 1.14908 1.2912408E-15
 1.149225 1.2516947E-15
 1.14937 1.2840774E-15
 1.149515 1.1451556E-15
 1.14966 1.0051087E-15
 1.149805 1.0374381E-15
 1.14995 1.1743587E-15
 1.150095 1.0688252E-15
 1.15024 1.1667369E-15
 1.150385 1.2093015E-15
 1.15053 1.176196E-15
 1.150675 1.2298645E-15
 1.15082 1.061435E-15
 1.150965 1.0091302E-15
 1.15111 1.0908005E-15
 1.151255 1.2482534E-15
 1.1514 1.2123577E-15
 1.151545 1.1793414E-15
 1.15169 1.1238744E-15
 1.151835 1.1163519E-15
 1.15198 1.2593993E-15
 1.152125 1.0995132E-15
 1.15227 1.1631124E-15
 1.152415 1.2994254E-15
 1.15256 9.957687E-16
 1.152705 1.1330356E-15
 1.15285 1.1680663E-15
 1.152995 1.031401E-15
 1.15314 1.0684918E-15
 1.153285 1.1224858E-15
 1.15343 1.0059774E-15
 1.153575 1.068541E-15
 1.15372 1.1125246E-15
 1.153865 1.186014E-15
 1.15401 1.0423181E-15
 1.154155 1.1702597E-15
 1.1543 1.1373212E-15
 1.154445 1.2158452E-15
 1.15459 1.1790817E-15
 1.154735 1.1359352E-15
 1.15488 9.688054E-16
 1.155025 1.1110945E-15
 1.15517 1.0618141E-15
 1.155315 1.0896987E-15
 1.15546 1.1509099E-15
 1.155605 1.0721249E-15
 1.15575 1.0640047E-15
 1.155895 1.1645179E-15
 1.15604 1.2218607E-15
 1.156185 1.2613665E-15
 1.15633 1.1267745E-15
 1.156475 1.1783468E-15
 1.15662 1.1725445E-15
 1.156765 1.1543349E-15
 1.15691 1.137427E-15
 1.157055 1.1647296E-15
 1.1572 1.0969444E-15
 1.157345 1.1198812E-15
 1.15749 1.174072E-15
 1.157635 1.1435353E-15
 1.15778 1.1234916E-15
 1.157925 9.711872E-16
 1.15807 1.0790129E-15
 1.158215 1.0997999E-15
 1.15836 1.0439103E-15
 1.158505 1.0815396E-15
 1.15865 1.1733154E-15
 1.158795 1.126954E-15
 1.15894 1.0816407E-15
 1.159085 1.1456782E-15
 1.15923 1.0551197E-15
 1.159375 1.0484753E-15
 1.15952 1.1012401E-15
 1.159665 1.0655997E-15
 1.15981 1.0507806E-15
 1.159955 1.095041E-15
 1.1601 9.867154E-16
 1.160245 1.0200658E-15
 1.16039 1.1500672E-15
 1.160535 1.1455423E-15
 1.16068 1.2358832E-15
 1.160825 1.147377E-15
 1.16097 1.126035E-15
 1.161115 1.2015006E-15
 1.16126 1.1792215E-15
 1.161405 1.1638061E-15
 1.16155 1.1317943E-15
 1.161695 1.1547676E-15
 1.16184 1.2006205E-15
 1.161985 1.1728463E-15
 1.16213 1.1252735E-15
 1.162275 9.735826E-16
 1.16242 1.0071903E-15
 1.162565 1.1595374E-15
 1.16271 1.158117E-15
 1.162855 1.1174526E-15
 1.163 1.2285671E-15
 1.163145 1.2672871E-15
 1.16329 1.2568624E-15
 1.163435 1.1721479E-15
 1.16358 1.1705052E-15
 1.163725 1.1413571E-15
 1.16387 1.1608704E-15
 1.164015 1.1472916E-15
 1.16416 1.1059472E-15
 1.164305 1.1452904E-15
 1.16445 1.0957672E-15
 1.164595 1.1492796E-15
 1.16474 1.2306025E-15
 1.164885 1.1622198E-15
 1.16503 1.2178455E-15
 1.165175 1.0782177E-15
 1.16532 1.0540927E-15
 1.165465 1.1153491E-15
 1.16561 1.0268583E-15
 1.165755 1.0301758E-15
 1.1659 9.859816E-16
 1.166045 1.0773524E-15
 1.16619 1.1232999E-15
 1.166335 1.0586364E-15
 1.16648 1.1383835E-15
 1.166625 1.1133528E-15
 1.16677 1.2079431E-15
 1.166915 1.2402839E-15
 1.16706 1.2105767E-15
 1.167205 1.1570951E-15
 1.16735 1.1305026E-15
 1.167495 1.1397562E-15
 1.16764 1.1270669E-15
 1.167785 1.023871E-15
 1.16793 1.1010716E-15
 1.168075 1.1423505E-15
 1.16822 1.1590907E-15
 1.168365 1.2467917E-15
 1.16851 1.1186203E-15
 1.168655 1.0466264E-15
 1.1688 1.0318365E-15
 1.168945 9.618101E-16
 1.16909 8.1691976E-16
 1.169235 8.353554E-16
 1.16938 7.6287917E-16
 1.169525 7.1027974E-16
 1.16967 6.8832205E-16
 1.169815 7.6567E-16
 1.16996 9.096791E-16
 1.170105 9.773231E-16
 1.17025 9.434937E-16
 1.170395 1.0275081E-15
 1.17054 1.0208112E-15
 1.170685 1.1042627E-15
 1.17083 1.0362848E-15
 1.170975 1.0940046E-15
 1.17112 1.0525081E-15
 1.171265 1.0412033E-15
 1.17141 1.0336094E-15
 1.171555 1.0536172E-15
 1.1717 1.1169692E-15
 1.171845 1.096454E-15
 1.17199 9.944236E-16
 1.172135 9.876143E-16
 1.17228 9.736806E-16
 1.172425 1.0438226E-15
 1.17257 1.0611651E-15
 1.172715 1.0431239E-15
 1.17286 1.0370509E-15
 1.173005 1.0681833E-15
 1.17315 1.0644497E-15
 1.173295 1.0520717E-15
 1.17344 1.0767466E-15
 1.173585 1.0511016E-15
 1.17373 1.0513374E-15
 1.173875 1.0672003E-15
 1.17402 1.017134E-15
 1.174165 1.1051323E-15
 1.17431 1.0022896E-15
 1.174455 1.1062235E-15
 1.1746 1.0223629E-15
 1.174745 1.0467445E-15
 1.17489 1.0805723E-15
 1.175035 1.1628829E-15
 1.17518 1.0756729E-15
 1.175325 1.0400239E-15
 1.17547 1.0133763E-15
 1.175615 8.749612E-16
 1.17576 9.583725E-16
 1.175905 9.441314E-16
 1.17605 1.0598942E-15
 1.176195 1.0683803E-15
 1.17634 1.029923E-15
 1.176485 9.684677E-16
 1.17663 1.0723151E-15
 1.176775 9.87634E-16
 1.17692 9.104281E-16
 1.177065 9.010565E-16
 1.17721 9.803342E-16
 1.177355 7.2895973E-16
 1.1775 6.611924E-16
 1.177645 6.5594756E-16
 1.17779 5.7342066E-16
 1.177935 5.820214E-16
 1.17808 7.303878E-16
 1.178225 8.6614704E-16
 1.17837 8.862596E-16
 1.178515 8.924226E-16
 1.17866 8.8352096E-16
 1.178805 9.840125E-16
 1.17895 9.183421E-16
 1.179095 9.320613E-16
 1.17924 9.427134E-16
 1.179385 1.0515267E-15
 1.17953 1.0252517E-15
 1.179675 9.081873E-16
 1.17982 9.623588E-16
 1.179965 9.996626E-16
 1.18011 1.0449975E-15
 1.180255 1.0358796E-15
 1.1804 1.0348627E-15
 1.180545 1.0429751E-15
 1.18069 9.965111E-16
 1.180835 1.0134404E-15
 1.18098 1.0602091E-15
 1.181125 9.567846E-16
 1.18127 1.058999E-15
 1.181415 1.0254667E-15
 1.18156 9.41954E-16
 1.181705 8.7584557E-16
 1.18185 9.011611E-16
 1.181995 8.81872E-16
 1.18214 9.236157E-16
 1.182285 8.377443E-16
 1.18243 9.358422E-16
 1.182575 9.705633E-16
 1.18272 9.983035E-16
 1.182865 9.750713E-16
 1.18301 9.221017E-16
 1.183155 9.402385E-16
 1.1833 9.999762E-16
 1.183445 1.0251398E-15
 1.18359 1.0384841E-15
 1.183735 1.0263444E-15
 1.18388 8.530058E-16
 1.184025 8.878371E-16
 1.18417 9.278798E-16
 1.184315 9.423444E-16
 1.18446 8.664877E-16
 1.184605 9.682868E-16
 1.18475 1.0277726E-15
 1.184895 1.0476774E-15
 1.18504 9.391547E-16
 1.185185 9.342922E-16
 1.18533 8.8358274E-16
 1.185475 8.6062883E-16
 1.18562 8.090721E-16
 1.185765 8.826577E-16
 1.18591 9.155253E-16
 1.186055 9.022895E-16
 1.1862 8.861285E-16
 1.186345 8.938694E-16
 1.18649 9.343736E-16
 1.186635 9.676294E-16
 1.18678 9.390597E-16
 1.186925 1.0410685E-15
 1.18707 9.820546E-16
 1.187215 8.526011E-16
 1.18736 9.444637E-16
 1.187505 9.761048E-16
 1.18765 9.611467E-16
 1.187795 9.845388E-16
 1.18794 9.297212E-16
 1.188085 1.0230516E-15
 1.18823 9.128854E-16
 1.188375 9.933754E-16
 1.18852 8.362547E-16
 1.188665 8.6946566E-16
 1.18881 8.5846705E-16
 1.188955 8.0916676E-16
 1.1891 9.248199E-16
 1.189245 9.903497E-16
 1.18939 1.0102393E-15
 1.189535 9.476735E-16
 1.18968 9.174458E-16
 1.189825 9.824954E-16
 1.18997 1.0751668E-15
 1.190115 8.934185E-16
 1.19026 9.885945E-16
 1.190405 1.0354539E-15
 1.19055 9.315583E-16
 1.190695 9.84222E-16
 1.19084 9.763551E-16
 1.190985 9.10676E-16
 1.19113 9.551835E-16
 1.191275 9.574154E-16
 1.19142 9.312264E-16
 1.191565 8.563946E-16
 1.19171 9.429984E-16
 1.191855 9.477554E-16
 1.192 9.093466E-16
 1.192145 9.125622E-16
 1.19229 9.65855E-16
 1.192435 9.639795E-16
 1.19258 9.313862E-16
 1.192725 9.913062E-16
 1.19287 9.501513E-16
 1.193015 9.92571E-16
 1.19316 9.467057E-16
 1.193305 1.1063611E-15
 1.19345 1.0656666E-15
 1.193595 1.0668214E-15
 1.19374 9.61794E-16
 1.193885 1.0189644E-15
 1.19403 9.556311E-16
 1.194175 9.539681E-16
 1.19432 9.145551E-16
 1.194465 9.722838E-16
 1.19461 9.548468E-16
 1.194755 9.655491E-16
 1.1949 9.160082E-16
 1.195045 8.938168E-16
 1.19519 8.771349E-16
 1.195335 8.348825E-16
 1.19548 8.277103E-16
 1.195625 9.319616E-16
 1.19577 9.90136E-16
 1.195915 1.0298938E-15
 1.19606 1.0109605E-15
 1.196205 9.464931E-16
 1.19635 9.227477E-16
 1.196495 8.5876695E-16
 1.19664 9.319657E-16
 1.196785 8.99738E-16
 1.19693 9.862208E-16
 1.197075 9.37249E-16
 1.19722 9.665181E-16
 1.197365 8.999827E-16
 1.19751 8.097059E-16
 1.197655 8.447913E-16
 1.1978 8.153105E-16
 1.197945 8.37703E-16
 1.19809 7.997009E-16
 1.198235 8.715224E-16
 1.19838 8.6062105E-16
 1.198525 9.112942E-16
 1.19867 8.258988E-16
 1.198815 8.545197E-16
 1.19896 9.423321E-16
 1.199105 9.672819E-16
 1.19925 9.092131E-16
 1.199395 9.346609E-16
 1.19954 8.5940884E-16
 1.199685 9.473759E-16
 1.19983 8.889872E-16
 1.199975 9.350538E-16
 1.20012 8.924237E-16
 1.200265 8.4808554E-16
 1.20041 9.128517E-16
 1.200555 8.3784936E-16
 1.2007 8.797195E-16
 1.200845 9.327529E-16
 1.20099 8.315819E-16
 1.201135 8.54962E-16
 1.20128 8.3318957E-16
 1.201425 8.918962E-16
 1.20157 9.117175E-16
 1.201715 9.175641E-16
 1.20186 9.037561E-16
 1.202005 9.240384E-16
 1.20215 8.6662874E-16
 1.202295 9.477582E-16
 1.20244 8.763404E-16
 1.202585 9.313494E-16
 1.20273 9.769072E-16
 1.202875 9.06527E-16
 1.20302 9.18526E-16
 1.203165 9.805731E-16
 1.20331 7.9327245E-16
 1.203455 8.428371E-16
 1.2036 8.6424577E-16
 1.203745 1.0162245E-15
 1.20389 9.134433E-16
 1.204035 9.754896E-16
 1.20418 1.03767E-15
 1.204325 9.759322E-16
 1.20447 9.896701E-16
 1.204615 1.0057202E-15
 1.20476 1.0478287E-15
 1.204905 9.940365E-16
 1.20505 9.109988E-16
 1.205195 8.964016E-16
 1.20534 8.876264E-16
 1.205485 1.0049126E-15
 1.20563 1.1476923E-15
 1.205775 1.0786764E-15
 1.20592 9.880651E-16
 1.206065 1.0246155E-15
 1.20621 9.624761E-16
 1.206355 1.0134162E-15
 1.2065 9.828311E-16
 1.206645 9.999315E-16
 1.20679 9.935E-16
 1.206935 1.0010517E-15
 1.20708 1.0285347E-15
 1.207225 9.42815E-16
 1.20737 9.898222E-16
 1.207515 1.001114E-15
 1.20766 1.0674904E-15
 1.207805 1.0045426E-15
 1.20795 1.0766666E-15
 1.208095 1.0781052E-15
 1.20824 1.1280539E-15
 1.208385 1.1297031E-15
 1.20853 1.0392498E-15
 1.208675 1.0516123E-15
 1.20882 1.0181744E-15
 1.208965 1.0060446E-15
 1.20911 9.985342E-16
 1.209255 9.24417E-16
 1.2094 9.46363E-16
 1.209545 9.929073E-16
 1.20969 9.463955E-16
 1.209835 1.0568406E-15
 1.20998 1.0508531E-15
 1.210125 1.0952704E-15
 1.21027 1.0819171E-15
 1.210415 1.100086E-15
 1.21056 1.0022735E-15
 1.210705 9.756695E-16
 1.21085 1.0072295E-15
 1.210995 8.6457526E-16
 1.21114 9.302732E-16
 1.211285 8.8314784E-16
 1.21143 8.543871E-16
 1.211575 9.259825E-16
 1.21172 9.515635E-16
 1.211865 8.7253054E-16
 1.21201 8.5664693E-16
 1.212155 1.0807846E-15
 1.2123 9.286655E-16
 1.212445 1.0180502E-15
 1.21259 9.60352E-16
 1.212735 9.850332E-16
 1.21288 1.1795168E-15
 1.213025 1.0703066E-15
 1.21317 1.0001703E-15
 1.213315 9.664669E-16
 1.21346 8.695945E-16
 1.213605 9.707217E-16
 1.21375 9.999461E-16
 1.213895 1.020909E-15
 1.21404 1.090199E-15
 1.214185 1.0500836E-15
 1.21433 1.0849596E-15
 1.214475 1.1040649E-15
 1.21462 1.1325652E-15
 1.214765 1.0859005E-15
 1.21491 1.0932876E-15
 1.215055 1.1090489E-15
 1.2152 1.0541092E-15
 1.215345 1.0468604E-15
 1.21549 1.0697631E-15
 1.215635 1.0421658E-15
 1.21578 9.980185E-16
 1.215925 1.0426366E-15
 1.21607 1.056967E-15
 1.216215 1.0434194E-15
 1.21636 1.0185425E-15
 1.216505 1.0803076E-15
 1.21665 1.0118176E-15
 1.216795 1.0438918E-15
 1.21694 1.0130573E-15
 1.217085 1.0208531E-15
 1.21723 1.0706625E-15
 1.217375 1.0292616E-15
 1.21752 1.1105679E-15
 1.217665 1.05583E-15
 1.21781 1.0855961E-15
 1.217955 1.1431736E-15
 1.2181 1.0996843E-15
 1.218245 1.096584E-15
 1.21839 1.1577144E-15
 1.218535 1.1900761E-15
 1.21868 1.2266442E-15
 1.218825 1.1844219E-15
 1.21897 1.1138298E-15
 1.219115 1.1075539E-15
 1.21926 1.1036446E-15
 1.219405 1.0435444E-15
 1.21955 1.0977885E-15
 1.219695 1.1363157E-15
 1.21984 1.1686739E-15
 1.219985 1.1525721E-15
 1.22013 1.0791678E-15
 1.220275 1.0324334E-15
 1.22042 1.075222E-15
 1.220565 1.0758589E-15
 1.22071 1.1108775E-15
 1.220855 1.1274478E-15
 1.221 1.0970251E-15
 1.221145 1.1007571E-15
 1.22129 1.151372E-15
 1.221435 1.1208428E-15
 1.22158 1.0908164E-15
 1.221725 1.0650631E-15
 1.22187 1.0410041E-15
 1.222015 1.0423748E-15
 1.22216 1.0350648E-15
 1.222305 1.0912893E-15
 1.22245 9.976677E-16
 1.222595 9.726278E-16
 1.22274 1.0450659E-15
 1.222885 9.976612E-16
 1.22303 1.0457453E-15
 1.223175 1.0755714E-15
 1.22332 1.1815523E-15
 1.223465 1.1546758E-15
 1.22361 1.1976149E-15
 1.223755 1.1472769E-15
 1.2239 1.1859939E-15
 1.224045 1.1501117E-15
 1.22419 1.2033129E-15
 1.224335 1.1887151E-15
 1.22448 1.1773978E-15
 1.224625 1.1218144E-15
 1.22477 1.1187991E-15
 1.224915 1.0598444E-15
 1.22506 1.1903175E-15
 1.225205 1.1688892E-15
 1.22535 1.15445E-15
 1.225495 1.0949531E-15
 1.22564 1.1415154E-15
 1.225785 1.1555783E-15
 1.22593 1.1045112E-15
 1.226075 1.1211412E-15
 1.22622 1.1536897E-15
 1.226365 1.1597112E-15
 1.22651 1.2002102E-15
 1.226655 1.1442204E-15
 1.2268 1.1135626E-15
 1.226945 1.1738683E-15
 1.22709 1.187425E-15
 1.227235 1.1977467E-15
 1.22738 1.1522208E-15
 1.227525 1.1281E-15
 1.22767 1.0396863E-15
 1.227815 1.0870954E-15
 1.22796 1.0446193E-15
 1.228105 1.1446002E-15
 1.22825 1.2228705E-15
 1.228395 1.2392979E-15
 1.22854 1.1983674E-15
 1.228685 1.3083523E-15
 1.22883 1.1528203E-15
 1.228975 1.0726633E-15
 1.22912 1.1051821E-15
 1.229265 1.1123731E-15
 1.22941 1.1815637E-15
 1.229555 1.2007055E-15
 1.2297 1.0962386E-15
 1.229845 1.0289975E-15
 1.22999 1.1020146E-15
 1.230135 1.0937117E-15
 1.23028 1.1436136E-15
 1.230425 1.096433E-15
 1.23057 1.1953944E-15
 1.230715 1.1246124E-15
 1.23086 1.2280207E-15
 1.231005 1.2553396E-15
 1.23115 1.2205504E-15
 1.231295 1.1643666E-15
 1.23144 1.0628257E-15
 1.231585 1.1132223E-15
 1.23173 1.2030251E-15
 1.231875 1.1903271E-15
 1.23202 1.1537123E-15
 1.232165 1.2314485E-15
 1.23231 1.1123459E-15
 1.232455 1.1179492E-15
 1.2326 1.1125208E-15
 1.232745 1.0759278E-15
 1.23289 1.0931987E-15
 1.233035 1.1602597E-15
 1.23318 1.1633214E-15
 1.233325 1.1492131E-15
 1.23347 1.109274E-15
 1.233615 1.0656108E-15
 1.23376 1.1147491E-15
 1.233905 1.166472E-15
 1.23405 1.116864E-15
 1.234195 1.1619418E-15
 1.23434 1.1521736E-15
 1.234485 1.1204562E-15
 1.23463 1.0843796E-15
 1.234775 1.116527E-15
 1.23492 1.1450915E-15
 1.235065 1.1599999E-15
 1.23521 1.297116E-15
 1.235355 1.1349599E-15
 1.2355 1.1082242E-15
 1.235645 1.2057965E-15
 1.23579 1.1434384E-15
 1.235935 1.0806669E-15
 1.23608 1.0116178E-15
 1.236225 1.052774E-15
 1.23637 1.1668378E-15
 1.236515 1.1663276E-15
 1.23666 1.1346392E-15
 1.236805 1.0821954E-15
 1.23695 1.1140909E-15
 1.237095 1.1724166E-15
 1.23724 1.1890562E-15
 1.237385 1.193649E-15
 1.23753 1.2326368E-15
 1.237675 1.1750372E-15
 1.23782 1.1677276E-15
 1.237965 1.125296E-15
 1.23811 1.162665E-15
 1.238255 1.1277231E-15
 1.2384 1.1652814E-15
 1.238545 1.1461768E-15
 1.23869 1.084022E-15
 1.238835 1.1314023E-15
 1.23898 1.1067119E-15
 1.239125 1.0611216E-15
 1.23927 1.0251727E-15
 1.239415 1.0225854E-15
 1.23956 1.0259843E-15
 1.239705 1.0033323E-15
 1.23985 1.1131247E-15
 1.239995 1.0664055E-15
 1.24014 1.127032E-15
 1.240285 1.1552855E-15
 1.24043 1.1212086E-15
 1.240575 1.1087646E-15
 1.24072 1.1157475E-15
 1.240865 1.0935129E-15
 1.24101 1.1109679E-15
 1.241155 1.1076253E-15
 1.2413 1.1135422E-15
 1.241445 1.1722169E-15
 1.24159 1.1859891E-15
 1.241735 1.1229845E-15
 1.24188 1.1508134E-15
 1.242025 1.1298881E-15
 1.24217 1.0458555E-15
 1.242315 1.0096126E-15
 1.24246 9.720584E-16
 1.242605 9.629336E-16
 1.24275 1.0043259E-15
 1.242895 1.0452915E-15
 1.24304 1.0040522E-15
 1.243185 9.516761E-16
 1.24333 9.182948E-16
 1.243475 8.985068E-16
 1.24362 8.0894934E-16
 1.243765 7.6638323E-16
 1.24391 8.1215705E-16
 1.244055 8.527974E-16
 1.2442 9.405596E-16
 1.244345 9.339632E-16
 1.24449 1.0044288E-15
 1.244635 1.0404979E-15
 1.24478 1.0283923E-15
 1.244925 1.0878245E-15
 1.24507 1.0693237E-15
 1.245215 1.1665667E-15
 1.24536 1.1442191E-15
 1.245505 1.132406E-15
 1.24565 1.0784362E-15
 1.245795 1.1015091E-15
 1.24594 1.0913007E-15
 1.246085 1.0926058E-15
 1.24623 1.0776423E-15
 1.246375 1.0477485E-15
 1.24652 1.046212E-15
 1.246665 1.0227018E-15
 1.24681 9.993484E-16
 1.246955 1.0441622E-15
 1.2471 1.0739055E-15
 1.247245 1.1234569E-15
 1.24739 1.1259415E-15
 1.247535 1.1046523E-15
 1.24768 1.0482625E-15
 1.247825 1.0810648E-15
 1.24797 1.0490724E-15
 1.248115 1.1305151E-15
 1.24826 1.1310273E-15
 1.248405 1.0595468E-15
 1.24855 1.0596129E-15
 1.248695 1.0657204E-15
 1.24884 1.1100278E-15
 1.248985 1.0997133E-15
 1.24913 1.0993612E-15
 1.249275 1.1386132E-15
 1.24942 1.0715553E-15
 1.249565 1.1081126E-15
 1.24971 1.0919623E-15
 1.249855 1.0357973E-15
 1.25 9.564084E-16
 1.250145 1.0754566E-15
 1.25029 1.0561797E-15
 1.250435 1.0953346E-15
 1.25058 1.0813975E-15
 1.250725 1.0925045E-15
 1.25087 1.1121608E-15
 1.251015 1.1523252E-15
 1.25116 1.1221293E-15
 1.251305 1.0224381E-15
 1.25145 1.0859484E-15
 1.251595 1.1045062E-15
 1.25174 1.0744809E-15
 1.251885 1.0420297E-15
 1.25203 1.0423917E-15
 1.252175 1.0125296E-15
 1.25232 1.0519079E-15
 1.252465 9.296269E-16
 1.25261 7.6512936E-16
 1.252755 8.090997E-16
 1.2529 8.52662E-16
 1.253045 9.544181E-16
 1.25319 9.991853E-16
 1.253335 1.0565805E-15
 1.25348 1.1308132E-15
 1.253625 1.0947116E-15
 1.25377 1.1663555E-15
 1.253915 1.1234553E-15
 1.25406 1.1359045E-15
 1.254205 1.0597605E-15
 1.25435 1.1412012E-15
 1.254495 1.2100898E-15
 1.25464 1.2042013E-15
 1.254785 1.1971106E-15
 1.25493 1.0981756E-15
 1.255075 1.2040104E-15
 1.25522 1.1514694E-15
 1.255365 1.1694158E-15
 1.25551 1.1638967E-15
 1.255655 1.1706788E-15
 1.2558 1.2243703E-15
 1.255945 1.2112683E-15
 1.25609 1.2382829E-15
 1.256235 1.2028046E-15
 1.25638 1.1862E-15
 1.256525 1.0994626E-15
 1.25667 1.1387752E-15
 1.256815 1.1023379E-15
 1.25696 1.0289087E-15
 1.257105 1.074276E-15
 1.25725 1.0864768E-15
 1.257395 1.1060443E-15
 1.25754 1.1513465E-15
 1.257685 1.2052593E-15
 1.25783 1.1316263E-15
 1.257975 1.1180328E-15
 1.25812 1.109693E-15
 1.258265 1.1631988E-15
 1.25841 1.0870554E-15
 1.258555 1.148875E-15
 1.2587 1.2111844E-15
 1.258845 1.2280818E-15
 1.25899 1.1830309E-15
 1.259135 1.2067322E-15
 1.25928 1.222617E-15
 1.259425 1.0666613E-15
 1.25957 1.1063871E-15
 1.259715 1.13626E-15
 1.25986 1.1226111E-15
 1.260005 1.0960998E-15
 1.26015 1.08138E-15
 1.260295 1.1160074E-15
 1.26044 1.1351402E-15
 1.260585 1.1904433E-15
 1.26073 1.1131079E-15
 1.260875 1.1837237E-15
 1.26102 1.2218733E-15
 1.261165 1.1953061E-15
 1.26131 1.1797246E-15
 1.261455 1.2099727E-15
 1.2616 1.2444287E-15
 1.261745 1.2307181E-15
 1.26189 1.249597E-15
 1.262035 1.1772312E-15
 1.26218 1.1771257E-15
 1.262325 1.1455955E-15
 1.26247 1.0954035E-15
 1.262615 1.1454899E-15
 1.26276 1.1568099E-15
 1.262905 1.1776194E-15
 1.26305 1.1871628E-15
 1.263195 1.229E-15
 1.26334 1.1923779E-15
 1.263485 1.2534457E-15
 1.26363 1.2185431E-15
 1.263775 1.1122558E-15
 1.26392 1.1354417E-15
 1.264065 1.1821113E-15
 1.26421 1.0767688E-15
 1.264355 1.1375422E-15
 1.2645 1.1300329E-15
 1.264645 1.1811469E-15
 1.26479 1.2247602E-15
 1.264935 1.164582E-15
 1.26508 1.1528443E-15
 1.265225 1.1457087E-15
 1.26537 1.1464783E-15
 1.265515 1.2885541E-15
 1.26566 1.1931192E-15
 1.265805 1.1481878E-15
 1.26595 1.1738284E-15
 1.266095 1.2071478E-15
 1.26624 1.2267194E-15
 1.266385 1.2035414E-15
 1.26653 1.1477886E-15
 1.266675 1.1333945E-15
 1.26682 1.2364116E-15
 1.266965 1.1915424E-15
 1.26711 1.1263423E-15
 1.267255 1.2995175E-15
 1.2674 1.2503168E-15
 1.267545 1.2121641E-15
 1.26769 1.3427244E-15
 1.267835 1.2159201E-15
 1.26798 1.1358282E-15
 1.268125 1.2698791E-15
 1.26827 1.1801882E-15
 1.268415 1.279852E-15
 1.26856 1.2524683E-15
 1.268705 1.2091011E-15
 1.26885 1.2265375E-15
 1.268995 1.1066508E-15
 1.26914 1.2698743E-15
 1.269285 1.2755734E-15
 1.26943 1.2348759E-15
 1.269575 1.1935208E-15
 1.26972 1.2794158E-15
 1.269865 1.2136543E-15
 1.27001 1.2312757E-15
 1.270155 1.175633E-15
 1.2703 1.2371992E-15
 1.270445 1.141708E-15
 1.27059 1.1453659E-15
 1.270735 1.1930612E-15
 1.27088 1.1757933E-15
 1.271025 1.0962704E-15
 1.27117 1.1401291E-15
 1.271315 1.1606123E-15
 1.27146 1.1791505E-15
 1.271605 1.2573398E-15
 1.27175 1.2215097E-15
 1.271895 1.1587167E-15
 1.27204 1.1536795E-15
 1.272185 1.2182155E-15
 1.27233 1.2279496E-15
 1.272475 1.1699692E-15
 1.27262 1.2011087E-15
 1.272765 1.1456019E-15
 1.27291 1.2040835E-15
 1.273055 1.228018E-15
 1.2732 1.2121612E-15
 1.273345 1.1922272E-15
 1.27349 1.2180306E-15
 1.273635 1.2137515E-15
 1.27378 1.1931326E-15
 1.273925 1.2071034E-15
 1.27407 1.2249153E-15
 1.274215 1.1779247E-15
 1.27436 1.1280075E-15
 1.274505 1.1659636E-15
 1.27465 1.1611535E-15
 1.274795 1.2341968E-15
 1.27494 1.2427241E-15
 1.275085 1.2289089E-15
 1.27523 1.2403585E-15
 1.275375 1.2850386E-15
 1.27552 1.1922245E-15
 1.275665 1.1894975E-15
 1.27581 1.2036785E-15
 1.275955 1.1955398E-15
 1.2761 1.2224838E-15
 1.276245 1.2991539E-15
 1.27639 1.3364404E-15
 1.276535 1.3430817E-15
 1.27668 1.3467554E-15
 1.276825 1.2369692E-15
 1.27697 1.1630763E-15
 1.277115 1.2773373E-15
 1.27726 1.2978158E-15
 1.277405 1.3228537E-15
 1.27755 1.3317877E-15
 1.277695 1.311777E-15
 1.27784 1.2563187E-15
 1.277985 1.260772E-15
 1.27813 1.1936717E-15
 1.278275 1.2416553E-15
 1.27842 1.2856291E-15
 1.278565 1.1985967E-15
 1.27871 1.2077823E-15
 1.278855 1.2594329E-15
 1.279 1.2960034E-15
 1.279145 1.3058517E-15
 1.27929 1.2932105E-15
 1.279435 1.305936E-15
 1.27958 1.3449555E-15
 1.279725 1.337299E-15
 1.27987 1.3323584E-15
 1.280015 1.3478204E-15
 1.28016 1.2548741E-15
 1.280305 1.3018293E-15
 1.28045 1.3709709E-15
 1.280595 1.3007653E-15
 1.28074 1.3042356E-15
 1.280885 1.2019569E-15
 1.28103 1.2171765E-15
 1.281175 1.2492834E-15
 1.28132 1.2373903E-15
 1.281465 1.2447914E-15
 1.28161 1.2160941E-15
 1.281755 1.2347725E-15
 1.2819 1.2591165E-15
 1.282045 1.2773949E-15
 1.28219 1.2188263E-15
 1.282335 1.2038414E-15
 1.28248 1.3072892E-15
 1.282625 1.2630071E-15
 1.28277 1.2644979E-15
 1.282915 1.3262555E-15
 1.28306 1.2930911E-15
 1.283205 1.2911051E-15
 1.28335 1.2364107E-15
 1.283495 1.2856088E-15
 1.28364 1.2595348E-15
 1.283785 1.2768891E-15
 1.28393 1.2670286E-15
 1.284075 1.2389834E-15
 1.28422 1.2512364E-15
 1.284365 1.2585562E-15
 1.28451 1.2423107E-15
 1.284655 1.2981517E-15
 1.2848 1.3144625E-15
 1.284945 1.3121545E-15
 1.28509 1.3183061E-15
 1.285235 1.2520184E-15
 1.28538 1.2940718E-15
 1.285525 1.35878E-15
 1.28567 1.2562305E-15
 1.285815 1.2128796E-15
 1.28596 1.1974621E-15
 1.286105 1.2138404E-15
 1.28625 1.1746925E-15
 1.286395 1.2102004E-15
 1.28654 1.1801819E-15
 1.286685 1.2238648E-15
 1.28683 1.2283254E-15
 1.286975 1.2444776E-15
 1.28712 1.2430738E-15
 1.287265 1.310627E-15
 1.28741 1.2788406E-15
 1.287555 1.3187518E-15
 1.2877 1.3677519E-15
 1.287845 1.2957412E-15
 1.28799 1.2184719E-15
 1.288135 1.1848499E-15
 1.28828 1.1432049E-15
 1.288425 1.2163379E-15
 1.28857 1.180711E-15
 1.288715 1.2096509E-15
 1.28886 1.1698677E-15
 1.289005 1.2419307E-15
 1.28915 1.2498604E-15
 1.289295 1.2909171E-15
 1.28944 1.2666206E-15
 1.289585 1.2638609E-15
 1.28973 1.2678705E-15
 1.289875 1.2605902E-15
 1.29002 1.2814987E-15
 1.290165 1.2268944E-15
 1.29031 1.2523312E-15
 1.290455 1.1909135E-15
 1.2906 1.2503619E-15
 1.290745 1.2016826E-15
 1.29089 1.2081614E-15
 1.291035 1.2379843E-15
 1.29118 1.1926453E-15
 1.291325 1.246026E-15
 1.29147 1.2433272E-15
 1.291615 1.1881999E-15
 1.29176 1.2865986E-15
 1.291905 1.2972106E-15
 1.29205 1.2801026E-15
 1.292195 1.2427168E-15
 1.29234 1.1715171E-15
 1.292485 1.2324673E-15
 1.29263 1.3217763E-15
 1.292775 1.2873586E-15
 1.29292 1.2082819E-15
 1.293065 1.1899058E-15
 1.29321 1.2407287E-15
 1.293355 1.2012736E-15
 1.2935 1.150142E-15
 1.293645 1.1599793E-15
 1.29379 1.2220062E-15
 1.293935 1.1678181E-15
 1.29408 1.1973315E-15
 1.294225 1.2284064E-15
 1.29437 1.2930199E-15
 1.294515 1.2487392E-15
 1.29466 1.2434139E-15
 1.294805 1.2567006E-15
 1.29495 1.2824751E-15
 1.295095 1.3202086E-15
 1.29524 1.2697075E-15
 1.295385 1.2738571E-15
 1.29553 1.292212E-15
 1.295675 1.2315494E-15
 1.29582 1.2620561E-15
 1.295965 1.2667106E-15
 1.29611 1.2131779E-15
 1.296255 1.2499564E-15
 1.2964 1.1916117E-15
 1.296545 1.1730551E-15
 1.29669 1.2077794E-15
 1.296835 1.23314E-15
 1.29698 1.253158E-15
 1.297125 1.2115445E-15
 1.29727 1.1827355E-15
 1.297415 1.217856E-15
 1.29756 1.1850767E-15
 1.297705 1.2918836E-15
 1.29785 1.2816901E-15
 1.297995 1.3051579E-15
 1.29814 1.2420274E-15
 1.298285 1.2587308E-15
 1.29843 1.231135E-15
 1.298575 1.1831471E-15
 1.29872 1.2549765E-15
 1.298865 1.2887393E-15
 1.29901 1.3041043E-15
 1.299155 1.3084046E-15
 1.2993 1.2974315E-15
 1.299445 1.3027307E-15
 1.29959 1.2497157E-15
 1.299735 1.2712296E-15
 1.29988 1.3045221E-15
 1.300025 1.3681537E-15
 1.30017 1.2612889E-15
 1.300315 1.1641629E-15
 1.30046 1.118329E-15
 1.300605 1.2174303E-15
 1.30075 1.1723145E-15
 1.300895 1.223569E-15
 1.30104 1.2188124E-15
 1.301185 1.2176636E-15
 1.30133 1.1908786E-15
 1.301475 1.1235677E-15
 1.30162 1.1358429E-15
 1.301765 1.2125813E-15
 1.30191 1.2323458E-15
 1.302055 1.2529486E-15
 1.3022 1.2623065E-15
 1.302345 1.209416E-15
 1.30249 1.1581474E-15
 1.302635 1.1686527E-15
 1.30278 1.1998798E-15
 1.302925 1.1915694E-15
 1.30307 1.2519238E-15
 1.303215 1.2172414E-15
 1.30336 1.1917689E-15
 1.303505 1.232273E-15
 1.30365 1.2151576E-15
 1.303795 1.2483723E-15
 1.30394 1.2660105E-15
 1.304085 1.2396119E-15
 1.30423 1.2681249E-15
 1.304375 1.2117704E-15
 1.30452 1.1951868E-15
 1.304665 1.2524081E-15
 1.30481 1.2040147E-15
 1.304955 1.2008454E-15
 1.3051 1.2524922E-15
 1.305245 1.2708236E-15
 1.30539 1.1681554E-15
 1.305535 1.2744331E-15
 1.30568 1.3238536E-15
 1.305825 1.2622181E-15
 1.30597 1.2708874E-15
 1.306115 1.2669764E-15
 1.30626 1.2569927E-15
 1.306405 1.2082878E-15
 1.30655 1.1906116E-15
 1.306695 1.2349999E-15
 1.30684 1.2787472E-15
 1.306985 1.2670836E-15
 1.30713 1.2248058E-15
 1.307275 1.2075081E-15
 1.30742 1.2240254E-15
 1.307565 1.3032701E-15
 1.30771 1.2398852E-15
 1.307855 1.2731332E-15
 1.308 1.2301915E-15
 1.308145 1.2120368E-15
 1.30829 1.2031729E-15
 1.308435 1.2558779E-15
 1.30858 1.2276551E-15
 1.308725 1.2327241E-15
 1.30887 1.2825771E-15
 1.309015 1.2430864E-15
 1.30916 1.3173525E-15
 1.309305 1.2687674E-15
 1.30945 1.261414E-15
 1.309595 1.3296672E-15
 1.30974 1.1840247E-15
 1.309885 1.189444E-15
 1.31003 1.2466216E-15
 1.310175 1.1534593E-15
 1.31032 1.164234E-15
 1.310465 1.1805668E-15
 1.31061 1.2001952E-15
 1.310755 1.189846E-15
 1.3109 1.207729E-15
 1.311045 1.2308188E-15
 1.31119 1.2163137E-15
 1.311335 1.2063947E-15
 1.31148 1.2356468E-15
 1.311625 1.1742862E-15
 1.31177 1.1730897E-15
 1.311915 1.1987312E-15
 1.31206 1.2304383E-15
 1.312205 1.2188696E-15
 1.31235 1.2463279E-15
 1.312495 1.195575E-15
 1.31264 1.2012793E-15
 1.312785 1.2057013E-15
 1.31293 1.1311158E-15
 1.313075 1.2067803E-15
 1.31322 1.1712598E-15
 1.313365 1.1820543E-15
 1.31351 1.1973422E-15
 1.313655 1.2278772E-15
 1.3138 1.2466435E-15
 1.313945 1.2197001E-15
 1.31409 1.2239541E-15
 1.314235 1.2563236E-15
 1.31438 1.183632E-15
 1.314525 1.1788208E-15
 1.31467 1.1280032E-15
 1.314815 1.1653402E-15
 1.31496 1.1739531E-15
 1.315105 1.2395768E-15
 1.31525 1.2119145E-15
 1.315395 1.2517595E-15
 1.31554 1.2498334E-15
 1.315685 1.2215225E-15
 1.31583 1.2269107E-15
 1.315975 1.1599261E-15
 1.31612 1.1704709E-15
 1.316265 1.2109992E-15
 1.31641 1.2535954E-15
 1.316555 1.2598307E-15
 1.3167 1.2493152E-15
 1.316845 1.2291749E-15
 1.31699 1.2212936E-15
 1.317135 1.1797425E-15
 1.31728 1.2328855E-15
 1.317425 1.2304014E-15
 1.31757 1.1952738E-15
 1.317715 1.2375472E-15
 1.31786 1.2238356E-15
 1.318005 1.1587009E-15
 1.31815 1.1137984E-15
 1.318295 1.1517766E-15
 1.31844 1.2148816E-15
 1.318585 1.2352533E-15
 1.31873 1.2671474E-15
 1.318875 1.3235591E-15
 1.31902 1.2966712E-15
 1.319165 1.3155415E-15
 1.31931 1.2793952E-15
 1.319455 1.2743446E-15
 1.3196 1.2177092E-15
 1.319745 1.2475411E-15
 1.31989 1.2392166E-15
 1.320035 1.1674295E-15
 1.32018 1.1807647E-15
 1.320325 1.2199238E-15
 1.32047 1.1563635E-15
 1.320615 1.1570408E-15
 1.32076 1.1735102E-15
 1.320905 1.175687E-15
 1.32105 1.1302832E-15
 1.321195 1.167009E-15
 1.32134 1.1492427E-15
 1.321485 1.2108571E-15
 1.32163 1.250618E-15
 1.321775 1.2082677E-15
 1.32192 1.2349165E-15
 1.322065 1.2247511E-15
 1.32221 1.2057317E-15
 1.322355 1.2153777E-15
 1.3225 1.2158014E-15
 1.322645 1.2653782E-15
 1.32279 1.2768295E-15
 1.322935 1.2991375E-15
 1.32308 1.2692658E-15
 1.323225 1.1977811E-15
 1.32337 1.2086991E-15
 1.323515 1.2183795E-15
 1.32366 1.1614333E-15
 1.323805 1.1135675E-15
 1.32395 1.0469284E-15
 1.324095 1.0666629E-15
 1.32424 1.0916176E-15
 1.324385 1.210142E-15
 1.32453 1.2295711E-15
 1.324675 1.3245832E-15
 1.32482 1.2791923E-15
 1.324965 1.2140913E-15
 1.32511 1.1496151E-15
 1.325255 1.1341756E-15
 1.3254 1.0839546E-15
 1.325545 1.0727147E-15
 1.32569 1.1523385E-15
 1.325835 1.1355448E-15
 1.32598 1.1757802E-15
 1.326125 1.1956431E-15
 1.32627 1.1780861E-15
 1.326415 1.1650827E-15
 1.32656 1.2016828E-15
 1.326705 1.1979275E-15
 1.32685 1.1655583E-15
 1.326995 1.1399348E-15
 1.32714 1.1681246E-15
 1.327285 1.1203167E-15
 1.32743 1.2383614E-15
 1.327575 1.1705213E-15
 1.32772 1.2068388E-15
 1.327865 1.2163222E-15
 1.32801 1.2369636E-15
 1.328155 1.1756504E-15
 1.3283 1.105355E-15
 1.328445 1.1480487E-15
 1.32859 1.1190105E-15
 1.328735 1.1901792E-15
 1.32888 1.1454697E-15
 1.329025 1.1534703E-15
 1.32917 1.1289327E-15
 1.329315 1.093671E-15
 1.32946 1.0106212E-15
 1.329605 1.0042468E-15
 1.32975 1.0005196E-15
 1.329895 1.0387404E-15
 1.33004 9.977687E-16
 1.330185 1.0284729E-15
 1.33033 1.0639671E-15
 1.330475 1.0718806E-15
 1.33062 1.0493648E-15
 1.330765 1.0211966E-15
 1.33091 1.0350142E-15
 1.331055 1.0245646E-15
 1.3312 1.0692088E-15
 1.331345 1.0360521E-15
 1.33149 1.0017771E-15
 1.331635 9.980523E-16
 1.33178 9.854726E-16
 1.331925 9.717187E-16
 1.33207 1.0218141E-15
 1.332215 9.400359E-16
 1.33236 8.719543E-16
 1.332505 8.695826E-16
 1.33265 8.8654465E-16
 1.332795 9.45864E-16
 1.33294 9.263639E-16
 1.333085 1.0124376E-15
 1.33323 1.0121942E-15
 1.333375 9.853976E-16
 1.33352 9.179327E-16
 1.333665 9.378525E-16
 1.33381 1.0243987E-15
 1.333955 9.958493E-16
 1.3341 9.711906E-16
 1.334245 9.422091E-16
 1.33439 8.8017343E-16
 1.334535 8.412173E-16
 1.33468 8.0888655E-16
 1.334825 7.5055007E-16
 1.33497 7.128339E-16
 1.335115 7.0755537E-16
 1.33526 7.186529E-16
 1.335405 7.526444E-16
 1.33555 7.799507E-16
 1.335695 7.3229783E-16
 1.33584 6.9562676E-16
 1.335985 6.80629E-16
 1.33613 7.486094E-16
 1.336275 8.470603E-16
 1.33642 8.5200397E-16
 1.336565 8.552363E-16
 1.33671 8.258526E-16
 1.336855 8.005182E-16
 1.337 7.7274413E-16
 1.337145 7.949612E-16
 1.33729 7.469517E-16
 1.337435 6.7380576E-16
 1.33758 6.490481E-16
 1.337725 7.3656254E-16
 1.33787 8.0897793E-16
 1.338015 7.479395E-16
 1.33816 8.0804995E-16
 1.338305 8.498822E-16
 1.33845 8.2458356E-16
 1.338595 7.6156573E-16
 1.33874 7.9905017E-16
 1.338885 7.72406E-16
 1.33903 7.908765E-16
 1.339175 8.037807E-16
 1.33932 7.6322073E-16
 1.339465 7.538229E-16
 1.33961 7.5999195E-16
 1.339755 8.0664525E-16
 1.3399 8.4805484E-16
 1.340045 8.462197E-16
 1.34019 7.911243E-16
 1.340335 7.541451E-16
 1.34048 7.4019493E-16
 1.340625 7.9846826E-16
 1.34077 8.3149455E-16
 1.340915 7.8008447E-16
 1.34106 7.278815E-16
 1.341205 7.9070113E-16
 1.34135 7.0782054E-16
 1.341495 6.8232305E-16
 1.34164 7.2816066E-16
 1.341785 7.079059E-16
 1.34193 6.8402373E-16
 1.342075 7.2119985E-16
 1.34222 7.024941E-16
 1.342365 6.638449E-16
 1.34251 6.815424E-16
 1.342655 6.6439396E-16
 1.3428 6.725078E-16
 1.342945 6.6175693E-16
 1.34309 6.063229E-16
 1.343235 6.14242E-16
 1.34338 6.67278E-16
 1.343525 7.107176E-16
 1.34367 7.428504E-16
 1.343815 7.08627E-16
 1.34396 6.8645424E-16
 1.344105 7.240115E-16
 1.34425 7.198207E-16
 1.344395 7.155462E-16
 1.34454 6.8962003E-16
 1.344685 7.2518445E-16
 1.34483 6.525305E-16
 1.344975 6.5411897E-16
 1.34512 7.098966E-16
 1.345265 7.040786E-16
 1.34541 7.053333E-16
 1.345555 7.2109334E-16
 1.3457 7.572698E-16
 1.345845 7.4429854E-16
 1.34599 7.6822156E-16
 1.346135 8.2594453E-16
 1.34628 8.922701E-16
 1.346425 8.029159E-16
 1.34657 7.674316E-16
 1.346715 6.8981426E-16
 1.34686 6.986881E-16
 1.347005 7.0682147E-16
 1.34715 7.441271E-16
 1.347295 6.9201824E-16
 1.34744 6.659696E-16
 1.347585 6.275562E-16
 1.34773 5.8953027E-16
 1.347875 6.986384E-16
 1.34802 7.1668824E-16
 1.348165 7.268001E-16
 1.34831 8.0278426E-16
 1.348455 7.8165397E-16
 1.3486 8.106947E-16
 1.348745 8.331018E-16
 1.34889 8.313047E-16
 1.349035 7.636342E-16
 1.34918 7.452207E-16
 1.349325 7.321137E-16
 1.34947 7.9244E-16
 1.349615 8.050536E-16
 1.34976 7.641981E-16
 1.349905 7.7402824E-16
 1.35005 7.6769487E-16
 1.350195 6.907076E-16
 1.35034 6.900885E-16
 1.350485 6.5632417E-16
 1.35063 6.517224E-16
 1.350775 6.0851837E-16
 1.35092 6.1964176E-16
 1.351065 6.0146306E-16
 1.35121 7.5831784E-16
 1.351355 8.003302E-16
 1.3515 7.1407254E-16
 1.351645 7.351754E-16
 1.35179 7.028373E-16
 1.351935 7.4535427E-16
 1.35208 7.5358435E-16
 1.352225 6.5734426E-16
 1.35237 6.8843466E-16
 1.352515 6.3686036E-16
 1.35266 5.992628E-16
 1.352805 7.15595E-16
 1.35295 6.8007963E-16
 1.353095 6.4860934E-16
 1.35324 6.0141796E-16
 1.353385 8.435591E-16
 1.35353 8.268399E-16
 1.353675 8.377644E-16
 1.35382 6.553852E-16
 1.353965 6.7920464E-16
 1.35411 6.135418E-16
 1.354255 5.96063E-16
 1.3544 5.583536E-16
 1.354545 6.7085057E-16
 1.35469 8.862214E-16
 1.354835 7.734586E-16
 1.35498 1.0387683E-15
 1.355125 9.778992E-16
 1.35527 9.059757E-16
 1.355415 7.207334E-16
 1.35556 7.8287947E-16
 1.355705 6.8372023E-16
 1.35585 7.7494065E-16
 1.355995 8.858094E-16
 1.35614 9.483265E-16
 1.356285 7.482699E-16
 1.35643 7.820867E-16
 1.356575 7.6424644E-16
 1.35672 6.990578E-16
 1.356865 7.618233E-16
 1.35701 6.7237025E-16
 1.357155 8.277194E-16
 1.3573 9.08727E-16
 1.357445 9.759121E-16
 1.35759 6.798681E-16
 1.357735 8.447836E-16
 1.35788 7.5485496E-16
 1.358025 8.0185507E-16
 1.35817 7.880955E-16
 1.358315 8.131014E-16
 1.35846 8.0056075E-16
 1.358605 7.7329836E-16
 1.35875 7.1653355E-16
 1.358895 6.7324185E-16
 1.35904 7.5926763E-16
 1.359185 5.8570523E-16
 1.35933 6.2624264E-16
 1.359475 6.654405E-16
 1.35962 1.0214908E-15
 1.359765 1.1238803E-15
 1.35991 1.1795126E-15
 1.360055 8.6431777E-16
 1.3602 7.574067E-16
 1.360345 9.039139E-16
 1.36049 7.4304875E-16
 1.360635 8.763173E-16
 1.36078 8.6229505E-16
 1.360925 8.17489E-16
 1.36107 1.4260829E-15
 1.361215 1.2534172E-15
 1.36136 1.5291379E-15
 1.361505 9.766485E-16
 1.36165 7.5288905E-16
 1.361795 7.5804144E-16
 1.36194 2.391703E-15
 1.362085 2.1211829E-15
 1.36223 1.7353886E-15
 1.362375 2.9539133E-15
 1.36252 2.7715458E-15
 1.362665 2.4669117E-15
 1.36281 1.5024484E-15
 1.362955 1.205572E-15
 1.3631 1.0006992E-15
 1.363245 7.360459E-16
 1.36339 7.2381364E-16
 1.363535 6.796709E-16
 1.36368 6.954313E-16
 1.363825 7.057686E-16
 1.36397 7.807266E-16
 1.364115 6.516368E-16
 1.36426 8.96309E-16
 1.364405 1.0875354E-15
 1.36455 1.0338282E-15
 1.364695 1.1614855E-15
 1.36484 2.0157629E-15
 1.364985 1.3521532E-15
 1.36513 1.2430873E-15
 1.365275 9.204836E-16
 1.36542 9.091789E-16
 1.365565 1.2642693E-15
 1.36571 1.2757009E-15
 1.365855 9.53002E-16
 1.366 9.128398E-16
 1.366145 8.199277E-16
 1.36629 7.125178E-16
 1.366435 6.1234034E-16
 1.36658 6.911902E-16
 1.366725 6.4224643E-16
 1.36687 6.4553847E-16
 1.367015 7.72986E-16
 1.36716 8.706657E-16
 1.367305 7.7545104E-16
 1.36745 6.8834074E-16
 1.367595 7.379354E-16
 1.36774 9.815786E-16
 1.367885 1.1054424E-15
 1.36803 1.4587367E-15
 1.368175 1.5746441E-15
 1.36832 1.2031256E-15
 1.368465 1.186798E-15
 1.36861 1.1894021E-15
 1.368755 1.5055728E-15
 1.3689 1.4330421E-15
 1.369045 8.791207E-16
 1.36919 8.4668286E-16
 1.369335 7.041791E-16
 1.36948 7.693073E-16
 1.369625 7.1403215E-16
 1.36977 6.366579E-16
 1.369915 6.0080153E-16
 1.37006 7.1858294E-16
 1.370205 7.9229365E-16
 1.37035 9.072663E-16
 1.370495 7.7785937E-16
 1.37064 6.6913644E-16
 1.370785 6.1825083E-16
 1.37093 8.308197E-16
 1.371075 8.3854885E-16
 1.37122 1.1927291E-15
 1.371365 1.3463894E-15
 1.37151 9.637406E-16
 1.371655 5.458938E-16
 1.3718 6.679645E-16
 1.371945 9.611616E-16
 1.37209 7.767547E-16
 1.372235 5.1743146E-16
 1.37238 1.0142078E-15
 1.372525 1.0877149E-15
 1.37267 8.369191E-16
 1.372815 7.1048716E-16
 1.37296 6.8132355E-16
 1.373105 7.3043796E-16
 1.37325 6.981168E-16
 1.373395 5.989904E-16
 1.37354 7.0463035E-16
 1.373685 7.234856E-16
 1.37383 7.348977E-16
 1.373975 7.402603E-16
 1.37412 7.0650806E-16
 1.374265 6.493289E-16
 1.37441 5.9702016E-16
 1.374555 7.1648675E-16
 1.3747 5.7179774E-16
 1.374845 6.2788165E-16
 1.37499 6.485451E-16
 1.375135 8.570282E-16
 1.37528 7.7775883E-16
 1.375425 6.95884E-16
 1.37557 6.61671E-16
 1.375715 5.842514E-16
 1.37586 5.6351816E-16
 1.376005 6.7590265E-16
 1.37615 8.1161246E-16
 1.376295 7.5509403E-16
 1.37644 6.6095135E-16
 1.376585 6.1983743E-16
 1.37673 6.2680195E-16
 1.376875 6.896869E-16
 1.37702 7.6673227E-16
 1.377165 8.104769E-16
 1.37731 1.0145541E-15
 1.377455 8.640536E-16
 1.3776 8.1884247E-16
 1.377745 6.6161955E-16
 1.37789 6.3138926E-16
 1.378035 6.2113895E-16
 1.37818 6.0655473E-16
 1.378325 6.300099E-16
 1.37847 5.7453964E-16
 1.378615 6.210044E-16
 1.37876 6.0121917E-16
 1.378905 1.1516381E-15
 1.37905 1.0373532E-15
 1.379195 8.7955144E-16
 1.37934 7.578347E-16
 1.379485 7.6128637E-16
 1.37963 6.6994875E-16
 1.379775 6.2872476E-16
 1.37992 6.674628E-16
 1.380065 6.202164E-16
 1.38021 6.1915885E-16
 1.380355 6.80761E-16
 1.3805 7.93553E-16
 1.380645 1.2835458E-15
 1.38079 1.584371E-15
 1.380935 2.1446173E-15
 1.38108 2.4290059E-15
 1.381225 2.0996774E-15
 1.38137 1.0771127E-15
 1.381515 8.0862863E-16
 1.38166 5.763963E-16
 1.381805 5.7353924E-16
 1.38195 6.7946834E-16
 1.382095 9.152534E-16
 1.38224 8.730155E-16
 1.382385 8.437296E-16
 1.38253 1.0565026E-15
 1.382675 9.063194E-16
 1.38282 2.1010193E-15
 1.382965 2.1499818E-15
 1.38311 9.500449E-16
 1.383255 1.2617745E-15
 1.3834 1.0880938E-15
 1.383545 8.332254E-16
 1.38369 7.185063E-16
 1.383835 8.630475E-16
 1.38398 1.0359828E-15
 1.384125 1.0007892E-15
 1.38427 1.000268E-15
 1.384415 7.5957007E-16
 1.38456 6.696414E-16
 1.384705 6.6322595E-16
 1.38485 6.3290154E-16
 1.384995 7.5731464E-16
 1.38514 8.6323356E-16
 1.385285 1.0719247E-15
 1.38543 1.4319819E-15
 1.385575 1.002577E-15
 1.38572 7.0570725E-16
 1.385865 8.109446E-16
 1.38601 7.0330437E-16
 1.386155 8.200082E-16
 1.3863 6.9036775E-16
 1.386445 6.428216E-16
 1.38659 8.2916675E-16
 1.386735 7.035221E-16
 1.38688 7.7868544E-16
 1.387025 7.270514E-16
 1.38717 6.748119E-16
 1.387315 7.5101155E-16
 1.38746 7.2057543E-16
 1.387605 6.7739215E-16
 1.38775 6.835037E-16
 1.387895 6.945741E-16
 1.38804 8.618467E-16
 1.388185 8.1738806E-16
 1.38833 2.3221722E-15
 1.388475 1.4556466E-15
 1.38862 9.411861E-16
 1.388765 7.2372787E-16
 1.38891 7.34484E-16
 1.389055 7.27514E-16
 1.3892 7.498838E-16
 1.389345 8.489235E-16
 1.38949 7.379538E-16
 1.389635 6.770955E-16
 1.38978 6.600589E-16
 1.389925 6.3210485E-16
 1.39007 7.5452975E-16
 1.390215 7.3154117E-16
 1.39036 6.9558383E-16
 1.390505 6.434985E-16
 1.39065 6.446155E-16
 1.390795 6.338678E-16
 1.39094 6.380743E-16
 1.391085 6.7672284E-16
 1.39123 7.3034553E-16
 1.391375 7.109931E-16
 1.39152 6.449272E-16
 1.391665 6.3130197E-16
 1.39181 6.130671E-16
 1.391955 4.975264E-16
 1.3921 5.4728953E-16
 1.392245 6.9123024E-16
 1.39239 6.4993886E-16
 1.392535 1.0177986E-15
 1.39268 1.879274E-15
 1.392825 1.057727E-15
 1.39297 9.153687E-16
 1.393115 7.906128E-16
 1.39326 7.7121656E-16
 1.393405 7.78926E-16
 1.39355 6.647481E-16
 1.393695 6.6343443E-16
 1.39384 6.884795E-16
 1.393985 7.239329E-16
 1.39413 6.411587E-16
 1.394275 6.2433983E-16
 1.39442 6.114703E-16
 1.394565 6.4085343E-16
 1.39471 6.2034766E-16
 1.394855 6.597272E-16
 1.395 9.950057E-16
 1.395145 9.402623E-16
 1.39529 7.9102035E-16
 1.395435 1.0052846E-15
 1.39558 1.4226718E-15
 1.395725 1.7706164E-15
 1.39587 1.5849066E-15
 1.396015 1.1905757E-15
 1.39616 9.056698E-16
 1.396305 7.237041E-16
 1.39645 8.7015494E-16
 1.396595 1.0697636E-15
 1.39674 9.820061E-16
 1.396885 9.444484E-16
 1.39703 6.4287005E-16
 1.397175 8.0834493E-16
 1.39732 6.970442E-16
 1.397465 7.5291843E-16
 1.39761 6.4338256E-16
 1.397755 6.753025E-16
 1.3979 6.396772E-16
 1.398045 6.310635E-16
 1.39819 5.99877E-16
 1.398335 5.8398755E-16
 1.39848 6.2480316E-16
 1.398625 5.745762E-16
 1.39877 6.0861874E-16
 1.398915 5.2486015E-16
 1.39906 4.7203436E-16
 1.399205 5.163344E-16
 1.39935 5.515338E-16
 1.399495 5.797614E-16
 1.39964 7.641423E-16
 1.399785 7.848223E-16
 1.39993 7.630062E-16
 1.400075 7.606844E-16
 1.40022 1.0957662E-15
 1.400365 1.2409796E-15
 1.40051 1.0240637E-15
 1.400655 7.836994E-17
 1.4008 -1.9789244E-16
 1.400945 -5.331981E-16
 1.40109 4.9689742E-17
 1.401235 -3.1964797E-16
 1.40138 0.
 1.401525 0.
 1.40167 0.
 1.401815 0.
 1.40196 0.
 1.402105 0.
 1.40225 0.
 1.402395 0.
 1.40254 0.
 1.402685 0.
 1.40283 0.
 1.402975 0.
 1.40312 0.
 1.403265 0.
 1.40341 0.
 1.403555 0.
 1.4037 0.
 1.403845 0.
 1.40399 0.
 1.404135 0.
 1.40428 0.
 1.404425 0.
 1.40457 0.
 1.404715 0.
 1.40486 0.
 1.405005 0.
 1.40515 0.
 1.405295 0.
 1.40544 0.
 1.405585 0.
 1.40573 0.
 1.405875 0.
 1.40602 0.
 1.406165 0.
 1.40631 0.
 1.406455 0.
 1.4066 0.
 1.406745 0.
 1.40689 0.
 1.407035 0.
 1.40718 0.
 1.407325 0.
 1.40747 0.
 1.407615 0.
 1.40776 0.
 1.407905 0.
 1.40805 0.
 1.408195 0.
 1.40834 0.
 1.408485 0.
 1.40863 0.
 1.408775 0.
 1.40892 0.
 1.409065 0.
 1.40921 0.
 1.409355 0.
 1.4095 0.
 1.409645 0.
 1.40979 0.
 1.409935 0.
 1.41008 0.
 1.410225 0.
 1.41037 0.
 1.410515 0.
 1.41066 0.
 1.410805 0.
 1.41095 0.
 1.411095 0.
 1.41124 0.
 1.411385 0.
 1.41153 0.
 1.411675 0.
 1.41182 0.
 1.411965 0.
 1.41211 0.
 1.4075 0.
 1.408 0.
 1.4085 0.
 1.409 0.
 1.4095 0.
 1.41 0.
 1.4105 0.
 1.411 0.
 1.4115 0.
 1.412 0.
 1.4125 0.
 1.413 0.
 1.4135 0.
 1.414 0.
 1.4145 0.
 1.415 0.
 1.4155 0.
 1.416 0.
 1.4165 0.
 1.417 0.
 1.4175 0.
 1.418 0.
 1.4185 0.
 1.419 0.
 1.4195 0.
 1.42 0.
 1.4205 0.
 1.421 0.
 1.4215 0.
 1.422 0.
 1.4225 0.
 1.423 0.
 1.4235 0.
 1.424 0.
 1.4245 0.
 1.425 0.
 1.4255 0.
 1.426 0.
 1.4265 0.
 1.427 0.
 1.4275 0.
 1.428 0.
 1.4285 0.
 1.429 0.
 1.4295 0.
 1.43 0.
 1.4305 0.
 1.431 0.
 1.4315 0.
 1.432 0.
 1.4325 0.
 1.433 0.
 1.4335 0.
 1.434 0.
 1.4345 0.
 1.435 0.
 1.4355 0.
 1.436 0.
 1.4365 0.
 1.437 0.
 1.4375 0.
 1.438 0.
 1.4385 0.
 1.439 0.
 1.4395 0.
 1.44 0.
 1.4405 0.
 1.441 0.
 1.4415 0.
 1.442 0.
 1.4425 0.
 1.443 0.
 1.4435 0.
 1.444 0.
 1.4445 0.
 1.445 0.
 1.4455 0.
 1.446 0.
 1.4465 0.
 1.447 0.
 1.4475 0.
 1.448 0.
 1.4485 0.
 1.449 0.
 1.4495 0.
 1.45 0.
 1.4505 0.
 1.451 0.
 1.4515 1.289168E-15
 1.452 1.5324389E-15
 1.4525 1.3188441E-15
 1.453 1.3321337E-15
 1.4535 1.2735368E-15
 1.454 1.2172192E-15
 1.4545 1.1694086E-15
 1.455 1.2840837E-15
 1.4555 1.2860715E-15
 1.456 1.4190738E-15
 1.4565 1.2911182E-15
 1.457 1.2501563E-15
 1.4575 1.2501797E-15
 1.458 1.2988689E-15
 1.4585 1.3904569E-15
 1.459 1.3469106E-15
 1.4595 1.3010338E-15
 1.46 1.2671277E-15
 1.4605 1.2117497E-15
 1.461 1.3619323E-15
 1.4615 1.2554428E-15
 1.462 1.307664E-15
 1.4625 1.2522078E-15
 1.463 1.1782245E-15
 1.4635 1.1553848E-15
 1.464 1.3185561E-15
 1.4645 1.3099036E-15
 1.465 1.2100437E-15
 1.4655 1.1815993E-15
 1.466 1.3795383E-15
 1.4665 1.2770782E-15
 1.467 1.3340848E-15
 1.4675 1.3974489E-15
 1.468 1.2163874E-15
 1.4685 1.225372E-15
 1.469 1.1717968E-15
 1.4695 1.1041253E-15
 1.47 1.2124416E-15
 1.4705 1.2471149E-15
 1.471 1.1925807E-15
 1.4715 1.465127E-15
 1.472 1.3894407E-15
 1.4725 1.1861128E-15
 1.473 1.4392828E-15
 1.4735 1.3500549E-15
 1.474 1.2556696E-15
 1.4745 1.3074183E-15
 1.475 1.2996036E-15
 1.4755 1.281229E-15
 1.476 1.207983E-15
 1.4765 1.32575E-15
 1.477 1.2210319E-15
 1.4775 1.3259337E-15
 1.478 1.225519E-15
 1.4785 1.3849789E-15
 1.479 1.3863659E-15
 1.4795 1.3130961E-15
 1.48 1.2416934E-15
 1.4805 1.1330013E-15
 1.481 1.2353262E-15
 1.4815 1.2923162E-15
 1.482 1.1892585E-15
 1.4825 1.2806451E-15
 1.483 1.3565362E-15
 1.4835 1.2900472E-15
 1.484 1.3461247E-15
 1.4845 1.288883E-15
 1.485 1.2800333E-15
 1.4855 1.2887752E-15
 1.486 1.3258596E-15
 1.4865 1.3022762E-15
 1.487 1.3143898E-15
 1.4875 1.3619056E-15
 1.488 1.3097012E-15
 1.4885 1.3652862E-15
 1.489 1.3424322E-15
 1.4895 1.2676708E-15
 1.49 1.2306163E-15
 1.4905 1.313654E-15
 1.491 1.3240062E-15
 1.4915 1.3102995E-15
 1.492 1.3083666E-15
 1.4925 1.3004069E-15
 1.493 1.2740737E-15
 1.4935 1.2992586E-15
 1.494 1.2555524E-15
 1.4945 1.3113274E-15
 1.495 1.2754852E-15
 1.4955 1.3022354E-15
 1.496 1.3585157E-15
 1.4965 1.3257401E-15
 1.497 1.3195224E-15
 1.4975 1.3867279E-15
 1.498 1.3697081E-15
 1.4985 1.38618E-15
 1.499 1.3663141E-15
 1.4995 1.3285651E-15
 1.5 1.3546643E-15
 1.5005 1.324856E-15
 1.501 1.3401376E-15
 1.5015 1.301835E-15
 1.502 1.2713412E-15
 1.5025 1.2936222E-15
 1.503 1.2893381E-15
 1.5035 1.3893301E-15
 1.504 1.3075181E-15
 1.5045 1.3312817E-15
 1.505 1.4018151E-15
 1.5055 1.3592355E-15
 1.506 1.33306E-15
 1.5065 1.3391937E-15
 1.507 1.3636967E-15
 1.5075 1.3746427E-15
 1.508 1.3283188E-15
 1.5085 1.3268239E-15
 1.509 1.3724486E-15
 1.5095 1.4571945E-15
 1.51 1.4257891E-15
 1.5105 1.3609139E-15
 1.511 1.3494487E-15
 1.5115 1.3481386E-15
 1.512 1.362721E-15
 1.5125 1.4121308E-15
 1.513 1.3768758E-15
 1.5135 1.3104779E-15
 1.514 1.2798925E-15
 1.5145 1.3819011E-15
 1.515 1.4814411E-15
 1.5155 1.4535114E-15
 1.516 1.4443586E-15
 1.5165 1.429212E-15
 1.517 1.3375049E-15
 1.5175 1.2652104E-15
 1.518 1.2397616E-15
 1.5185 1.3756136E-15
 1.519 1.4376819E-15
 1.5195 1.3457535E-15
 1.52 1.4110447E-15
 1.5205 1.395388E-15
 1.521 1.4555683E-15
 1.5215 1.4636272E-15
 1.522 1.4096144E-15
 1.5225 1.4325562E-15
 1.523 1.4008489E-15
 1.5235 1.4726615E-15
 1.524 1.5068041E-15
 1.5245 1.4651043E-15
 1.525 1.4154323E-15
 1.5255 1.3744912E-15
 1.526 1.3870349E-15
 1.5265 1.3632522E-15
 1.527 1.382265E-15
 1.5275 1.4214051E-15
 1.528 1.3978979E-15
 1.5285 1.4465852E-15
 1.529 1.4535577E-15
 1.5295 1.4378185E-15
 1.53 1.4705199E-15
 1.5305 1.4947998E-15
 1.531 1.4746043E-15
 1.5315 1.4583356E-15
 1.532 1.424291E-15
 1.5325 1.3650465E-15
 1.533 1.3691843E-15
 1.5335 1.4740962E-15
 1.534 1.5181842E-15
 1.5345 1.5291061E-15
 1.535 1.4796026E-15
 1.5355 1.4323108E-15
 1.536 1.455865E-15
 1.5365 1.4868127E-15
 1.537 1.4422872E-15
 1.5375 1.4610352E-15
 1.538 1.4289588E-15
 1.5385 1.4190238E-15
 1.539 1.4910652E-15
 1.5395 1.538137E-15
 1.54 1.4505139E-15
 1.5405 1.4647168E-15
 1.541 1.3883908E-15
 1.5415 1.4275508E-15
 1.542 1.486277E-15
 1.5425 1.4915932E-15
 1.543 1.49387E-15
 1.5435 1.4558706E-15
 1.544 1.4554315E-15
 1.5445 1.5039733E-15
 1.545 1.4994472E-15
 1.5455 1.5186006E-15
 1.546 1.5606786E-15
 1.5465 1.5854082E-15
 1.547 1.5366163E-15
 1.5475 1.5070004E-15
 1.548 1.4010558E-15
 1.5485 1.4958837E-15
 1.549 1.532699E-15
 1.5495 1.4965282E-15
 1.55 1.5556453E-15
 1.5505 1.526223E-15
 1.551 1.4361525E-15
 1.5515 1.47746E-15
 1.552 1.4928381E-15
 1.5525 1.5559989E-15
 1.553 1.5482825E-15
 1.5535 1.4910197E-15
 1.554 1.5446441E-15
 1.5545 1.5522848E-15
 1.555 1.485627E-15
 1.5555 1.4822362E-15
 1.556 1.5044578E-15
 1.5565 1.4969903E-15
 1.557 1.5498823E-15
 1.5575 1.5587871E-15
 1.558 1.4507321E-15
 1.5585 1.4871551E-15
 1.559 1.488895E-15
 1.5595 1.5024022E-15
 1.56 1.5409021E-15
 1.5605 1.5250994E-15
 1.561 1.5028405E-15
 1.5615 1.5185493E-15
 1.562 1.4978379E-15
 1.5625 1.521781E-15
 1.563 1.5301173E-15
 1.5635 1.4985009E-15
 1.564 1.5489612E-15
 1.5645 1.5634623E-15
 1.565 1.5774548E-15
 1.5655 1.4701996E-15
 1.566 1.4123409E-15
 1.5665 1.399149E-15
 1.567 1.5594954E-15
 1.5675 1.6027947E-15
 1.568 1.5462675E-15
 1.5685 1.5816817E-15
 1.569 1.5906744E-15
 1.5695 1.4965851E-15
 1.57 1.4453194E-15
 1.5705 1.4721125E-15
 1.571 1.4992757E-15
 1.5715 1.5098159E-15
 1.572 1.4943663E-15
 1.5725 1.4695572E-15
 1.573 1.4114385E-15
 1.5735 1.4789825E-15
 1.574 1.5404455E-15
 1.5745 1.5390693E-15
 1.575 1.5468177E-15
 1.5755 1.6508519E-15
 1.576 1.6148679E-15
 1.5765 1.5998091E-15
 1.577 1.5448857E-15
 1.5775 1.5672351E-15
 1.578 1.5947789E-15
 1.5785 1.596316E-15
 1.579 1.5806337E-15
 1.5795 1.5369289E-15
 1.58 1.5671145E-15
 1.5805 1.5445544E-15
 1.581 1.5033351E-15
 1.5815 1.576222E-15
 1.582 1.5597674E-15
 1.5825 1.6061913E-15
 1.583 1.7163338E-15
 1.5835 1.5763419E-15
 1.584 1.4863554E-15
 1.5845 1.5602126E-15
 1.585 1.5675714E-15
 1.5855 1.555965E-15
 1.586 1.5793338E-15
 1.5865 1.5131303E-15
 1.587 1.612703E-15
 1.5875 1.5905825E-15
 1.588 1.5579317E-15
 1.5885 1.518792E-15
 1.589 1.697572E-15
 1.5895 1.6576234E-15
 1.59 1.6140065E-15
 1.5905 1.559382E-15
 1.591 1.6295707E-15
 1.5915 1.6270194E-15
 1.592 1.605164E-15
 1.5925 1.5417749E-15
 1.593 1.5999527E-15
 1.5935 1.6178328E-15
 1.594 1.6229033E-15
 1.5945 1.6326541E-15
 1.595 1.5563121E-15
 1.5955 1.6178416E-15
 1.596 1.6671884E-15
 1.5965 1.7040131E-15
 1.597 1.5893661E-15
 1.5975 1.5854874E-15
 1.598 1.6202855E-15
 1.5985 1.6430652E-15
 1.599 1.5956105E-15
 1.5995 1.5656067E-15
 1.6 1.5674041E-15
 1.6005 1.6468627E-15
 1.601 1.6595314E-15
 1.6015 1.6345181E-15
 1.602 1.5761093E-15
 1.6025 1.5995463E-15
 1.603 1.6365618E-15
 1.6035 1.6137428E-15
 1.604 1.6365884E-15
 1.6045 1.7148861E-15
 1.605 1.651065E-15
 1.6055 1.5983188E-15
 1.606 1.6170326E-15
 1.6065 1.551659E-15
 1.607 1.5593631E-15
 1.6075 1.5712172E-15
 1.608 1.5666798E-15
 1.6085 1.5590762E-15
 1.609 1.631099E-15
 1.6095 1.6412418E-15
 1.61 1.5356903E-15
 1.6105 1.5683442E-15
 1.611 1.5699623E-15
 1.6115 1.5817517E-15
 1.612 1.5593976E-15
 1.6125 1.5902793E-15
 1.613 1.6248046E-15
 1.6135 1.5236388E-15
 1.614 1.5374541E-15
 1.6145 1.6245158E-15
 1.615 1.6215272E-15
 1.6155 1.6047401E-15
 1.616 1.5659198E-15
 1.6165 1.6180725E-15
 1.617 1.6854019E-15
 1.6175 1.6906437E-15
 1.618 1.7645683E-15
 1.6185 1.6947934E-15
 1.619 1.7082595E-15
 1.6195 1.6669418E-15
 1.62 1.6275942E-15
 1.6205 1.6675856E-15
 1.621 1.6433304E-15
 1.6215 1.6297404E-15
 1.622 1.674029E-15
 1.6225 1.7529914E-15
 1.623 1.6635426E-15
 1.6235 1.7047314E-15
 1.624 1.6884828E-15
 1.6245 1.7116114E-15
 1.625 1.7116117E-15
 1.6255 1.6030547E-15
 1.626 1.4940788E-15
 1.6265 1.5412175E-15
 1.627 1.637788E-15
 1.6275 1.6062915E-15
 1.628 1.5931433E-15
 1.6285 1.6408306E-15
 1.629 1.6547982E-15
 1.6295 1.5991055E-15
 1.63 1.5766809E-15
 1.6305 1.6426687E-15
 1.631 1.6509205E-15
 1.6315 1.6217537E-15
 1.632 1.6425819E-15
 1.6325 1.6469551E-15
 1.633 1.6700746E-15
 1.6335 1.6895853E-15
 1.634 1.6956903E-15
 1.6345 1.7533856E-15
 1.635 1.7590671E-15
 1.6355 1.6745021E-15
 1.636 1.6872853E-15
 1.6365 1.720209E-15
 1.637 1.723749E-15
 1.6375 1.6694608E-15
 1.638 1.6948417E-15
 1.6385 1.7304723E-15
 1.639 1.6767772E-15
 1.6395 1.663418E-15
 1.64 1.6381458E-15
 1.6405 1.6176299E-15
 1.641 1.6689945E-15
 1.6415 1.6245066E-15
 1.642 1.6271861E-15
 1.6425 1.7292422E-15
 1.643 1.722878E-15
 1.6435 1.7190808E-15
 1.644 1.7045902E-15
 1.6445 1.6681715E-15
 1.645 1.6765091E-15
 1.6455 1.7227679E-15
 1.646 1.7365893E-15
 1.6465 1.7587199E-15
 1.647 1.7467042E-15
 1.6475 1.7075137E-15
 1.648 1.6848179E-15
 1.6485 1.7536558E-15
 1.649 1.7761818E-15
 1.6495 1.6356106E-15
 1.65 1.7040292E-15
 1.6505 1.7130458E-15
 1.651 1.6921208E-15
 1.6515 1.6882159E-15
 1.652 1.7135631E-15
 1.6525 1.7223644E-15
 1.653 1.7409154E-15
 1.6535 1.7390817E-15
 1.654 1.7487538E-15
 1.6545 1.7714334E-15
 1.655 1.6452556E-15
 1.6555 1.5748752E-15
 1.656 1.6373869E-15
 1.6565 1.7674562E-15
 1.657 1.799266E-15
 1.6575 1.8083093E-15
 1.658 1.7421187E-15
 1.6585 1.762365E-15
 1.659 1.7624208E-15
 1.6595 1.7631768E-15
 1.66 1.7348105E-15
 1.6605 1.6849661E-15
 1.661 1.6916084E-15
 1.6615 1.6624531E-15
 1.662 1.7339235E-15
 1.6625 1.684319E-15
 1.663 1.7474409E-15
 1.6635 1.778305E-15
 1.664 1.7502012E-15
 1.6645 1.7785208E-15
 1.665 1.8274389E-15
 1.6655 1.7972584E-15
 1.666 1.7860895E-15
 1.6665 1.8279179E-15
 1.667 1.7721643E-15
 1.6675 1.7210502E-15
 1.668 1.6517402E-15
 1.6685 1.6344989E-15
 1.669 1.7584221E-15
 1.6695 1.7354576E-15
 1.67 1.7426949E-15
 1.6705 1.6905741E-15
 1.671 1.7982709E-15
 1.6715 1.8271384E-15
 1.672 1.7895966E-15
 1.6725 1.7606156E-15
 1.673 1.7445166E-15
 1.6735 1.7470425E-15
 1.674 1.7385581E-15
 1.6745 1.7197187E-15
 1.675 1.7362278E-15
 1.6755 1.8316196E-15
 1.676 1.835083E-15
 1.6765 1.8057898E-15
 1.677 1.7427184E-15
 1.6775 1.744544E-15
 1.678 1.803901E-15
 1.6785 1.7784228E-15
 1.679 1.7687006E-15
 1.6795 1.7889363E-15
 1.68 1.8437794E-15
 1.6805 1.7987338E-15
 1.681 1.8178483E-15
 1.6815 1.8542578E-15
 1.682 1.7555754E-15
 1.6825 1.7980178E-15
 1.683 1.8110058E-15
 1.6835 1.8026375E-15
 1.684 1.840505E-15
 1.6845 1.8266833E-15
 1.685 1.7234797E-15
 1.6855 1.768957E-15
 1.686 1.7875866E-15
 1.6865 1.7943012E-15
 1.687 1.7636536E-15
 1.6875 1.7714668E-15
 1.688 1.809693E-15
 1.6885 1.7278101E-15
 1.689 1.7316198E-15
 1.6895 1.7109152E-15
 1.69 1.667331E-15
 1.6905 1.794089E-15
 1.691 1.8504417E-15
 1.6915 1.891796E-15
 1.692 1.838664E-15
 1.6925 1.8098771E-15
 1.693 1.6908941E-15
 1.6935 1.7928636E-15
 1.694 1.7562768E-15
 1.6945 1.6915988E-15
 1.695 1.7153407E-15
 1.6955 1.7073501E-15
 1.696 1.730968E-15
 1.6965 1.761069E-15
 1.697 1.7427783E-15
 1.6975 1.6926863E-15
 1.698 1.6661036E-15
 1.6985 1.7518645E-15
 1.699 1.7494716E-15
 1.6995 1.7530503E-15
 1.7 1.7540724E-15
 1.7005 1.767685E-15
 1.701 1.7115931E-15
 1.7015 1.6075609E-15
 1.702 1.6903871E-15
 1.7025 1.7469507E-15
 1.703 1.7566302E-15
 1.7035 1.7993383E-15
 1.704 1.7572839E-15
 1.7045 1.6894884E-15
 1.705 1.7327011E-15
 1.7055 1.726322E-15
 1.706 1.6716545E-15
 1.7065 1.7454241E-15
 1.707 1.7131453E-15
 1.7075 1.6700709E-15
 1.708 1.6484583E-15
 1.7085 1.6464582E-15
 1.709 1.5752966E-15
 1.7095 1.7139638E-15
 1.71 1.7343003E-15
 1.7105 1.7516616E-15
 1.711 1.7641681E-15
 1.7115 1.6966393E-15
 1.712 1.6937676E-15
 1.7125 1.6822981E-15
 1.713 1.6643274E-15
 1.7135 1.6837348E-15
 1.714 1.6634537E-15
 1.7145 1.5700736E-15
 1.715 1.5623977E-15
 1.7155 1.6220879E-15
 1.716 1.5983235E-15
 1.7165 1.5943898E-15
 1.717 1.688628E-15
 1.7175 1.6488068E-15
 1.718 1.5593261E-15
 1.7185 1.5263433E-15
 1.719 1.4855285E-15
 1.7195 1.475557E-15
 1.72 1.4701099E-15
 1.7205 1.5364405E-15
 1.721 1.6402624E-15
 1.7215 1.5409043E-15
 1.722 1.6046565E-15
 1.7225 1.6900657E-15
 1.723 1.5819626E-15
 1.7235 1.5442066E-15
 1.724 1.4769342E-15
 1.7245 1.5427365E-15
 1.725 1.5845937E-15
 1.7255 1.6114473E-15
 1.726 1.6044883E-15
 1.7265 1.56447E-15
 1.727 1.4947551E-15
 1.7275 1.4841587E-15
 1.728 1.5472795E-15
 1.7285 1.5967275E-15
 1.729 1.6127223E-15
 1.7295 1.5480774E-15
 1.73 1.4790347E-15
 1.7305 1.5488208E-15
 1.731 1.6047136E-15
 1.7315 1.5408796E-15
 1.732 1.4516105E-15
 1.7325 1.3599494E-15
 1.733 1.502195E-15
 1.7335 1.5441078E-15
 1.734 1.5459484E-15
 1.7345 1.4747325E-15
 1.735 1.4252015E-15
 1.7355 1.4015318E-15
 1.736 1.4170787E-15
 1.7365 1.5074099E-15
 1.737 1.5085772E-15
 1.7375 1.5213311E-15
 1.738 1.5667259E-15
 1.7385 1.4992276E-15
 1.739 1.5068149E-15
 1.7395 1.5295639E-15
 1.74 1.4531242E-15
 1.7405 1.3947776E-15
 1.741 1.3370706E-15
 1.7415 1.4041696E-15
 1.742 1.535539E-15
 1.7425 1.5608577E-15
 1.743 1.4666841E-15
 1.7435 1.4727108E-15
 1.744 1.4788919E-15
 1.7445 1.4182718E-15
 1.745 1.4945932E-15
 1.7455 1.4624348E-15
 1.746 1.4717055E-15
 1.7465 1.5036112E-15
 1.747 1.4540842E-15
 1.7475 1.4015074E-15
 1.748 1.3976839E-15
 1.7485 1.3787178E-15
 1.749 1.461694E-15
 1.7495 1.4874918E-15
 1.75 1.445774E-15
 1.7505 1.4181833E-15
 1.751 1.274212E-15
 1.7515 1.3034125E-15
 1.752 1.3825541E-15
 1.7525 1.3769475E-15
 1.753 1.4891541E-15
 1.7535 1.481734E-15
 1.754 1.376766E-15
 1.7545 1.3381324E-15
 1.755 1.3385986E-15
 1.7555 1.3853195E-15
 1.756 1.3991996E-15
 1.7565 1.2863633E-15
 1.757 1.2315452E-15
 1.7575 1.2912209E-15
 1.758 1.3509422E-15
 1.7585 1.3370054E-15
 1.759 1.3302544E-15
 1.7595 1.3344071E-15
 1.76 1.3816643E-15
 1.7605 1.3755832E-15
 1.761 1.3149075E-15
 1.7615 1.3110425E-15
 1.762 1.3846799E-15
 1.7625 1.2985087E-15
 1.763 1.2491865E-15
 1.7635 1.2644727E-15
 1.764 1.350992E-15
 1.7645 1.3197616E-15
 1.765 1.3214562E-15
 1.7655 1.3191059E-15
 1.766 1.2209051E-15
 1.7665 1.4945618E-15
 1.767 1.4467049E-15
 1.7675 1.2810676E-15
 1.768 1.252536E-15
 1.7685 1.2061063E-15
 1.769 1.1997711E-15
 1.7695 1.2562339E-15
 1.77 1.2918475E-15
 1.7705 1.3014321E-15
 1.771 1.2855503E-15
 1.7715 1.2775822E-15
 1.772 1.2382601E-15
 1.7725 1.2250544E-15
 1.773 1.1928424E-15
 1.7735 1.2043581E-15
 1.774 1.2594068E-15
 1.7745 1.3170139E-15
 1.775 1.227247E-15
 1.7755 1.1636484E-15
 1.776 1.1360934E-15
 1.7765 1.0967402E-15
 1.777 1.1606438E-15
 1.7775 1.2453757E-15
 1.778 1.2152694E-15
 1.7785 1.1705491E-15
 1.779 1.1342968E-15
 1.7795 1.2371409E-15
 1.78 1.1859445E-15
 1.7805 1.2580469E-15
 1.781 1.256367E-15
 1.7815 1.1307107E-15
 1.782 1.224947E-15
 1.7825 1.2536514E-15
 1.783 1.2240549E-15
 1.7835 1.2300791E-15
 1.784 1.278447E-15
 1.7845 1.2320787E-15
 1.785 1.1435884E-15
 1.7855 1.2599862E-15
 1.786 1.0818995E-15
 1.7865 1.1931411E-15
 1.787 1.1287945E-15
 1.7875 1.0711622E-15
 1.788 1.1263931E-15
 1.7885 1.1078905E-15
 1.789 1.1251207E-15
 1.7895 1.1906187E-15
 1.79 1.2169408E-15
 1.7905 1.1690987E-15
 1.791 1.1052738E-15
 1.7915 1.1557864E-15
 1.792 1.1091238E-15
 1.7925 1.1304592E-15
 1.793 1.1296426E-15
 1.7935 1.1252147E-15
 1.794 1.0426208E-15
 1.7945 1.182825E-15
 1.795 1.1667183E-15
 1.7955 1.1126072E-15
 1.796 1.2481311E-15
 1.7965 1.1249398E-15
 1.797 1.078836E-15
 1.7975 1.2596405E-15
 1.798 1.2170309E-15
 1.7985 1.1744925E-15
 1.799 1.2614978E-15
 1.7995 1.1252158E-15
 1.8 9.364926E-16
 1.8005 1.0335161E-15
 1.801 1.0276778E-15
 1.8015 1.0736791E-15
 1.802 1.1570093E-15
 1.8025 1.057248E-15
 1.803 1.1739147E-15
 1.8035 1.1696414E-15
 1.804 1.165468E-15
 1.8045 1.2487918E-15
 1.805 1.2230923E-15
 1.8055 1.0974965E-15
 1.806 9.64049E-16
 1.8065 9.455524E-16
 1.807 1.365457E-15
 1.8075 1.0846731E-15
 1.808 1.1400358E-15
 1.8085 1.1848588E-15
 1.809 1.0292602E-15
 1.8095 1.1376178E-15
 1.81 1.1630093E-15
 1.8105 1.0445237E-15
 1.811 9.56061E-16
 1.8115 1.2819514E-15
 1.812 1.2648799E-15
 1.8125 1.0003081E-15
 1.813 1.0135759E-15
 1.8135 1.3792009E-15
 1.814 1.4273614E-15
 1.8145 1.3822238E-15
 1.815 1.219005E-15
 1.8155 1.0820134E-15
 1.816 1.2209971E-15
 1.8165 1.5406999E-15
 1.817 1.4970614E-15
 1.8175 1.3878838E-15
 1.818 1.4405192E-15
 1.8185 1.1057875E-15
 1.819 1.2877756E-15
 1.8195 1.5085191E-15
 1.82 1.1006395E-15
 1.8205 8.224503E-16
 1.821 1.2556793E-15
 1.8215 1.3026729E-15
 1.822 1.014099E-15
 1.8225 1.1477973E-15
 1.823 1.4659361E-15
 1.8235 1.544715E-15
 1.824 1.3171677E-15
 1.8245 1.2565165E-15
 1.825 1.1113113E-15
 1.8255 1.0840195E-15
 1.826 9.396762E-16
 1.8265 8.3392167E-16
 1.827 1.369142E-15
 1.8275 1.4000135E-15
 1.828 1.1049208E-15
 1.8285 9.185188E-16
 1.829 9.274175E-16
 1.8295 1.6072704E-15
 1.83 1.2195921E-15
 1.8305 1.1109955E-15
 1.831 1.1817569E-15
 1.8315 1.0121473E-15
 1.832 1.6839255E-15
 1.8325 1.0682255E-15
 1.833 9.315136E-16
 1.8335 1.3287705E-15
 1.834 1.2383183E-15
 1.8345 9.293906E-16
 1.835 7.314335E-16
 1.8355 1.1021478E-15
 1.836 1.3676463E-15
 1.8365 9.112241E-16
 1.837 2.197656E-15
 1.8375 1.2961544E-15
 1.838 9.940805E-16
 1.8385 1.4654605E-15
 1.839 1.7067497E-15
 1.8395 1.1135124E-15
 1.84 9.042257E-16
 1.8405 1.0304819E-15
 1.841 1.8355392E-15
 1.8415 1.1221759E-15
 1.842 7.1956E-16
 1.8425 9.970705E-16
 1.843 2.1794264E-15
 1.8435 1.3249644E-15
 1.844 1.0586462E-15
 1.8445 1.2053979E-15
 1.845 1.0976005E-15
 1.8455 1.0316421E-15
 1.846 9.066385E-16
 1.8465 8.1509996E-16
 1.847 6.9841493E-16
 1.8475 1.0065206E-15
 1.848 1.471188E-15
 1.8485 1.1789812E-15
 1.849 1.7131027E-15
 1.8495 1.9057523E-15
 1.85 1.2497436E-15
 1.8505 8.8493995E-16
 1.851 1.0008662E-15
 1.8515 1.5144583E-15
 1.852 1.2897091E-15
 1.8525 1.0635188E-15
 1.853 8.0466457E-16
 1.8535 8.3621644E-16
 1.854 7.6899924E-16
 1.8545 1.5720996E-15
 1.855 1.4895757E-15
 1.8555 1.4598866E-15
 1.856 1.0901043E-15
 1.8565 8.949012E-16
 1.857 7.494371E-16
 1.8575 9.355701E-16
 1.858 1.5240651E-15
 1.8585 1.0591906E-15
 1.859 8.3720244E-16
 1.8595 7.1452115E-16
 1.86 6.2080273E-16
 1.8605 5.199188E-16
 1.861 9.211295E-16
 1.8615 1.4914122E-15
 1.862 1.213445E-15
 1.8625 1.0425108E-15
 1.863 8.1610523E-16
 1.8635 1.0763495E-15
 1.864 1.0310405E-15
 1.8645 8.259379E-16
 1.865 1.111713E-15
 1.8655 1.1755227E-15
 1.866 1.1809883E-15
 1.8665 1.026779E-15
 1.867 8.937447E-16
 1.8675 7.160915E-16
 1.868 7.30713E-16
 1.8685 1.45496E-15
 1.869 1.4547746E-15
 1.8695 9.006982E-16
 1.87 1.155885E-15
 1.8705 1.4460955E-15
 1.871 7.815223E-16
 1.8715 9.797441E-16
 1.872 2.1384569E-15
 1.8725 1.4755695E-15
 1.873 9.459163E-16
 1.8735 7.399293E-16
 1.874 1.8513855E-15
 1.8745 2.5739936E-15
 1.875 1.7448871E-15
 1.8755 1.0348412E-15
 1.876 1.8146495E-15
 1.8765 1.5592214E-15
 1.877 9.781376E-16
 1.8775 1.7156678E-15
 1.878 1.7525425E-15
 1.8785 1.1736426E-15
 1.879 1.1942546E-15
 1.8795 9.851224E-16
 1.88 1.114064E-15
 1.8805 8.83113E-16
 1.881 7.262139E-16
 1.8815 9.792638E-16
 1.882 1.2647697E-15
 1.8825 1.3064269E-15
 1.883 1.1260725E-15
 1.8835 1.0652335E-15
 1.884 8.0117935E-16
 1.8845 8.761877E-16
 1.885 1.3996189E-15
 1.8855 9.740717E-16
 1.886 1.0435654E-15
 1.8865 1.1252116E-15
 1.887 8.856134E-16
 1.8875 1.3518765E-15
 1.888 1.2222786E-15
 1.8885 1.0945905E-15
 1.889 9.69701E-16
 1.8895 8.703259E-16
 1.89 7.236327E-16
 1.8905 7.394771E-16
 1.891 1.5122115E-15
 1.8915 1.2838909E-15
 1.892 8.810263E-16
 1.8925 8.4719505E-16
 1.893 1.1681744E-15
 1.8935 1.0719783E-15
 1.894 9.616378E-16
 1.8945 1.3046108E-15
 1.895 1.0743487E-15
 1.8955 1.133794E-15
 1.896 1.0004285E-15
 1.8965 9.473185E-16
 1.897 1.1054264E-15
 1.8975 9.821998E-16
 1.898 8.0820623E-16
 1.8985 1.0544115E-15
 1.899 8.0328735E-16
 1.8995 9.104391E-16
 1.9 1.1445911E-15
 1.9005 1.3597872E-15
 1.901 1.7970793E-15
 1.9015 1.5240327E-15
 1.902 1.2971841E-15
 1.9025 1.079303E-15
 1.903 6.846471E-16
 1.9035 1.1081514E-15
 1.904 1.4737131E-15
 1.9045 1.041384E-15
 1.905 8.4445246E-16
 1.9055 7.5771856E-16
 1.906 1.1094145E-15
 1.9065 1.1369706E-15
 1.907 1.0586065E-15
 1.9075 1.903271E-15
 1.908 1.3979942E-15
 1.9085 1.1008114E-15
 1.909 9.157059E-16
 1.9095 1.098875E-15
 1.91 1.0223609E-15
 1.9105 9.527961E-16
 1.911 9.049801E-16
 1.9115 8.5474243E-16
 1.912 9.341321E-16
 1.9125 1.4745636E-15
 1.913 1.1013512E-15
 1.9135 8.470178E-16
 1.914 9.488803E-16
 1.9145 1.5397887E-15
 1.915 1.49524E-15
 1.9155 1.522296E-15
 1.916 1.0536259E-15
 1.9165 7.918464E-16
 1.917 1.1036164E-15
 1.9175 1.3289679E-15
 1.918 1.1343055E-15
 1.9185 9.95794E-16
 1.919 1.0123472E-15
 1.9195 8.707172E-16
 1.92 7.0623617E-16
 1.9205 8.1633864E-16
 1.921 1.2145971E-15
 1.9215 1.8289802E-15
 1.922 1.4262971E-15
 1.9225 1.148744E-15
 1.923 1.022962E-15
 1.9235 1.0306602E-15
 1.924 7.956652E-16
 1.9245 8.08505E-16
 1.925 1.4878133E-15
 1.9255 1.2491202E-15
 1.926 9.963301E-16
 1.9265 9.963166E-16
 1.927 7.8332966E-16
 1.9275 8.8427455E-16
 1.928 1.4435062E-15
 1.9285 1.0621269E-15
 1.929 1.1322447E-15
 1.9295 1.3177609E-15
 1.93 1.0170446E-15
 1.9305 8.868522E-16
 1.931 9.610846E-16
 1.9315 9.663367E-16
 1.932 1.0649586E-15
 1.9325 1.1754229E-15
 1.933 1.0007477E-15
 1.9335 1.0866545E-15
 1.934 8.8561043E-16
 1.9345 1.0577973E-15
 1.935 1.2457657E-15
 1.9355 1.077192E-15
 1.936 1.0008065E-15
 1.9365 9.018958E-16
 1.937 1.0993092E-15
 1.9375 1.2525255E-15
 1.938 9.297053E-16
 1.9385 1.0663249E-15
 1.939 8.857018E-16
 1.9395 8.1139144E-16
 1.94 1.0506059E-15
 1.9405 1.2665647E-15
 1.941 9.365252E-16
 1.9415 9.203307E-16
 1.942 1.1996533E-15
 1.9425 1.2433142E-15
 1.943 1.1294689E-15
 1.9435 1.0340906E-15
 1.944 1.0206637E-15
 1.9445 1.1537187E-15
 1.945 1.051613E-15
 1.9455 1.2903795E-15
 1.946 1.0901492E-15
 1.9465 1.103327E-15
 1.947 1.0952441E-15
 1.9475 1.1149654E-15
 1.948 1.1076169E-15
 1.9485 9.546758E-16
 1.949 1.0657532E-15
 1.9495 1.0280274E-15
 1.95 1.0556211E-15
 1.9505 9.961846E-16
 1.951 9.025442E-16
 1.9515 9.623809E-16
 1.952 9.624201E-16
 1.9525 9.463491E-16
 1.953 9.119617E-16
 1.9535 8.42192E-16
 1.954 1.0205518E-15
 1.9545 9.154439E-16
 1.955 1.0679962E-15
 1.9555 9.168974E-16
 1.956 9.300989E-16
 1.9565 9.322522E-16
 1.957 1.0001803E-15
 1.9575 1.0339646E-15
 1.958 9.788574E-16
 1.9585 9.837863E-16
 1.959 9.941304E-16
 1.9595 9.703509E-16
 1.96 1.0568181E-15
 1.9605 9.90759E-16
 1.961 8.566141E-16
 1.9615 9.19007E-16
 1.962 9.365888E-16
 1.9625 9.449906E-16
 1.963 1.0364449E-15
 1.9635 9.264025E-16
 1.964 9.102034E-16
 1.9645 9.754643E-16
 1.965 9.643672E-16
 1.9655 9.811594E-16
 1.966 9.555549E-16
 1.9665 9.599467E-16
 1.967 9.520539E-16
 1.9675 9.515043E-16
 1.968 9.093055E-16
 1.9685 9.284088E-16
 1.969 9.501072E-16
 1.9695 1.0057612E-15
 1.97 1.0572556E-15
 1.9705 1.0775804E-15
 1.971 9.804468E-16
 1.9715 8.951529E-16
 1.972 9.551437E-16
 1.9725 9.739405E-16
 1.973 1.0175703E-15
 1.9735 9.523452E-16
 1.974 8.8275693E-16
 1.9745 8.930849E-16
 1.975 1.0049175E-15
 1.9755 9.36014E-16
 1.976 8.58358E-16
 1.9765 8.3349577E-16
 1.977 8.989235E-16
 1.9775 9.281265E-16
 1.978 8.746367E-16
 1.9785 8.281825E-16
 1.979 8.74988E-16
 1.9795 9.191547E-16
 1.98 8.633591E-16
 1.9805 9.122458E-16
 1.981 9.080162E-16
 1.9815 9.112541E-16
 1.982 9.105734E-16
 1.9825 9.267381E-16
 1.983 8.7254235E-16
 1.9835 9.301033E-16
 1.984 9.30385E-16
 1.9845 9.079012E-16
 1.985 9.142024E-16
 1.9855 8.751517E-16
 1.986 9.271109E-16
 1.9865 8.92463E-16
 1.987 8.2346447E-16
 1.9875 9.105416E-16
 1.988 9.209574E-16
 1.9885 8.90756E-16
 1.989 9.075191E-16
 1.9895 9.062132E-16
 1.99 8.612312E-16
 1.9905 8.3847823E-16
 1.991 8.36461E-16
 1.9915 8.955814E-16
 1.992 8.960191E-16
 1.9925 8.69768E-16
 1.993 9.119357E-16
 1.9935 8.953952E-16
 1.994 9.398635E-16
 1.9945 9.290157E-16
 1.995 9.405419E-16
 1.9955 8.7072573E-16
 1.996 8.724973E-16
 1.9965 9.075049E-16
 1.997 8.888695E-16
 1.9975 8.902866E-16
 1.998 7.853723E-16
 1.9985 8.365859E-16
 1.9990001 8.940985E-16
 1.9995002 9.048054E-16
 2. 8.537166E-16
 2.0005002 8.8382753E-16
 2.0010002 8.93382E-16
 2.0015001 8.1457676E-16
 2.002 9.049386E-16
 2.0025 8.480716E-16
 2.003 8.674065E-16
 2.0035 1.0037705E-15
 2.0040002 9.570717E-16
 2.0045002 9.945178E-16
 2.005 9.237429E-16
 2.0055 8.521313E-16
 2.006 8.782396E-16
 2.0065 8.951029E-16
 2.0070002 8.8541873E-16
 2.0075002 9.343352E-16
 2.0080001 9.241381E-16
 2.0085 9.340525E-16
 2.009 9.121505E-16
 2.0095 8.440399E-16
 2.01 8.1335095E-16
 2.0105002 8.6249236E-16
 2.0110002 8.8208153E-16
 2.0115001 9.003554E-16
 2.012 9.097532E-16
 2.0125 8.884489E-16
 2.013 8.899681E-16
 2.0135002 8.8232156E-16
 2.0140002 8.711108E-16
 2.0145001 8.878096E-16
 2.015 8.926983E-16
 2.0155 9.102948E-16
 2.016 9.133225E-16
 2.0165 8.718142E-16
 2.0170002 8.5780387E-16
 2.0175002 9.16283E-16
 2.0180001 9.790166E-16
 2.0185 9.735209E-16
 2.019 9.264178E-16
 2.0195 9.158094E-16
 2.02 8.263153E-16
 2.0205002 8.1950946E-16
 2.0210001 8.678571E-16
 2.0215 9.272302E-16
 2.022 9.150276E-16
 2.0225 9.490191E-16
 2.023 9.363111E-16
 2.0235002 9.167702E-16
 2.0240002 9.261999E-16
 2.0245001 9.701465E-16
 2.025 9.527806E-16
 2.0255 9.321601E-16
 2.026 8.623004E-16
 2.0265 8.2876673E-16
 2.0270002 8.4290207E-16
 2.0275002 8.374164E-16
 2.028 8.436513E-16
 2.0285 8.8573166E-16
 2.029 9.049665E-16
 2.0295 8.255908E-16
 2.0300002 8.8378703E-16
 2.0305002 8.791478E-16
 2.0310001 8.7237755E-16
 2.0315 8.8213685E-16
 2.032 9.413062E-16
 2.0325 9.505311E-16
 2.033 9.260296E-16
 2.0335002 9.103426E-16
 2.0340002 8.968997E-16
 2.0345001 8.943532E-16
 2.035 8.925717E-16
 2.0355 8.8075285E-16
 2.036 8.359122E-16
 2.0365002 8.639509E-16
 2.0370002 9.526832E-16
 2.0375001 9.019829E-16
 2.038 9.183555E-16
 2.0385 9.194437E-16
 2.039 8.919166E-16
 2.0395 8.743202E-16
 2.0400002 8.5262914E-16
 2.0405002 8.642551E-16
 2.0410001 8.883484E-16
 2.0415 8.4008807E-16
 2.042 8.969289E-16
 2.0425 9.171253E-16
 2.043 9.54537E-16
 2.0435002 9.838996E-16
 2.0440001 9.250651E-16
 2.0445 8.845265E-16
 2.045 8.5888093E-16
 2.0455 8.7130335E-16
 2.046 8.900181E-16
 2.0465002 8.886106E-16
 2.0470002 9.346036E-16
 2.0475001 9.048584E-16
 2.048 9.367392E-16
 2.0485 9.102506E-16
 2.049 8.6319386E-16
 2.0495 8.54874E-16
 2.0500002 8.5727125E-16
 2.0505002 8.379135E-16
 2.051 9.101423E-16
 2.0515 9.400289E-16
 2.052 9.287132E-16
 2.0525 8.743898E-16
 2.0530002 9.262884E-16
 2.0535002 9.511408E-16
 2.0540001 9.097155E-16
 2.0545 8.508672E-16
 2.055 8.255545E-16
 2.0555 9.262714E-16
 2.056 9.247165E-16
 2.0565002 8.917739E-16
 2.0570002 9.282171E-16
 2.0575001 9.619578E-16
 2.058 9.281593E-16
 2.0585 9.409476E-16
 2.059 9.591087E-16
 2.0595002 9.506828E-16
 2.0600002 9.703919E-16
 2.0605001 9.608292E-16
 2.061 8.854752E-16
 2.0615 8.7005477E-16
 2.062 9.050457E-16
 2.0625 9.065919E-16
 2.0630002 8.999439E-16
 2.0635002 9.017869E-16
 2.0640001 8.6423645E-16
 2.0645 8.5342603E-16
 2.065 9.084029E-16
 2.0655 8.905464E-16
 2.066 9.020928E-16
 2.0665002 8.993094E-16
 2.0670002 9.780046E-16
 2.0675 9.203543E-16
 2.068 8.943884E-16
 2.0685 9.44146E-16
 2.069 9.184475E-16
 2.0695002 8.8429964E-16
 2.0700002 8.784315E-16
 2.0705001 9.504392E-16
 2.071 1.0049386E-15
 2.0715 9.474469E-16
 2.072 8.987232E-16
 2.0725 8.932295E-16
 2.0730002 9.270983E-16
 2.0735002 9.07871E-16
 2.0740001 9.355453E-16
 2.0745 9.228897E-16
 2.075 9.218812E-16
 2.0755 9.169653E-16
 2.0760002 9.222691E-16
 2.0765002 9.257061E-16
 2.0770001 8.986674E-16
 2.0775 9.247266E-16
 2.078 9.419804E-16
 2.0785 9.533483E-16
 2.079 9.297037E-16
 2.0795002 9.419029E-16
 2.0800002 9.157614E-16
 2.0805001 9.416047E-16
 2.081 9.430596E-16
 2.0815 9.274728E-16
 2.082 9.032807E-16
 2.0825 9.401311E-16
 2.0830002 9.392754E-16
 2.0835001 9.39104E-16
 2.084 9.367446E-16
 2.0845 9.222818E-16
 2.085 9.52664E-16
 2.0855 9.280071E-16
 2.0860002 9.237403E-16
 2.0865002 9.802276E-16
 2.0870001 9.425167E-16
 2.0875 8.930381E-16
 2.088 9.384568E-16
 2.0885 9.110149E-16
 2.089 9.333272E-16
 2.0895002 9.386479E-16
 2.0900002 8.973571E-16
 2.0905 9.015301E-16
 2.091 9.784509E-16
 2.0915 9.942932E-16
 2.092 9.750992E-16
 2.0925002 9.422233E-16
 2.0930002 1.0130603E-15
 2.0935001 9.960708E-16
 2.094 9.604886E-16
 2.0945 9.434962E-16
 2.095 9.219604E-16
 2.0955 9.16129E-16
 2.0960002 9.228499E-16
 2.0965002 9.091943E-16
 2.0970001 9.013521E-16
 2.0975 9.25712E-16
 2.098 9.383565E-16
 2.0985 9.618189E-16
 2.0990002 9.792822E-16
 2.0995002 9.601577E-16
 2.1000001 9.503054E-16
 2.1005 9.521545E-16
 2.101 9.552154E-16
 2.1015 9.702555E-16
 2.102 9.529619E-16
 2.1025002 9.521029E-16
 2.1030002 9.568649E-16
 2.1035001 9.446321E-16
 2.104 9.542665E-16
 2.1045 9.735993E-16
 2.105 9.562713E-16
 2.1055 9.195542E-16
 2.1060002 9.745499E-16
 2.1065001 9.82665E-16
 2.107 9.818435E-16
 2.1075 9.66542E-16
 2.108 9.39187E-16
 2.1085 9.245828E-16
 2.1090002 9.008379E-16
 2.1095002 9.562328E-16
 2.1100001 9.660674E-16
 2.1105 9.552113E-16
 2.111 1.0068166E-15
 2.1115 9.911581E-16
 2.112 9.324087E-16
 2.1125002 9.308974E-16
 2.1130002 9.691174E-16
 2.1135 9.849296E-16
 2.114 9.919515E-16
 2.1145 1.0114142E-15
 2.115 1.012076E-15
 2.1155002 1.0041782E-15
 2.1160002 9.755972E-16
 2.1165001 9.956373E-16
 2.117 9.997924E-16
 2.1175 9.562496E-16
 2.118 9.164412E-16
 2.1185 9.327898E-16
 2.1190002 9.579253E-16
 2.1195002 9.807376E-16
 2.1200001 9.685469E-16
 2.1205 9.595772E-16
 2.121 9.578329E-16
 2.1215 9.533327E-16
 2.1220002 9.622368E-16
 2.1225002 9.905394E-16
 2.1230001 1.0001688E-15
 2.1235 9.992401E-16
 2.124 9.892185E-16
 2.1245 1.0158299E-15
 2.125 1.0248226E-15
 2.1255002 1.01987E-15
 2.1260002 9.832335E-16
 2.1265001 9.743677E-16
 2.127 9.699175E-16
 2.1275 9.53382E-16
 2.128 9.473386E-16
 2.1285 9.528465E-16
 2.1290002 9.571536E-16
 2.1295002 9.684258E-16
 2.13 9.621904E-16
 2.1305 9.7304E-16
 2.131 9.961616E-16
 2.1315 1.0012703E-15
 2.1320002 1.0230467E-15
 2.1325002 1.0080709E-15
 2.1330001 9.865992E-16
 2.1335 9.986132E-16
 2.134 1.002963E-15
 2.1345 9.944147E-16
 2.135 9.819998E-16
 2.1355002 1.0078473E-15
 2.1360002 1.0165349E-15
 2.1365001 9.982853E-16
 2.137 1.0111963E-15
 2.1375 1.0242207E-15
 2.138 1.00517E-15
 2.1385002 9.814573E-16
 2.1390002 9.61376E-16
 2.1395001 9.854903E-16
 2.14 9.983549E-16
 2.1405 9.976103E-16
 2.141 9.533244E-16
 2.1415 9.507542E-16
 2.1420002 9.75273E-16
 2.1425002 9.809452E-16
 2.1430001 9.56329E-16
 2.1435 9.624811E-16
 2.144 1.0063568E-15
 2.1445 1.0420355E-15
 2.145 1.0398395E-15
 2.1455002 1.0423781E-15
 2.1460001 1.0277218E-15
 2.1465 1.027684E-15
 2.147 1.0369769E-15
 2.1475 1.0264073E-15
 2.148 1.0078433E-15
 2.1485002 1.0157673E-15
 2.1490002 9.963094E-16
 2.1495001 9.975384E-16
 2.15 9.908509E-16
 2.1505 9.997602E-16
 2.151 9.518673E-16
 2.1515 9.928339E-16
 2.1520002 1.0248614E-15
 2.1525002 9.970592E-16
 2.153 9.802708E-16
 2.1535 1.005976E-15
 2.154 1.0214904E-15
 2.1545 1.0121131E-15
 2.1550002 1.0130941E-15
 2.1555002 1.0321682E-15
 2.1560001 1.0361361E-15
 2.1565 1.0207686E-15
 2.157 1.0187575E-15
 2.1575 1.0376519E-15
 2.158 1.0646264E-15
 2.1585002 1.0585681E-15
 2.1590002 1.0510294E-15
 2.1595001 1.0177927E-15
 2.16 1.0074108E-15
 2.1605 9.847244E-16
 2.161 1.003929E-15
 2.1615002 1.0690428E-15
 2.1620002 1.0603798E-15
 2.1625001 1.0098299E-15
 2.163 1.0125293E-15
 2.1635 9.913538E-16
 2.164 1.0088303E-15
 2.1645 1.0214985E-15
 2.1650002 1.034582E-15
 2.1655002 1.0132337E-15
 2.1660001 1.0038579E-15
 2.1665 1.0400277E-15
 2.167 1.074461E-15
 2.1675 1.0211164E-15
 2.168 1.0321887E-15
 2.1685002 1.0503791E-15
 2.1690001 1.0536496E-15
 2.1695 1.0530893E-15
 2.17 1.0494709E-15
 2.1705 1.0290572E-15
 2.171 1.0119747E-15
 2.1715002 1.0179358E-15
 2.1720002 1.0274936E-15
 2.1725001 1.0214811E-15
 2.173 1.0231004E-15
 2.1735 1.0317417E-15
 2.174 1.0400195E-15
 2.1745 1.0340523E-15
 2.1750002 1.0536907E-15
 2.1755002 1.0847927E-15
 2.176 1.0567755E-15
 2.1765 9.999836E-16
 2.177 9.813387E-16
 2.1775 9.995171E-16
 2.1780002 1.0098593E-15
 2.1785002 1.0013852E-15
 2.1790001 1.0127636E-15
 2.1795 1.0013543E-15
 2.18 1.0021113E-15
 2.1805 1.0096291E-15
 2.181 1.0230099E-15
 2.1815002 1.0319301E-15
 2.1820002 1.0546179E-15
 2.1825001 1.0298669E-15
 2.183 1.0017665E-15
 2.1835 9.920628E-16
 2.184 1.0046429E-15
 2.1845002 1.0370113E-15
 2.1850002 1.0359935E-15
 2.1855001 1.0277883E-15
 2.186 1.0446131E-15
 2.1865 1.0075915E-15
 2.187 1.007785E-15
 2.1875 1.0038683E-15
 2.1880002 1.0219781E-15
 2.1885002 1.0435543E-15
 2.1890001 1.0491561E-15
 2.1895 1.028507E-15
 2.19 1.0131943E-15
 2.1905 9.929099E-16
 2.191 1.0211803E-15
 2.1915002 1.0210495E-15
 2.1920002 1.0266016E-15
 2.1925 1.0314136E-15
 2.193 1.0008457E-15
 2.1935 9.655475E-16
 2.194 9.848962E-16
 2.1945002 9.969204E-16
 2.1950002 1.0101728E-15
 2.1955001 1.0611523E-15
 2.196 1.0201406E-15
 2.1965 1.0219991E-15
 2.197 1.0573395E-15
 2.1975 1.0538258E-15
 2.1980002 9.997694E-16
 2.1985002 1.0521294E-15
 2.1990001 1.0372949E-15
 2.1995 1.0120219E-15
 2.2 1.0224107E-15
 2.2005 1.032629E-15
 2.2010002 1.0467205E-15
 2.2015002 1.0461004E-15
 2.2020001 1.0410015E-15
 2.2025 1.0249771E-15
 2.203 1.0349436E-15
 2.2035 9.950306E-16
 2.204 9.893739E-16
 2.2045002 9.814117E-16
 2.2050002 1.006071E-15
 2.2055001 9.907071E-16
 2.206 9.896553E-16
 2.2065 9.729453E-16
 2.207 9.652921E-16
 2.2075 9.947048E-16
 2.2080002 1.0080414E-15
 2.2085001 9.84649E-16
 2.209 9.8174E-16
 2.2095 1.0051269E-15
 2.21 1.0254395E-15
 2.2105 1.0265893E-15
 2.2110002 1.0135654E-15
 2.2115002 9.894815E-16
 2.2120001 1.0340148E-15
 2.2125 1.0684119E-15
 2.213 1.0349833E-15
 2.2135 1.0093064E-15
 2.214 1.0278815E-15
 2.2145002 1.0399645E-15
 2.2150002 1.0246434E-15
 2.2155 1.030615E-15
 2.216 1.0284845E-15
 2.2165 1.0123322E-15
 2.217 1.0066609E-15
 2.2175002 9.838908E-16
 2.2180002 1.0100772E-15
 2.2185001 1.0487006E-15
 2.219 1.0354141E-15
 2.2195 1.0037533E-15
 2.22 9.81487E-16
 2.2205 9.700601E-16
 2.2210002 9.820463E-16
 2.2215002 9.704717E-16
 2.2220001 9.995975E-16
 2.2225 1.054352E-15
 2.223 1.046808E-15
 2.2235 1.055343E-15
 2.2240002 1.0262443E-15
 2.2245002 1.0435864E-15
 2.2250001 1.0911224E-15
 2.2255 1.0802813E-15
 2.226 1.0667332E-15
 2.2265 1.054539E-15
 2.227 1.0032169E-15
 2.2275002 1.0435449E-15
 2.2280002 1.0312147E-15
 2.2285001 1.0121882E-15
 2.229 9.819257E-16
 2.2295 9.918863E-16
 2.23 1.0205341E-15
 2.2305 9.947045E-16
 2.2310002 1.0440988E-15
 2.2315001 1.0690097E-15
 2.232 1.0517891E-15
 2.2325 1.0589132E-15
 2.233 1.0389504E-15
 2.2335 1.0125046E-15
 2.2340002 1.0257991E-15
 2.2345002 1.0118379E-15
 2.2350001 9.945103E-16
 2.2355 9.609389E-16
 2.236 9.5362E-16
 2.2365 9.733316E-16
 2.237 1.0014467E-15
 2.2375002 1.0417523E-15
 2.2380002 1.0269376E-15
 2.2385 1.0244317E-15
 2.239 1.0301533E-15
 2.2395 1.0112271E-15
 2.24 1.0309115E-15
 2.2405002 1.0442871E-15
 2.2410002 1.0528891E-15
 2.2415001 1.0511129E-15
 2.242 1.0258799E-15
 2.2425 1.029638E-15
 2.243 1.0139764E-15
 2.2435 9.966207E-16
 2.2440002 9.817227E-16
 2.2445002 1.0232801E-15
 2.2450001 1.0217611E-15
 2.2455 1.0397606E-15
 2.246 1.0619092E-15
 2.2465 1.0369355E-15
 2.2470002 1.0018829E-15
 2.2475002 1.0280247E-15
 2.2480001 1.0296341E-15
 2.2485 1.0114885E-15
 2.249 1.044486E-15
 2.2495 1.0173648E-15
 2.25 1.0024958E-15
 2.2505002 9.653134E-16
 2.2510002 1.0041631E-15
 2.2515001 1.0519386E-15
 2.252 1.014643E-15
 2.2525 1.007098E-15
 2.253 1.0218883E-15
 2.2535 1.050581E-15
 2.2540002 1.0327852E-15
 2.2545002 1.0243041E-15
 2.255 9.90761E-16
 2.2555 1.0066994E-15
 2.256 1.0272042E-15
 2.2565 1.0028642E-15
 2.2570002 1.0196127E-15
 2.2575002 1.058897E-15
 2.2580001 1.0218067E-15
 2.2585 1.0011225E-15
 2.259 1.0316179E-15
 2.2595 1.0170444E-15
 2.26 1.0036933E-15
 2.2605002 1.0235014E-15
 2.2610002 9.946585E-16
 2.2615001 9.980282E-16
 2.262 1.0148434E-15
 2.2625 1.0348817E-15
 2.263 1.0112104E-15
 2.2635002 9.930738E-16
 2.2640002 9.843233E-16
 2.2645001 9.872202E-16
 2.265 9.902157E-16
 2.2655 9.953754E-16
 2.266 9.899375E-16
 2.2665 9.93804E-16
 2.2670002 9.670421E-16
 2.2675002 1.0086071E-15
 2.2680001 1.0298556E-15
 2.2685 1.0094033E-15
 2.269 9.674639E-16
 2.2695 1.007385E-15
 2.27 1.0101194E-15
 2.2705002 9.906503E-16
 2.2710001 1.0006759E-15
 2.2715 1.0267007E-15
 2.272 9.742324E-16
 2.2725 9.476363E-16
 2.273 9.792092E-16
 2.2735002 9.942474E-16
 2.2740002 9.733979E-16
 2.2745001 9.559863E-16
 2.275 9.564583E-16
 2.2755 9.911572E-16
 2.276 1.0096893E-15
 2.2765 1.0248543E-15
 2.2770002 1.0078098E-15
 2.2775002 1.0255049E-15
 2.278 1.0274199E-15
 2.2785 1.0027559E-15
 2.279 9.783967E-16
 2.2795 9.828896E-16
 2.2800002 9.802516E-16
 2.2805002 9.434522E-16
 2.2810001 9.287299E-16
 2.2815 1.0006165E-15
 2.282 1.0031618E-15
 2.2825 9.683809E-16
 2.283 9.490871E-16
 2.2835002 9.991491E-16
 2.2840002 9.651391E-16
 2.2845001 9.874694E-16
 2.285 9.526279E-16
 2.2855 9.94742E-16
 2.286 1.0021337E-15
 2.2865002 1.0070193E-15
 2.2870002 1.015746E-15
 2.2875001 9.938517E-16
 2.288 9.862132E-16
 2.2885 1.0227526E-15
 2.289 1.0073603E-15
 2.2895 9.41797E-16
 2.2900002 9.861074E-16
 2.2905002 1.055559E-15
 2.2910001 1.0534378E-15
 2.2915 1.029792E-15
 2.292 9.772485E-16
 2.2925 9.303661E-16
 2.293 9.987614E-16
 2.2935002 9.128623E-16
 2.2940001 8.0173214E-16
 2.2945 7.872973E-16
 2.295 7.883119E-16
 2.2955 7.9667874E-16
 2.296 8.0395973E-16
 2.2965002 8.394382E-16
 2.2970002 8.374114E-16
 2.2975001 8.976925E-16
 2.298 8.8099685E-16
 2.2985 8.3907767E-16
 2.299 8.73359E-16
 2.2995 8.951651E-16
 2.3000002 8.7202307E-16
 2.3005002 8.791794E-16
 2.301 8.749351E-16
 2.3015 8.8335796E-16
 2.302 9.000627E-16
 2.3025 9.473041E-16
 2.3030002 9.155945E-16
 2.3035002 8.6820734E-16
 2.3040001 8.7798755E-16
 2.3045 9.24186E-16
 2.305 9.287007E-16
 2.3055 9.113169E-16
 2.306 8.956887E-16
 2.3065002 9.032976E-16
 2.3070002 9.121061E-16
 2.3075001 8.843071E-16
 2.308 8.944757E-16
 2.3085 9.257068E-16
 2.309 9.054377E-16
 2.3095002 8.7209925E-16
 2.3100002 8.691737E-16
 2.3105001 8.670574E-16
 2.311 9.205595E-16
 2.3115 8.253504E-16
 2.312 8.533453E-16
 2.3125 8.6390955E-16
 2.3130002 9.025245E-16
 2.3135002 9.143168E-16
 2.3140001 8.6383925E-16
 2.3145 8.5246815E-16
 2.315 8.2970975E-16
 2.3155 8.4504E-16
 2.316 8.7402344E-16
 2.3165002 8.094925E-16
 2.3170002 8.232855E-16
 2.3175 8.912077E-16
 2.318 8.656377E-16
 2.3185 9.172484E-16
 2.319 9.202559E-16
 2.3195002 8.857151E-16
 2.3200002 9.338045E-16
 2.3205001 8.8561863E-16
 2.321 8.3368074E-16
 2.3215 8.711327E-16
 2.322 8.686832E-16
 2.3225 8.3254466E-16
 2.3230002 7.7240193E-16
 2.3235002 7.216268E-16
 2.3240001 7.4300565E-16
 2.3245 8.1627787E-16
 2.325 8.0962654E-16
 2.3255 7.9690845E-16
 2.3260002 8.084576E-16
 2.3265002 7.997036E-16
 2.3270001 8.1663214E-16
 2.3275 8.5224866E-16
 2.328 8.3458426E-16
 2.3285 7.8221296E-16
 2.329 7.918288E-16
 2.3295002 8.4869874E-16
 2.3300002 8.6885167E-16
 2.3305001 8.0489576E-16
 2.331 7.523822E-16
 2.3315 8.0127506E-16
 2.332 7.941168E-16
 2.3325 8.620043E-16
 2.3330002 8.6947186E-16
 2.3335001 8.576557E-16
 2.334 8.135752E-16
 2.3345 8.066457E-16
 2.335 7.9488383E-16
 2.3355 8.118029E-16
 2.3360002 7.724939E-16
 2.3365002 8.337605E-16
 2.3370001 8.3870095E-16
 2.3375 8.193692E-16
 2.338 8.079665E-16
 2.3385 8.2254395E-16
 2.339 8.346898E-16
 2.3395002 7.968501E-16
 2.3400002 7.803095E-16
 2.3405 7.8453616E-16
 2.341 8.11724E-16
 2.3415 7.931186E-16
 2.342 8.1370374E-16
 2.3425002 8.4743926E-16
 2.3430002 8.5288976E-16
 2.3435001 8.169734E-16
 2.344 7.99232E-16
 2.3445 8.01138E-16
 2.345 7.6691067E-16
 2.3455 7.514519E-16
 2.3460002 8.2642395E-16
 2.3465002 8.5124434E-16
 2.3470001 8.142586E-16
 2.3475 8.1906757E-16
 2.348 8.0464064E-16
 2.3485 8.5889723E-16
 2.3490002 8.950245E-16
 2.3495002 8.3774163E-16
 2.3500001 7.8833235E-16
 2.3505 7.9808413E-16
 2.351 7.9870744E-16
 2.3515 7.978356E-16
 2.352 7.948185E-16
 2.3525002 7.623196E-16
 2.3530002 7.3213685E-16
 2.3535001 7.0968634E-16
 2.354 7.7617144E-16
 2.3545 7.282417E-16
 2.355 7.369235E-16
 2.3555 7.727574E-16
 2.3560002 7.5073684E-16
 2.3565001 7.86589E-16
 2.357 7.7432666E-16
 2.3575 8.02335E-16
 2.358 7.883944E-16
 2.3585 7.2039003E-16
 2.3590002 7.344628E-16
 2.3595002 7.9359306E-16
 2.3600001 7.980041E-16
 2.3605 7.764513E-16
 2.361 7.736098E-16
 2.3615 7.191909E-16
 2.362 7.371683E-16
 2.3625002 7.6947236E-16
 2.3630002 7.812382E-16
 2.3635 7.632615E-16
 2.364 7.5410565E-16
 2.3645 7.7576815E-16
 2.365 7.9588714E-16
 2.3655002 8.1067263E-16
 2.3660002 8.0241406E-16
 2.3665001 7.836742E-16
 2.367 7.716441E-16
 2.3675 7.379948E-16
 2.368 7.261306E-16
 2.3685 7.546701E-16
 2.3690002 7.588173E-16
 2.3695002 7.8640953E-16
 2.3700001 7.7028827E-16
 2.3705 7.037708E-16
 2.371 7.9125244E-16
 2.3715 8.086302E-16
 2.3720002 8.4402836E-16
 2.3725002 8.632018E-16
 2.3730001 8.191986E-16
 2.3735 7.98597E-16
 2.374 7.9944616E-16
 2.3745 7.911414E-16
 2.375 7.6472406E-16
 2.3755002 7.668929E-16
 2.3760002 7.535671E-16
 2.3765001 7.3824295E-16
 2.377 7.3210963E-16
 2.3775 7.861104E-16
 2.378 7.809073E-16
 2.3785 7.6326965E-16
 2.3790002 7.685442E-16
 2.3795002 7.464451E-16
 2.38 7.252194E-16
 2.3805 7.762234E-16
 2.381 7.780031E-16
 2.3815 7.4013273E-16
 2.3820002 7.5644246E-16
 2.3825002 7.4939064E-16
 2.3830001 6.8018895E-16
 2.3835 6.6104484E-16
 2.384 6.7936145E-16
 2.3845 7.012822E-16
 2.385 7.7987673E-16
 2.3855002 7.8033016E-16
 2.3860002 7.3123116E-16
 2.3865001 7.1215433E-16
 2.387 7.0589635E-16
 2.3875 6.8739545E-16
 2.388 6.879996E-16
 2.3885002 6.981449E-16
 2.3890002 7.761601E-16
 2.3895001 7.355214E-16
 2.39 7.6665545E-16
 2.3905 7.846973E-16
 2.391 7.574199E-16
 2.3915 7.1608864E-16
 2.3920002 7.5825304E-16
 2.3925002 7.4576465E-16
 2.3930001 7.0553556E-16
 2.3935 7.2394826E-16
 2.394 7.6875874E-16
 2.3945 7.67651E-16
 2.395 7.6180714E-16
 2.3955002 7.120532E-16
 2.3960001 7.3878214E-16
 2.3965 7.0757977E-16
 2.397 7.103123E-16
 2.3975 7.6900035E-16
 2.398 7.2781597E-16
 2.3985002 7.07052E-16
 2.3990002 7.320159E-16
 2.3995001 7.182194E-16
 2.4 7.215683E-16
 2.4005 7.1646097E-16
 2.401 7.146819E-16
 2.4015 7.0163376E-16
 2.4020002 7.116714E-16
 2.4025002 7.2083907E-16
 2.403 6.8889396E-16
 2.4035 7.248888E-16
 2.404 7.122131E-16
 2.4045 7.144516E-16
 2.4050002 7.5363264E-16
 2.4055002 7.193621E-16
 2.4060001 7.058106E-16
 2.4065 7.139141E-16
 2.407 6.7654766E-16
 2.4075 6.8609235E-16
 2.408 6.993611E-16
 2.4085002 6.748589E-16
 2.4090002 6.7275544E-16
 2.4095001 6.745677E-16
 2.41 6.758813E-16
 2.4105 7.135939E-16
 2.411 7.2354216E-16
 2.4115002 6.9044737E-16
 2.4120002 6.751196E-16
 2.4125001 7.0286577E-16
 2.413 6.7678933E-16
 2.4135 6.5578985E-16
 2.414 6.3652557E-16
 2.4145 6.409883E-16
 2.4150002 7.424225E-16
 2.4155002 6.9428977E-16
 2.4160001 6.3550177E-16
 2.4165 7.0942186E-16
 2.417 6.8345564E-16
 2.4175 6.8094583E-16
 2.418 6.902599E-16
 2.4185002 6.187929E-16
 2.4190001 6.5429574E-16
 2.4195 7.21976E-16
 2.42 6.8385713E-16
 2.4205 6.9491414E-16
 2.421 7.225853E-16
 2.4215002 7.014781E-16
 2.4220002 6.537287E-16
 2.4225001 6.3978315E-16
 2.423 6.4954113E-16
 2.4235 6.494758E-16
 2.424 6.2329015E-16
 2.4245 6.797451E-16
 2.4250002 6.860828E-16
 2.4255002 6.7245146E-16
 2.426 6.350521E-16
 2.4265 6.0858047E-16
 2.427 6.488389E-16
 2.4275 6.672888E-16
 2.4280002 6.6411973E-16
 2.4285002 6.28119E-16
 2.4290001 6.43723E-16
 2.4295 6.645172E-16
 2.43 6.7808624E-16
 2.4305 6.6777293E-16
 2.431 6.522893E-16
 2.4315002 6.3383253E-16
 2.4320002 6.201617E-16
 2.4325001 6.5493043E-16
 2.433 6.5936507E-16
 2.4335 6.3934084E-16
 2.434 6.5139714E-16
 2.4345002 6.133163E-16
 2.4350002 5.760387E-16
 2.4355001 5.4998315E-16
 2.436 7.192764E-16
 2.4365 6.914002E-16
 2.437 7.047318E-16
 2.4375 6.1694333E-16
 2.4380002 6.068729E-16
 2.4385002 6.3606155E-16
 2.4390001 6.4342746E-16
 2.4395 6.7696133E-16
 2.44 6.487857E-16
 2.4405 6.3157926E-16
 2.441 6.539946E-16
 2.4415002 6.4561614E-16
 2.4420002 6.1981085E-16
 2.4425 6.1079053E-16
 2.443 6.0110143E-16
 2.4435 6.530022E-16
 2.444 6.3715057E-16
 2.4445002 5.8733196E-16
 2.4450002 5.7549234E-16
 2.4455001 6.0480376E-16
 2.446 5.9102343E-16
 2.4465 6.335626E-16
 2.447 7.038426E-16
 2.4475 6.2851507E-16
 2.4480002 6.768123E-16
 2.4485002 6.152086E-16
 2.4490001 6.1255247E-16
 2.4495 6.541831E-16
 2.45 5.908969E-16
 2.4505 5.998179E-16
 2.4510002 6.4767437E-16
 2.4515002 5.949451E-16
 2.4520001 7.166468E-16
 2.4525 6.2804375E-16
 2.453 6.21706E-16
 2.4535 5.5456443E-16
 2.454 5.687064E-16
 2.4545002 5.22002E-16
 2.4550002 5.232513E-16
 2.4555001 6.340811E-16
 2.456 6.3507317E-16
 2.4565 6.2223787E-16
 2.457 6.459847E-16
 2.4575 0.
 2.4580002 0.
 2.4585001 0.
 2.459 0.
 2.4595 0.
 2.46 0.
 2.4605 0.
 2.4610002 0.
 2.4615002 0.
 2.4620001 0.
 2.4625 0.
 2.463 0.
 2.4635 0.
 2.464 0.
 2.4645002 0.
 2.4650002 0.
 2.4655 0.
 2.466 0.
 2.4665 0.
 2.467 0.
 2.4675002 0.
 2.4680002 0.
 2.4685001 0.
 2.469 0.
 2.4695 0.
 2.47 0.
 2.4705 0.
 2.4710002 0.
 2.4715002 0.
 2.4720001 0.
 2.4725 0.
 2.473 0.
 2.4735 0.
 2.4740002 0.
 2.4745002 0.
 2.4750001 0.
 2.4755 0.
 2.476 0.
 2.4765 0.
 2.477 0.
 2.4775002 0.
 2.4780002 0.
 2.4785001 0.
 2.479 0.
 2.4795 0.
 2.48 0.
 2.4805 0.
 2.4810002 0.
 2.4815001 0.
 2.482 0.
 2.4825 0.
 2.483 0.
 2.4835 0.
 2.4840002 0.
 2.4845002 0.
 2.4850001 0.
 2.4855 0.
 2.486 0.
 2.4865 0.
 2.487 0.
 2.4875002 0.
 2.4880002 0.
 2.4885 0.
 2.489 0.
 2.4895 0.
 2.49 0.
 2.4905002 0.
 2.4910002 0.
 2.4915001 0.
 2.492 0.
 2.4925 0.
 2.493 0.
