 1.088035 0.
 1.08818 0.
 1.088325 0.
 1.08847 0.
 1.088615 0.
 1.08876 0.
 1.088905 0.
 1.08905 0.
 1.089195 0.
 1.08934 0.
 1.089485 0.
 1.08963 0.
 1.089775 0.
 1.08992 0.
 1.090065 0.
 1.09021 0.
 1.090355 0.
 1.0905 0.
 1.090645 0.
 1.09079 0.
 1.090935 0.
 1.09108 0.
 1.091225 0.
 1.09137 0.
 1.091515 0.
 1.09166 0.
 1.091805 0.
 1.09195 0.
 1.092095 0.
 1.09224 0.
 1.092385 0.
 1.09253 0.
 1.092675 0.
 1.09282 0.
 1.092965 0.
 1.09311 0.
 1.093255 0.
 1.0934 0.
 1.093545 0.
 1.09369 0.
 1.093835 0.
 1.09398 0.
 1.094125 0.
 1.09427 0.
 1.094415 0.
 1.09456 0.
 1.094705 0.
 1.09485 0.
 1.094995 0.
 1.09514 0.
 1.095285 0.
 1.09543 0.
 1.095575 0.
 1.09572 0.
 1.095865 0.
 1.09601 0.
 1.096155 0.
 1.0963 0.
 1.096445 0.
 1.09659 0.
 1.096735 0.
 1.09688 0.
 1.097025 0.
 1.09717 0.
 1.097315 0.
 1.09746 0.
 1.097605 0.
 1.09775 0.
 1.097895 0.
 1.09804 0.
 1.098185 0.
 1.09833 0.
 1.098475 0.
 1.09862 0.
 1.098765 0.
 1.09891 0.
 1.099055 0.
 1.0992 0.
 1.099345 0.
 1.09949 0.
 1.099635 8.052181E-16
 1.09978 9.146444E-16
 1.099925 7.2833234E-16
 1.10007 9.32325E-16
 1.100215 8.7237273E-16
 1.10036 8.657582E-16
 1.100505 8.011269E-16
 1.10065 8.524266E-16
 1.100795 8.954754E-16
 1.10094 7.997305E-16
 1.101085 7.9558824E-16
 1.10123 1.0398715E-15
 1.101375 8.6587874E-16
 1.10152 7.679836E-16
 1.101665 8.3095224E-16
 1.10181 9.971451E-16
 1.101955 9.834475E-16
 1.1021 7.539992E-16
 1.102245 7.795982E-16
 1.10239 7.602232E-16
 1.102535 9.459076E-16
 1.10268 8.6573295E-16
 1.102825 6.4480187E-16
 1.10297 1.0607259E-15
 1.103115 1.0922394E-15
 1.10326 1.0043004E-15
 1.103405 9.992478E-16
 1.10355 7.539289E-16
 1.103695 7.292572E-16
 1.10384 8.32147E-16
 1.103985 8.94892E-16
 1.10413 8.1111663E-16
 1.104275 8.263134E-16
 1.10442 7.259945E-16
 1.104565 8.7914783E-16
 1.10471 7.6674524E-16
 1.104855 7.2104167E-16
 1.105 8.088742E-16
 1.105145 7.534525E-16
 1.10529 8.390909E-16
 1.105435 7.796718E-16
 1.10558 6.059762E-16
 1.105725 7.813703E-16
 1.10587 7.9549496E-16
 1.106015 1.0792318E-15
 1.10616 6.2254185E-16
 1.106305 7.406699E-16
 1.10645 7.2171575E-16
 1.106595 7.858498E-16
 1.10674 5.9102894E-16
 1.106885 7.018029E-16
 1.10703 8.4315957E-16
 1.107175 8.707731E-16
 1.10732 8.3386524E-16
 1.107465 8.103408E-16
 1.10761 7.542788E-16
 1.107755 6.9133257E-16
 1.1079 7.808163E-16
 1.108045 7.136785E-16
 1.10819 7.721367E-16
 1.108335 8.3913616E-16
 1.10848 6.8695066E-16
 1.108625 7.421536E-16
 1.10877 8.502516E-16
 1.108915 7.78863E-16
 1.10906 6.2656287E-16
 1.109205 7.7888184E-16
 1.10935 9.301799E-16
 1.109495 7.0981536E-16
 1.10964 7.9815163E-16
 1.109785 7.884283E-16
 1.10993 6.862393E-16
 1.110075 5.819705E-16
 1.11022 6.8440664E-16
 1.110365 9.486132E-16
 1.11051 8.0598764E-16
 1.110655 8.0115346E-16
 1.1108 6.0296755E-16
 1.110945 7.754465E-16
 1.11109 7.867215E-16
 1.111235 9.629113E-16
 1.11138 6.738699E-16
 1.111525 7.4270803E-16
 1.11167 6.234E-16
 1.111815 9.376376E-16
 1.11196 9.472251E-16
 1.112105 8.4797257E-16
 1.11225 8.1104204E-16
 1.112395 8.6680243E-16
 1.11254 8.595762E-16
 1.112685 8.0030283E-16
 1.11283 7.5696973E-16
 1.112975 8.7116306E-16
 1.11312 8.530647E-16
 1.113265 5.961864E-16
 1.11341 7.5497174E-16
 1.113555 7.6323005E-16
 1.1137 6.679462E-16
 1.113845 8.039664E-16
 1.11399 6.2137273E-16
 1.114135 8.7499345E-16
 1.11428 7.5889303E-16
 1.114425 8.0337586E-16
 1.11457 8.8349983E-16
 1.114715 1.0653325E-15
 1.11486 8.5340105E-16
 1.115005 7.2387663E-16
 1.11515 9.199325E-16
 1.115295 6.731966E-16
 1.11544 8.1381565E-16
 1.115585 9.935178E-16
 1.11573 9.78571E-16
 1.115875 5.4344104E-16
 1.11602 7.7287145E-16
 1.116165 8.4310976E-16
 1.11631 7.6668033E-16
 1.116455 8.5227153E-16
 1.1166 5.021017E-16
 1.116745 1.0214238E-15
 1.11689 7.297167E-16
 1.117035 5.829652E-16
 1.11718 7.699831E-16
 1.117325 2.7925784E-16
 1.11747 4.4375905E-16
 1.117615 6.849693E-16
 1.11776 9.94029E-16
 1.117905 8.971132E-16
 1.11805 7.311739E-16
 1.118195 8.1790534E-16
 1.11834 7.223062E-16
 1.118485 6.3849444E-16
 1.11863 6.7409577E-16
 1.118775 7.632634E-16
 1.11892 6.4191127E-16
 1.119065 6.2082136E-16
 1.11921 1.1936006E-15
 1.119355 1.2838574E-15
 1.1195 5.6088537E-16
 1.119645 6.351297E-16
 1.11979 7.3841484E-16
 1.119935 7.178122E-16
 1.12008 3.5422296E-16
 1.120225 6.2771653E-16
 1.12037 6.758736E-16
 1.120515 5.6828325E-16
 1.12066 7.7747074E-16
 1.120805 4.91914E-16
 1.12095 1.0733518E-15
 1.121095 6.6975943E-16
 1.12124 7.095912E-16
 1.121385 6.0851064E-16
 1.12153 6.218073E-16
 1.121675 9.894932E-16
 1.12182 8.281922E-16
 1.121965 8.992365E-16
 1.12211 5.962728E-16
 1.122255 4.1302917E-16
 1.1224 6.7855216E-16
 1.122545 1.9804043E-15
 1.12269 1.4455222E-15
 1.122835 4.243426E-16
 1.12298 3.058267E-16
 1.123125 7.2702775E-16
 1.12327 7.3857144E-16
 1.123415 9.027599E-16
 1.12356 8.875733E-16
 1.123705 6.7615067E-16
 1.12385 1.0479974E-15
 1.123995 1.1489752E-15
 1.12414 9.514654E-16
 1.124285 4.9679123E-16
 1.12443 5.7061354E-16
 1.124575 8.0304965E-16
 1.12472 7.636344E-16
 1.124865 6.171707E-16
 1.12501 7.947105E-16
 1.125155 7.5868757E-16
 1.1253 6.245158E-16
 1.125445 9.365933E-16
 1.12559 1.1783645E-15
 1.125735 1.3568176E-16
 1.12588 1.1858203E-15
 1.126025 1.0434503E-15
 1.12617 7.741124E-16
 1.126315 1.238449E-15
 1.12646 1.6081685E-15
 1.126605 1.229865E-15
 1.12675 1.2701593E-15
 1.126895 1.2515901E-15
 1.12704 8.242194E-16
 1.127185 8.4920384E-16
 1.12733 8.798023E-16
 1.127475 8.93599E-16
 1.12762 8.529894E-16
 1.127765 6.0777144E-16
 1.12791 1.1831847E-15
 1.128055 9.472252E-16
 1.1282 1.0375314E-15
 1.128345 1.0181559E-15
 1.12849 9.074795E-16
 1.128635 7.9326457E-16
 1.12878 5.4818146E-16
 1.128925 9.85198E-16
 1.12907 9.770815E-16
 1.129215 1.1088254E-15
 1.12936 8.5825433E-16
 1.129505 1.4398861E-15
 1.12965 1.3562188E-15
 1.129795 1.1332418E-15
 1.12994 1.2652114E-15
 1.130085 1.1593192E-15
 1.13023 8.3076494E-16
 1.130375 9.083324E-16
 1.13052 5.890987E-16
 1.130665 6.901009E-16
 1.13081 7.5319377E-16
 1.130955 8.8054935E-16
 1.1311 7.146575E-16
 1.131245 8.4652563E-16
 1.13139 6.683351E-16
 1.131535 6.936339E-16
 1.13168 7.825014E-16
 1.131825 8.4592434E-16
 1.13197 9.342882E-16
 1.132115 8.7276194E-16
 1.13226 8.53526E-16
 1.132405 6.259392E-16
 1.13255 7.4603216E-16
 1.132695 5.7130556E-16
 1.13284 6.908323E-16
 1.132985 6.6720415E-16
 1.13313 7.5225557E-16
 1.133275 5.9995857E-16
 1.13342 4.663015E-16
 1.133565 3.6371915E-16
 1.13371 8.154987E-16
 1.133855 1.3104663E-15
 1.134 1.1075608E-15
 1.134145 6.1407734E-16
 1.13429 9.720909E-16
 1.134435 -1.753439E-16
 1.13458 -4.7592323E-17
 1.134725 1.1633075E-16
 1.13487 8.429421E-16
 1.135015 4.3948347E-15
 1.13516 1.1769113E-15
 1.135305 6.9219183E-16
 1.13545 6.5912324E-16
 1.135595 5.0628774E-16
 1.13574 6.260352E-16
 1.135885 6.27568E-16
 1.13603 8.107611E-16
 1.136175 8.467131E-16
 1.13632 8.127287E-16
 1.136465 6.629475E-16
 1.13661 7.039272E-16
 1.136755 6.1894815E-16
 1.1369 9.905933E-16
 1.137045 9.083101E-16
 1.13719 8.1984986E-16
 1.137335 7.133506E-16
 1.13748 6.0462144E-16
 1.137625 6.698416E-16
 1.13777 9.141996E-16
 1.137915 8.5706134E-16
 1.13806 7.6613564E-16
 1.138205 8.731118E-16
 1.13835 8.0615344E-16
 1.138495 7.145345E-16
 1.13864 7.5236574E-16
 1.138785 6.1584865E-16
 1.13893 6.913122E-16
 1.139075 6.790444E-16
 1.13922 7.369432E-16
 1.139365 7.038499E-16
 1.13951 6.7040884E-16
 1.139655 5.5468715E-16
 1.1398 8.871076E-16
 1.139945 8.7779665E-16
 1.14009 5.7133267E-16
 1.140235 8.674992E-16
 1.14038 7.126944E-16
 1.140525 6.775207E-16
 1.14067 6.828193E-16
 1.140815 4.7955337E-16
 1.14096 5.4781967E-16
 1.141105 6.2089246E-16
 1.14125 8.522862E-16
 1.141395 7.4834064E-16
 1.14154 8.942891E-16
 1.141685 7.892337E-16
 1.14183 9.210032E-16
 1.141975 4.556067E-16
 1.14212 7.6485794E-16
 1.142265 7.454251E-16
 1.14241 8.5194876E-16
 1.142555 1.0623844E-15
 1.1427 1.1230251E-15
 1.142845 8.916949E-16
 1.14299 8.4817025E-16
 1.143135 8.3405767E-16
 1.14328 8.009735E-16
 1.143425 8.4232397E-16
 1.14357 6.415165E-16
 1.143715 6.9712754E-16
 1.14386 5.58223E-16
 1.144005 6.5274635E-16
 1.14415 6.751426E-16
 1.144295 7.315821E-16
 1.14444 1.0115527E-15
 1.144585 9.157077E-16
 1.14473 4.5668417E-16
 1.144875 5.4727487E-16
 1.14502 8.2139945E-16
 1.145165 5.0218016E-16
 1.14531 6.7332857E-16
 1.145455 9.481608E-16
 1.1456 1.1121459E-15
 1.145745 9.655962E-16
 1.14589 9.385958E-16
 1.146035 6.369324E-16
 1.14618 6.901116E-16
 1.146325 8.154568E-16
 1.14647 6.0637723E-16
 1.146615 6.9928817E-16
 1.14676 1.0755848E-15
 1.146905 1.3909741E-15
 1.14705 5.8515736E-16
 1.147195 1.1209804E-15
 1.14734 1.2325889E-15
 1.147485 4.5866606E-16
 1.14763 7.2553004E-16
 1.147775 9.221151E-16
 1.14792 8.916684E-16
 1.148065 7.987279E-16
 1.14821 7.3411334E-16
 1.148355 9.08093E-16
 1.1485 9.384832E-16
 1.148645 9.49633E-16
 1.14879 9.292959E-16
 1.148935 8.5943303E-16
 1.14908 7.8855554E-16
 1.149225 7.0920306E-16
 1.14937 9.17629E-16
 1.149515 7.3480325E-16
 1.14966 5.7994345E-16
 1.149805 6.0175523E-16
 1.14995 8.507551E-16
 1.150095 9.995733E-16
 1.15024 7.269725E-16
 1.150385 7.6201535E-16
 1.15053 6.0617616E-16
 1.150675 8.4873453E-16
 1.15082 8.1975187E-16
 1.150965 7.262059E-16
 1.15111 9.321546E-16
 1.151255 8.0730234E-16
 1.1514 8.3566693E-16
 1.151545 8.981491E-16
 1.15169 8.230472E-16
 1.151835 9.129396E-16
 1.15198 8.433739E-16
 1.152125 9.302101E-16
 1.15227 7.6044765E-16
 1.152415 7.893617E-16
 1.15256 7.94733E-16
 1.152705 8.209199E-16
 1.15285 7.478506E-16
 1.152995 7.530595E-16
 1.15314 8.2082914E-16
 1.153285 8.818227E-16
 1.15343 8.4189723E-16
 1.153575 7.765354E-16
 1.15372 6.953039E-16
 1.153865 9.000064E-16
 1.15401 6.669497E-16
 1.154155 7.275009E-16
 1.1543 5.381447E-16
 1.154445 8.5440573E-16
 1.15459 8.379107E-16
 1.154735 8.1185006E-16
 1.15488 7.9182286E-16
 1.155025 8.320498E-16
 1.15517 9.603805E-16
 1.155315 8.4073293E-16
 1.15546 8.682091E-16
 1.155605 9.42832E-16
 1.15575 8.1302283E-16
 1.155895 9.219286E-16
 1.15604 8.7250397E-16
 1.156185 7.9893476E-16
 1.15633 8.6926926E-16
 1.156475 9.358663E-16
 1.15662 9.753038E-16
 1.156765 8.297149E-16
 1.15691 7.794871E-16
 1.157055 8.6856955E-16
 1.1572 8.842662E-16
 1.157345 8.974809E-16
 1.15749 8.759124E-16
 1.157635 8.2998493E-16
 1.15778 8.173323E-16
 1.157925 9.47975E-16
 1.15807 9.223652E-16
 1.158215 8.259465E-16
 1.15836 7.3746955E-16
 1.158505 8.4015684E-16
 1.15865 8.217861E-16
 1.158795 8.043894E-16
 1.15894 8.418516E-16
 1.159085 8.4188495E-16
 1.15923 6.484653E-16
 1.159375 7.9759264E-16
 1.15952 8.071913E-16
 1.159665 8.7271065E-16
 1.15981 7.619043E-16
 1.159955 6.454944E-16
 1.1601 8.382026E-16
 1.160245 8.5512185E-16
 1.16039 8.121496E-16
 1.160535 7.3320294E-16
 1.16068 8.809359E-16
 1.160825 8.5342286E-16
 1.16097 8.169301E-16
 1.161115 8.6219113E-16
 1.16126 8.615001E-16
 1.161405 8.706481E-16
 1.16155 7.788191E-16
 1.161695 8.026549E-16
 1.16184 9.081077E-16
 1.161985 8.380352E-16
 1.16213 7.915303E-16
 1.162275 8.1959654E-16
 1.16242 9.461665E-16
 1.162565 8.421889E-16
 1.16271 7.490483E-16
 1.162855 8.3659946E-16
 1.163 9.044055E-16
 1.163145 8.5920624E-16
 1.16329 8.3509E-16
 1.163435 8.195742E-16
 1.16358 8.4467486E-16
 1.163725 8.5523884E-16
 1.16387 9.12718E-16
 1.164015 8.4498154E-16
 1.16416 7.463568E-16
 1.164305 6.829208E-16
 1.16445 8.327319E-16
 1.164595 9.147173E-16
 1.16474 8.040346E-16
 1.164885 8.66615E-16
 1.16503 8.6800665E-16
 1.165175 8.6229436E-16
 1.16532 8.5132275E-16
 1.165465 8.0219727E-16
 1.16561 8.8766655E-16
 1.165755 7.238102E-16
 1.1659 7.578598E-16
 1.166045 8.608504E-16
 1.16619 8.746485E-16
 1.166335 8.022876E-16
 1.16648 8.788914E-16
 1.166625 9.021303E-16
 1.16677 8.4120044E-16
 1.166915 9.35162E-16
 1.16706 9.564282E-16
 1.167205 8.633279E-16
 1.16735 8.4900585E-16
 1.167495 8.498879E-16
 1.16764 7.8703215E-16
 1.167785 8.4428607E-16
 1.16793 8.799729E-16
 1.168075 8.3926036E-16
 1.16822 8.29411E-16
 1.168365 8.2859336E-16
 1.16851 7.9045485E-16
 1.168655 7.570905E-16
 1.1688 7.498034E-16
 1.168945 8.916938E-16
 1.16909 7.438124E-16
 1.169235 7.642257E-16
 1.16938 7.0741926E-16
 1.169525 6.769368E-16
 1.16967 7.5651175E-16
 1.169815 6.983651E-16
 1.16996 6.601129E-16
 1.170105 8.125274E-16
 1.17025 8.660762E-16
 1.170395 6.6996087E-16
 1.17054 8.1243313E-16
 1.170685 8.073197E-16
 1.17083 7.9215723E-16
 1.170975 8.139786E-16
 1.17112 8.008042E-16
 1.171265 8.333656E-16
 1.17141 9.500071E-16
 1.171555 7.548178E-16
 1.1717 7.9614866E-16
 1.171845 8.175536E-16
 1.17199 8.1636464E-16
 1.172135 8.854049E-16
 1.17228 8.392364E-16
 1.172425 7.9335223E-16
 1.17257 8.4010263E-16
 1.172715 9.437569E-16
 1.17286 8.991626E-16
 1.173005 7.9803384E-16
 1.17315 7.3248614E-16
 1.173295 8.3860396E-16
 1.17344 7.7105144E-16
 1.173585 8.4683506E-16
 1.17373 7.100631E-16
 1.173875 7.041893E-16
 1.17402 7.4559323E-16
 1.174165 8.91917E-16
 1.17431 7.5658873E-16
 1.174455 7.6093417E-16
 1.1746 7.0579703E-16
 1.174745 7.401962E-16
 1.17489 8.834014E-16
 1.175035 7.7457627E-16
 1.17518 7.986288E-16
 1.175325 8.110192E-16
 1.17547 8.146055E-16
 1.175615 7.1633185E-16
 1.17576 9.04753E-16
 1.175905 8.8810955E-16
 1.17605 8.197897E-16
 1.176195 9.137359E-16
 1.17634 8.3285023E-16
 1.176485 8.037167E-16
 1.17663 7.989257E-16
 1.176775 7.716535E-16
 1.17692 8.252263E-16
 1.177065 7.1210293E-16
 1.17721 7.9304894E-16
 1.177355 7.8075797E-16
 1.1775 6.4109817E-16
 1.177645 5.558066E-16
 1.17779 6.6024334E-16
 1.177935 6.970475E-16
 1.17808 6.069643E-16
 1.178225 6.348167E-16
 1.17837 6.7780503E-16
 1.178515 7.443543E-16
 1.17866 8.3441284E-16
 1.178805 7.6897325E-16
 1.17895 7.8705163E-16
 1.179095 8.158331E-16
 1.17924 7.683363E-16
 1.179385 7.6665534E-16
 1.17953 8.806979E-16
 1.179675 7.828087E-16
 1.17982 7.310239E-16
 1.179965 7.8512093E-16
 1.18011 8.524537E-16
 1.180255 8.226952E-16
 1.1804 7.8388717E-16
 1.180545 7.9298457E-16
 1.18069 7.719219E-16
 1.180835 7.310532E-16
 1.18098 7.8803943E-16
 1.181125 7.65694E-16
 1.18127 7.8685194E-16
 1.181415 7.366335E-16
 1.18156 7.099938E-16
 1.181705 6.604736E-16
 1.18185 8.2832315E-16
 1.181995 7.592781E-16
 1.18214 8.2717204E-16
 1.182285 7.4052597E-16
 1.18243 7.452738E-16
 1.182575 9.149195E-16
 1.18272 8.671331E-16
 1.182865 7.4974253E-16
 1.18301 7.831558E-16
 1.183155 8.0972607E-16
 1.1833 7.9221975E-16
 1.183445 7.878497E-16
 1.18359 8.00737E-16
 1.183735 7.700695E-16
 1.18388 7.4719254E-16
 1.184025 7.158481E-16
 1.18417 7.704906E-16
 1.184315 8.4027707E-16
 1.18446 7.702285E-16
 1.184605 8.101322E-16
 1.18475 7.8208124E-16
 1.184895 6.53689E-16
 1.18504 7.4526517E-16
 1.185185 7.7027244E-16
 1.18533 8.1868593E-16
 1.185475 7.7380557E-16
 1.18562 7.617245E-16
 1.185765 7.5775043E-16
 1.18591 7.5324295E-16
 1.186055 7.668563E-16
 1.1862 7.9693037E-16
 1.186345 7.638719E-16
 1.18649 7.243231E-16
 1.186635 7.6901E-16
 1.18678 6.499556E-16
 1.186925 7.2734396E-16
 1.18707 7.3035765E-16
 1.187215 8.7862733E-16
 1.18736 7.43591E-16
 1.187505 8.5420313E-16
 1.18765 7.37091E-16
 1.187795 7.5249544E-16
 1.18794 7.041182E-16
 1.188085 7.1251395E-16
 1.18823 8.311812E-16
 1.188375 6.904756E-16
 1.18852 7.682122E-16
 1.188665 7.330353E-16
 1.18881 6.990841E-16
 1.188955 7.447009E-16
 1.1891 6.657247E-16
 1.189245 7.5156783E-16
 1.18939 6.8869634E-16
 1.189535 6.961661E-16
 1.18968 7.691393E-16
 1.189825 8.709738E-16
 1.18997 7.722834E-16
 1.190115 7.763666E-16
 1.19026 8.2129643E-16
 1.190405 8.27328E-16
 1.19055 8.533432E-16
 1.190695 8.007153E-16
 1.19084 6.2428896E-16
 1.190985 7.701933E-16
 1.19113 7.8430545E-16
 1.191275 8.4214276E-16
 1.19142 8.4594276E-16
 1.191565 7.825904E-16
 1.19171 7.5051275E-16
 1.191855 8.347308E-16
 1.192 8.470969E-16
 1.192145 7.1330815E-16
 1.19229 8.238881E-16
 1.192435 7.501593E-16
 1.19258 7.6137573E-16
 1.192725 7.5816543E-16
 1.19287 7.554659E-16
 1.193015 8.4219406E-16
 1.19316 7.70477E-16
 1.193305 7.936282E-16
 1.19345 8.557273E-16
 1.193595 8.1070524E-16
 1.19374 7.1421665E-16
 1.193885 7.0991483E-16
 1.19403 7.898978E-16
 1.194175 7.830883E-16
 1.19432 7.137157E-16
 1.194465 8.305896E-16
 1.19461 7.685659E-16
 1.194755 8.2246825E-16
 1.1949 8.4802906E-16
 1.195045 7.6794643E-16
 1.19519 7.5093256E-16
 1.195335 8.372149E-16
 1.19548 7.7148756E-16
 1.195625 7.4915136E-16
 1.19577 6.9889297E-16
 1.195915 7.268816E-16
 1.19606 6.4898754E-16
 1.196205 6.894475E-16
 1.19635 6.901121E-16
 1.196495 6.5176364E-16
 1.19664 7.2437914E-16
 1.196785 6.00674E-16
 1.19693 6.6263276E-16
 1.197075 6.7612817E-16
 1.19722 7.1224057E-16
 1.197365 6.612604E-16
 1.19751 6.5272184E-16
 1.197655 7.1987885E-16
 1.1978 8.098531E-16
 1.197945 6.381566E-16
 1.19809 6.057501E-16
 1.198235 7.160949E-16
 1.19838 6.978862E-16
 1.198525 6.389998E-16
 1.19867 6.805999E-16
 1.198815 5.6039186E-16
 1.19896 6.172502E-16
 1.199105 7.6628434E-16
 1.19925 8.424088E-16
 1.199395 7.651613E-16
 1.19954 7.393486E-16
 1.199685 6.976976E-16
 1.19983 7.452401E-16
 1.199975 6.8157284E-16
 1.20012 6.0498894E-16
 1.200265 7.5444055E-16
 1.20041 7.4181526E-16
 1.200555 7.734308E-16
 1.2007 8.0999034E-16
 1.200845 6.961339E-16
 1.20099 7.0938025E-16
 1.201135 6.9073324E-16
 1.20128 5.869377E-16
 1.201425 6.597081E-16
 1.20157 6.9441757E-16
 1.201715 6.874527E-16
 1.20186 6.6794445E-16
 1.202005 7.4172743E-16
 1.20215 7.3653586E-16
 1.202295 7.4892266E-16
 1.20244 7.4767514E-16
 1.202585 7.0631976E-16
 1.20273 6.604227E-16
 1.202875 6.4072177E-16
 1.20302 5.950974E-16
 1.203165 6.476892E-16
 1.20331 7.1278135E-16
 1.203455 8.008021E-16
 1.2036 7.619795E-16
 1.203745 7.0886154E-16
 1.20389 7.113459E-16
 1.204035 7.845239E-16
 1.20418 8.132944E-16
 1.204325 8.1760554E-16
 1.20447 7.501362E-16
 1.204615 7.283694E-16
 1.20476 8.0228785E-16
 1.204905 7.136785E-16
 1.20505 7.41009E-16
 1.205195 8.217548E-16
 1.20534 7.7550483E-16
 1.205485 6.6178377E-16
 1.20563 7.969788E-16
 1.205775 8.4346837E-16
 1.20592 7.036467E-16
 1.206065 6.555047E-16
 1.20621 7.9489823E-16
 1.206355 8.160276E-16
 1.2065 9.140564E-16
 1.206645 8.218863E-16
 1.20679 8.4370315E-16
 1.206935 8.055068E-16
 1.20708 6.947784E-16
 1.207225 6.7557654E-16
 1.20737 6.727708E-16
 1.207515 7.2748314E-16
 1.20766 7.185865E-16
 1.207805 8.242564E-16
 1.20795 8.1316275E-16
 1.208095 7.988638E-16
 1.20824 8.081225E-16
 1.208385 7.9366865E-16
 1.20853 7.75223E-16
 1.208675 7.196443E-16
 1.20882 8.002903E-16
 1.208965 7.827622E-16
 1.20911 7.983242E-16
 1.209255 7.512149E-16
 1.2094 7.671373E-16
 1.209545 7.315554E-16
 1.20969 7.0943514E-16
 1.209835 7.180662E-16
 1.20998 7.1245794E-16
 1.210125 7.3402636E-16
 1.21027 7.815241E-16
 1.210415 8.2332127E-16
 1.21056 7.8112055E-16
 1.210705 7.563121E-16
 1.21085 7.8856375E-16
 1.210995 7.939472E-16
 1.21114 7.673054E-16
 1.211285 7.1567005E-16
 1.21143 7.6514874E-16
 1.211575 7.30851E-16
 1.21172 5.937334E-16
 1.211865 7.11946E-16
 1.21201 7.387038E-16
 1.212155 7.6428566E-16
 1.2123 7.422331E-16
 1.212445 7.6611075E-16
 1.21259 7.781832E-16
 1.212735 7.1621755E-16
 1.21288 7.0655004E-16
 1.213025 8.6762014E-16
 1.21317 8.210851E-16
 1.213315 7.003679E-16
 1.21346 7.188262E-16
 1.213605 7.1601966E-16
 1.21375 6.8336056E-16
 1.213895 7.9260055E-16
 1.21404 8.4818586E-16
 1.214185 8.6787186E-16
 1.21433 8.063428E-16
 1.214475 7.511295E-16
 1.21462 8.6429193E-16
 1.214765 8.2811484E-16
 1.21491 7.8252456E-16
 1.215055 8.204877E-16
 1.2152 8.268469E-16
 1.215345 8.1838635E-16
 1.21549 8.092139E-16
 1.215635 8.6696623E-16
 1.21578 8.8008264E-16
 1.215925 8.1559876E-16
 1.21607 8.1176043E-16
 1.216215 7.6805856E-16
 1.21636 7.519079E-16
 1.216505 8.421608E-16
 1.21665 8.250906E-16
 1.216795 9.024612E-16
 1.21694 8.5673915E-16
 1.217085 8.3910774E-16
 1.21723 7.989943E-16
 1.217375 8.14823E-16
 1.21752 8.6977403E-16
 1.217665 7.6594405E-16
 1.21781 8.0976884E-16
 1.217955 8.4370114E-16
 1.2181 7.875184E-16
 1.218245 7.8389686E-16
 1.21839 8.331945E-16
 1.218535 8.7875385E-16
 1.21868 8.8379974E-16
 1.218825 8.5357707E-16
 1.21897 8.2012975E-16
 1.219115 8.151451E-16
 1.21926 7.844401E-16
 1.219405 7.6715785E-16
 1.21955 8.0498745E-16
 1.219695 8.421147E-16
 1.21984 7.6316356E-16
 1.219985 7.7789897E-16
 1.22013 8.570345E-16
 1.220275 8.309191E-16
 1.22042 8.5907447E-16
 1.220565 7.8975335E-16
 1.22071 7.473644E-16
 1.220855 8.4798406E-16
 1.221 8.0493075E-16
 1.221145 9.287409E-16
 1.22129 8.564666E-16
 1.221435 8.2488907E-16
 1.22158 8.5214686E-16
 1.221725 7.7400404E-16
 1.22187 7.7994577E-16
 1.222015 8.297455E-16
 1.22216 8.2974135E-16
 1.222305 8.338643E-16
 1.22245 8.241643E-16
 1.222595 8.296793E-16
 1.22274 7.4692964E-16
 1.222885 8.017334E-16
 1.22303 8.371119E-16
 1.223175 7.5857253E-16
 1.22332 7.489505E-16
 1.223465 7.8049793E-16
 1.22361 7.8382253E-16
 1.223755 8.1103103E-16
 1.2239 8.650235E-16
 1.224045 8.5307886E-16
 1.22419 8.2202017E-16
 1.224335 9.027994E-16
 1.22448 8.815754E-16
 1.224625 8.625186E-16
 1.22477 8.921872E-16
 1.224915 8.6945926E-16
 1.22506 8.575642E-16
 1.225205 7.744864E-16
 1.22535 7.721821E-16
 1.225495 7.7904574E-16
 1.22564 8.619743E-16
 1.225785 8.5985136E-16
 1.22593 8.3551303E-16
 1.226075 7.9168967E-16
 1.22622 8.0778695E-16
 1.226365 8.717078E-16
 1.22651 8.583031E-16
 1.226655 8.116046E-16
 1.2268 8.609248E-16
 1.226945 9.167856E-16
 1.22709 8.6076325E-16
 1.227235 8.3342743E-16
 1.22738 8.4304565E-16
 1.227525 9.120948E-16
 1.22767 8.45669E-16
 1.227815 8.8102814E-16
 1.22796 8.2427095E-16
 1.228105 8.5832644E-16
 1.22825 8.550652E-16
 1.228395 9.293899E-16
 1.22854 8.05979E-16
 1.228685 8.102296E-16
 1.22883 7.877921E-16
 1.228975 7.268476E-16
 1.22912 8.3903987E-16
 1.229265 7.854403E-16
 1.22941 7.8319615E-16
 1.229555 7.6162513E-16
 1.2297 7.3557786E-16
 1.229845 8.3538074E-16
 1.22999 8.71288E-16
 1.230135 8.516512E-16
 1.23028 8.675153E-16
 1.230425 9.006167E-16
 1.23057 8.2198894E-16
 1.230715 9.171706E-16
 1.23086 8.8132444E-16
 1.231005 8.8770996E-16
 1.23115 8.553248E-16
 1.231295 8.6174935E-16
 1.23144 8.2958026E-16
 1.231585 8.4372115E-16
 1.23173 8.441593E-16
 1.231875 8.76656E-16
 1.23202 8.638758E-16
 1.232165 8.4443653E-16
 1.23231 8.4781905E-16
 1.232455 8.4814854E-16
 1.2326 8.113816E-16
 1.232745 7.331087E-16
 1.23289 7.7211707E-16
 1.233035 7.5099445E-16
 1.23318 7.69829E-16
 1.233325 8.341366E-16
 1.23347 8.149435E-16
 1.233615 7.896201E-16
 1.23376 7.888094E-16
 1.233905 8.8809875E-16
 1.23405 8.513094E-16
 1.234195 8.400531E-16
 1.23434 8.125226E-16
 1.234485 8.055222E-16
 1.23463 8.4300716E-16
 1.234775 7.964072E-16
 1.23492 8.2124715E-16
 1.235065 7.7725496E-16
 1.23521 7.6558173E-16
 1.235355 7.479329E-16
 1.2355 7.915169E-16
 1.235645 8.1509986E-16
 1.23579 8.615278E-16
 1.235935 8.653047E-16
 1.23608 8.336538E-16
 1.236225 7.8730733E-16
 1.23637 8.2788767E-16
 1.236515 8.818719E-16
 1.23666 9.298099E-16
 1.236805 8.788706E-16
 1.23695 7.9935325E-16
 1.237095 8.3138576E-16
 1.23724 9.114952E-16
 1.237385 8.489177E-16
 1.23753 8.664292E-16
 1.237675 8.244453E-16
 1.23782 8.6659846E-16
 1.237965 8.937429E-16
 1.23811 8.414636E-16
 1.238255 8.508179E-16
 1.2384 8.0932855E-16
 1.238545 8.067459E-16
 1.23869 8.6442005E-16
 1.238835 8.4185313E-16
 1.23898 7.9541354E-16
 1.239125 8.232211E-16
 1.23927 8.6407303E-16
 1.239415 8.5343075E-16
 1.23956 8.186621E-16
 1.239705 7.702938E-16
 1.23985 7.440636E-16
 1.239995 7.6179136E-16
 1.24014 7.23705E-16
 1.240285 7.883796E-16
 1.24043 7.601065E-16
 1.240575 7.9771493E-16
 1.24072 8.454526E-16
 1.240865 8.313855E-16
 1.24101 8.3400913E-16
 1.241155 8.433397E-16
 1.2413 8.0435943E-16
 1.241445 8.133517E-16
 1.24159 8.340968E-16
 1.241735 8.1555355E-16
 1.24188 7.929257E-16
 1.242025 7.338401E-16
 1.24217 7.5585827E-16
 1.242315 8.0178683E-16
 1.24246 7.6077545E-16
 1.242605 7.219855E-16
 1.24275 7.266242E-16
 1.242895 7.747877E-16
 1.24304 7.41863E-16
 1.243185 7.598612E-16
 1.24333 8.040596E-16
 1.243475 7.3867197E-16
 1.24362 6.849411E-16
 1.243765 7.3191164E-16
 1.24391 7.1304245E-16
 1.244055 7.2359357E-16
 1.2442 6.8801283E-16
 1.244345 7.8007637E-16
 1.24449 7.3889283E-16
 1.244635 7.3333455E-16
 1.24478 7.8144623E-16
 1.244925 8.648808E-16
 1.24507 8.640852E-16
 1.245215 8.3838374E-16
 1.24536 8.252156E-16
 1.245505 7.978962E-16
 1.24565 8.2891555E-16
 1.245795 7.6746807E-16
 1.24594 7.528816E-16
 1.246085 8.111332E-16
 1.24623 8.13063E-16
 1.246375 8.2041975E-16
 1.24652 7.1260665E-16
 1.246665 7.2749516E-16
 1.24681 6.9133405E-16
 1.246955 7.593371E-16
 1.2471 7.9351873E-16
 1.247245 8.049238E-16
 1.24739 7.572499E-16
 1.247535 8.003587E-16
 1.24768 8.0571563E-16
 1.247825 8.2301623E-16
 1.24797 8.2242606E-16
 1.248115 7.6394336E-16
 1.24826 7.8935027E-16
 1.248405 7.4767286E-16
 1.24855 7.53129E-16
 1.248695 7.772137E-16
 1.24884 8.0280046E-16
 1.248985 8.1204556E-16
 1.24913 7.436223E-16
 1.249275 8.270297E-16
 1.24942 8.366391E-16
 1.249565 8.545721E-16
 1.24971 8.1016965E-16
 1.249855 7.7688676E-16
 1.25 7.8639725E-16
 1.250145 7.991621E-16
 1.25029 7.4305166E-16
 1.250435 8.108061E-16
 1.25058 9.032958E-16
 1.250725 8.5562313E-16
 1.25087 8.950678E-16
 1.251015 8.6126045E-16
 1.25116 8.041327E-16
 1.251305 8.22257E-16
 1.25145 8.3539334E-16
 1.251595 7.995771E-16
 1.25174 7.481263E-16
 1.251885 8.4840085E-16
 1.25203 7.957705E-16
 1.252175 7.6380857E-16
 1.25232 7.8358097E-16
 1.252465 6.9022264E-16
 1.25261 6.9684914E-16
 1.252755 6.8438584E-16
 1.2529 7.756118E-16
 1.253045 7.2986823E-16
 1.25319 7.783354E-16
 1.253335 7.7343685E-16
 1.25348 8.086498E-16
 1.253625 7.972303E-16
 1.25377 8.315994E-16
 1.253915 9.015782E-16
 1.25406 8.2916346E-16
 1.254205 8.981058E-16
 1.25435 9.008616E-16
 1.254495 8.6014946E-16
 1.25464 8.6511715E-16
 1.254785 8.369605E-16
 1.25493 8.37324E-16
 1.255075 8.3510964E-16
 1.25522 8.2557707E-16
 1.255365 7.82922E-16
 1.25551 7.600031E-16
 1.255655 8.7552613E-16
 1.2558 8.4211894E-16
 1.255945 8.1287656E-16
 1.25609 8.366351E-16
 1.256235 8.331858E-16
 1.25638 8.6474557E-16
 1.256525 8.925511E-16
 1.25667 1.02595E-15
 1.256815 8.731395E-16
 1.25696 8.8000175E-16
 1.257105 8.450611E-16
 1.25725 7.82612E-16
 1.257395 7.905354E-16
 1.25754 8.0790437E-16
 1.257685 8.4669207E-16
 1.25783 8.662145E-16
 1.257975 7.4477283E-16
 1.25812 8.2013187E-16
 1.258265 8.7465294E-16
 1.25841 8.4795134E-16
 1.258555 9.140789E-16
 1.2587 8.561161E-16
 1.258845 8.213697E-16
 1.25899 8.503619E-16
 1.259135 8.2417555E-16
 1.25928 8.218329E-16
 1.259425 7.595653E-16
 1.25957 8.297222E-16
 1.259715 7.280955E-16
 1.25986 7.4273995E-16
 1.260005 7.597874E-16
 1.26015 8.90005E-16
 1.260295 8.920716E-16
 1.26044 6.7808836E-16
 1.260585 6.734129E-16
 1.26073 7.3153656E-16
 1.260875 8.3622613E-16
 1.26102 9.177412E-16
 1.261165 7.5710796E-16
 1.26131 8.554295E-16
 1.261455 8.185449E-16
 1.2616 8.478277E-16
 1.261745 7.900538E-16
 1.26189 8.3988505E-16
 1.262035 8.188417E-16
 1.26218 7.643049E-16
 1.262325 8.099215E-16
 1.26247 8.315935E-16
 1.262615 7.8387E-16
 1.26276 8.3529344E-16
 1.262905 8.28682E-16
 1.26305 8.512497E-16
 1.263195 8.28694E-16
 1.26334 8.407243E-16
 1.263485 8.7288333E-16
 1.26363 9.114868E-16
 1.263775 8.716811E-16
 1.26392 8.238537E-16
 1.264065 7.971458E-16
 1.26421 8.0400563E-16
 1.264355 8.2669717E-16
 1.2645 8.4956526E-16
 1.264645 8.031314E-16
 1.26479 7.558003E-16
 1.264935 8.324893E-16
 1.26508 8.620545E-16
 1.265225 8.490022E-16
 1.26537 7.974873E-16
 1.265515 7.870162E-16
 1.26566 8.233732E-16
 1.265805 8.862401E-16
 1.26595 8.4797384E-16
 1.266095 8.2425104E-16
 1.26624 8.8776586E-16
 1.266385 8.408278E-16
 1.26653 7.2671096E-16
 1.266675 8.215559E-16
 1.26682 7.502831E-16
 1.266965 7.8579495E-16
 1.26711 7.753673E-16
 1.267255 8.245986E-16
 1.2674 7.9254226E-16
 1.267545 8.258756E-16
 1.26769 8.7592106E-16
 1.267835 8.1481817E-16
 1.26798 8.351545E-16
 1.268125 7.1981527E-16
 1.26827 7.658365E-16
 1.268415 8.1517445E-16
 1.26856 7.59978E-16
 1.268705 6.0817045E-16
 1.26885 7.025619E-16
 1.268995 6.955058E-16
 1.26914 8.7452764E-16
 1.269285 8.2079907E-16
 1.26943 7.7923405E-16
 1.269575 8.2609053E-16
 1.26972 8.0664906E-16
 1.269865 7.9877314E-16
 1.27001 7.7693107E-16
 1.270155 7.9280113E-16
 1.2703 9.368003E-16
 1.270445 8.8468065E-16
 1.27059 8.1971513E-16
 1.270735 8.2318775E-16
 1.27088 8.1546715E-16
 1.271025 7.935792E-16
 1.27117 8.021046E-16
 1.271315 8.0154357E-16
 1.27146 8.081488E-16
 1.271605 8.518748E-16
 1.27175 8.6510805E-16
 1.271895 7.855869E-16
 1.27204 8.098171E-16
 1.272185 8.38007E-16
 1.27233 7.684595E-16
 1.272475 8.132947E-16
 1.27262 7.7245503E-16
 1.272765 7.3331126E-16
 1.27291 8.6016805E-16
 1.273055 8.2087265E-16
 1.2732 8.606273E-16
 1.273345 8.937203E-16
 1.27349 8.2664195E-16
 1.273635 8.2226263E-16
 1.27378 8.218383E-16
 1.273925 8.0917814E-16
 1.27407 8.435656E-16
 1.274215 8.179461E-16
 1.27436 7.777917E-16
 1.274505 8.4264675E-16
 1.27465 8.4225065E-16
 1.274795 8.2251023E-16
 1.27494 8.5245835E-16
 1.275085 8.675598E-16
 1.27523 9.016804E-16
 1.275375 8.2804586E-16
 1.27552 8.696177E-16
 1.275665 8.549507E-16
 1.27581 7.520277E-16
 1.275955 7.911097E-16
 1.2761 8.4158435E-16
 1.276245 8.481801E-16
 1.27639 6.9207965E-16
 1.276535 7.8102515E-16
 1.27668 8.7773794E-16
 1.276825 8.787046E-16
 1.27697 8.541389E-16
 1.277115 8.728666E-16
 1.27726 8.625579E-16
 1.277405 7.898876E-16
 1.27755 8.8227704E-16
 1.277695 9.405433E-16
 1.27784 8.998255E-16
 1.277985 8.430769E-16
 1.27813 8.3973623E-16
 1.278275 7.2685517E-16
 1.27842 8.5285254E-16
 1.278565 7.6329035E-16
 1.27871 7.04174E-16
 1.278855 8.5944415E-16
 1.279 8.68257E-16
 1.279145 8.7480107E-16
 1.27929 9.139279E-16
 1.279435 9.226124E-16
 1.27958 9.098193E-16
 1.279725 9.179627E-16
 1.27987 9.265563E-16
 1.280015 8.247012E-16
 1.28016 8.7946303E-16
 1.280305 9.436004E-16
 1.28045 8.358372E-16
 1.280595 7.5617755E-16
 1.28074 7.9761043E-16
 1.280885 8.1162363E-16
 1.28103 8.235921E-16
 1.281175 8.3814524E-16
 1.28132 7.9088096E-16
 1.281465 8.5492544E-16
 1.28161 9.524788E-16
 1.281755 9.416861E-16
 1.2819 1.0008739E-15
 1.282045 1.1425333E-15
 1.28219 1.2074922E-15
 1.282335 1.165779E-15
 1.28248 1.1280666E-15
 1.282625 1.0946775E-15
 1.28277 1.0379677E-15
 1.282915 1.0006554E-15
 1.28306 9.527579E-16
 1.283205 8.931362E-16
 1.28335 7.8231434E-16
 1.283495 8.6426324E-16
 1.28364 8.840765E-16
 1.283785 8.4602355E-16
 1.28393 8.2419154E-16
 1.284075 8.815158E-16
 1.28422 8.682498E-16
 1.284365 8.968249E-16
 1.28451 9.175148E-16
 1.284655 8.586238E-16
 1.2848 9.531695E-16
 1.284945 8.782885E-16
 1.28509 8.271846E-16
 1.285235 9.048463E-16
 1.28538 9.351789E-16
 1.285525 9.511087E-16
 1.28567 9.312345E-16
 1.285815 8.646795E-16
 1.28596 8.271239E-16
 1.286105 8.656233E-16
 1.28625 8.3031797E-16
 1.286395 8.5469304E-16
 1.28654 8.426613E-16
 1.286685 8.4577886E-16
 1.28683 8.2181905E-16
 1.286975 7.9807677E-16
 1.28712 8.28077E-16
 1.287265 8.931431E-16
 1.28741 8.711903E-16
 1.287555 8.8377215E-16
 1.2877 8.4924963E-16
 1.287845 8.7169013E-16
 1.28799 8.6139947E-16
 1.288135 8.370971E-16
 1.28828 8.947672E-16
 1.288425 8.8375654E-16
 1.28857 8.705046E-16
 1.288715 8.086756E-16
 1.28886 7.688403E-16
 1.289005 7.7207455E-16
 1.28915 8.419945E-16
 1.289295 8.7576796E-16
 1.28944 9.359564E-16
 1.289585 8.668563E-16
 1.28973 8.6090406E-16
 1.289875 8.72542E-16
 1.29002 8.671081E-16
 1.290165 8.858829E-16
 1.29031 7.7768207E-16
 1.290455 7.6648684E-16
 1.2906 8.0299745E-16
 1.290745 7.421482E-16
 1.29089 7.610002E-16
 1.291035 8.1319753E-16
 1.29118 7.2243917E-16
 1.291325 7.627148E-16
 1.29147 8.5355436E-16
 1.291615 8.3311154E-16
 1.29176 8.33464E-16
 1.291905 8.624049E-16
 1.29205 8.191791E-16
 1.292195 7.805232E-16
 1.29234 7.8989205E-16
 1.292485 7.521517E-16
 1.29263 8.0624423E-16
 1.292775 8.211275E-16
 1.29292 8.407204E-16
 1.293065 8.709834E-16
 1.29321 8.3677405E-16
 1.293355 7.9858706E-16
 1.2935 7.7804905E-16
 1.293645 8.4477153E-16
 1.29379 8.2936564E-16
 1.293935 8.5384203E-16
 1.29408 8.711645E-16
 1.294225 8.6163775E-16
 1.29437 9.064627E-16
 1.294515 8.5538083E-16
 1.29466 8.2699707E-16
 1.294805 8.5914827E-16
 1.29495 8.7080726E-16
 1.295095 8.3753517E-16
 1.29524 8.807767E-16
 1.295385 8.5719374E-16
 1.29553 9.053695E-16
 1.295675 8.369502E-16
 1.29582 8.874412E-16
 1.295965 8.985699E-16
 1.29611 8.504709E-16
 1.296255 8.6338783E-16
 1.2964 7.9793204E-16
 1.296545 7.869284E-16
 1.29669 7.784428E-16
 1.296835 8.561586E-16
 1.29698 8.632691E-16
 1.297125 8.649539E-16
 1.29727 8.725357E-16
 1.297415 8.2813707E-16
 1.29756 8.1992106E-16
 1.297705 7.7313467E-16
 1.29785 7.8587214E-16
 1.297995 8.2891894E-16
 1.29814 8.1353883E-16
 1.298285 8.378281E-16
 1.29843 8.2585633E-16
 1.298575 7.960444E-16
 1.29872 8.7419163E-16
 1.298865 8.298423E-16
 1.29901 8.607232E-16
 1.299155 8.940333E-16
 1.2993 8.959063E-16
 1.299445 8.4254785E-16
 1.29959 8.207057E-16
 1.299735 8.251991E-16
 1.29988 8.903841E-16
 1.300025 8.7216526E-16
 1.30017 8.667585E-16
 1.300315 8.151246E-16
 1.30046 8.493468E-16
 1.300605 8.426261E-16
 1.30075 8.2039524E-16
 1.300895 8.2924346E-16
 1.30104 8.17764E-16
 1.301185 7.869012E-16
 1.30133 8.239951E-16
 1.301475 8.1753444E-16
 1.30162 8.291729E-16
 1.301765 8.350291E-16
 1.30191 8.650511E-16
 1.302055 7.988063E-16
 1.3022 7.408464E-16
 1.302345 7.6296715E-16
 1.30249 8.831497E-16
 1.302635 6.946631E-16
 1.30278 7.773396E-16
 1.302925 7.988709E-16
 1.30307 8.382177E-16
 1.303215 8.2878336E-16
 1.30336 8.1638624E-16
 1.303505 7.885392E-16
 1.30365 8.246256E-16
 1.303795 8.2025644E-16
 1.30394 7.9298865E-16
 1.304085 8.193212E-16
 1.30423 8.30033E-16
 1.304375 7.926793E-16
 1.30452 7.979564E-16
 1.304665 8.978426E-16
 1.30481 8.705754E-16
 1.304955 8.3747434E-16
 1.3051 7.9461024E-16
 1.305245 8.0611263E-16
 1.30539 7.3844015E-16
 1.305535 8.519207E-16
 1.30568 8.5943436E-16
 1.305825 8.56421E-16
 1.30597 8.991243E-16
 1.306115 8.7387706E-16
 1.30626 8.5965834E-16
 1.306405 8.2482364E-16
 1.30655 7.833148E-16
 1.306695 8.1625E-16
 1.30684 7.9340014E-16
 1.306985 7.9287096E-16
 1.30713 7.9334556E-16
 1.307275 8.322546E-16
 1.30742 8.2482914E-16
 1.307565 8.6026704E-16
 1.30771 8.339143E-16
 1.307855 7.9428826E-16
 1.308 7.9622876E-16
 1.308145 8.33609E-16
 1.30829 7.427441E-16
 1.308435 7.5700875E-16
 1.30858 7.686858E-16
 1.308725 7.5887916E-16
 1.30887 7.646618E-16
 1.309015 8.351787E-16
 1.30916 8.118614E-16
 1.309305 8.8581795E-16
 1.30945 7.4457124E-16
 1.309595 8.1540145E-16
 1.30974 8.3063264E-16
 1.309885 8.117682E-16
 1.31003 8.199198E-16
 1.310175 7.9610615E-16
 1.31032 7.526274E-16
 1.310465 8.1882024E-16
 1.31061 8.47387E-16
 1.310755 7.615877E-16
 1.3109 7.6252E-16
 1.311045 7.9143736E-16
 1.31119 8.1396865E-16
 1.311335 8.3649713E-16
 1.31148 8.1173883E-16
 1.311625 8.4912337E-16
 1.31177 8.158402E-16
 1.311915 7.9894546E-16
 1.31206 8.0202114E-16
 1.312205 8.242347E-16
 1.31235 7.9437264E-16
 1.312495 7.708714E-16
 1.31264 7.4723113E-16
 1.312785 6.7000407E-16
 1.31293 7.4538566E-16
 1.313075 7.486568E-16
 1.31322 7.760658E-16
 1.313365 7.420278E-16
 1.31351 7.835858E-16
 1.313655 7.91082E-16
 1.3138 7.3167807E-16
 1.313945 7.7688067E-16
 1.31409 8.149923E-16
 1.314235 7.6038434E-16
 1.31438 8.309238E-16
 1.314525 7.518274E-16
 1.31467 8.133848E-16
 1.314815 7.676412E-16
 1.31496 8.031152E-16
 1.315105 7.82472E-16
 1.31525 7.532905E-16
 1.315395 7.6639483E-16
 1.31554 7.2278115E-16
 1.315685 7.1423486E-16
 1.31583 6.718028E-16
 1.315975 7.527548E-16
 1.31612 7.823266E-16
 1.316265 8.3746026E-16
 1.31641 8.245537E-16
 1.316555 8.019555E-16
 1.3167 7.9443765E-16
 1.316845 8.1752703E-16
 1.31699 7.9743493E-16
 1.317135 7.8129E-16
 1.31728 7.9390513E-16
 1.317425 7.879583E-16
 1.31757 8.246568E-16
 1.317715 8.3689497E-16
 1.31786 8.340027E-16
 1.318005 8.248998E-16
 1.31815 7.7173606E-16
 1.318295 7.889189E-16
 1.31844 7.436539E-16
 1.318585 7.236188E-16
 1.31873 7.215023E-16
 1.318875 8.132691E-16
 1.31902 8.1024276E-16
 1.319165 7.8807135E-16
 1.31931 8.5020043E-16
 1.319455 8.1666406E-16
 1.3196 8.3828024E-16
 1.319745 7.920526E-16
 1.31989 7.888167E-16
 1.320035 7.8593694E-16
 1.32018 7.948208E-16
 1.320325 7.3925113E-16
 1.32047 7.6088144E-16
 1.320615 7.794378E-16
 1.32076 7.9917686E-16
 1.320905 8.096109E-16
 1.32105 7.655181E-16
 1.321195 7.7545914E-16
 1.32134 7.2726725E-16
 1.321485 7.505787E-16
 1.32163 8.246797E-16
 1.321775 7.055993E-16
 1.32192 8.188672E-16
 1.322065 7.659693E-16
 1.32221 8.296851E-16
 1.322355 7.567557E-16
 1.3225 8.0335924E-16
 1.322645 8.213871E-16
 1.32279 8.609432E-16
 1.322935 8.225434E-16
 1.32308 7.99984E-16
 1.323225 8.036509E-16
 1.32337 7.762668E-16
 1.323515 7.3128007E-16
 1.32366 7.1936597E-16
 1.323805 7.354441E-16
 1.32395 6.7071896E-16
 1.324095 6.611119E-16
 1.32424 7.174677E-16
 1.324385 7.9626333E-16
 1.32453 7.919709E-16
 1.324675 8.2907685E-16
 1.32482 8.295921E-16
 1.324965 7.643338E-16
 1.32511 7.5309456E-16
 1.325255 8.0316543E-16
 1.3254 7.6419757E-16
 1.325545 7.364271E-16
 1.32569 7.185557E-16
 1.325835 7.7160075E-16
 1.32598 7.8112695E-16
 1.326125 7.280554E-16
 1.32627 7.8653267E-16
 1.326415 8.3161234E-16
 1.32656 8.179107E-16
 1.326705 7.953651E-16
 1.32685 8.083215E-16
 1.326995 7.750437E-16
 1.32714 7.157326E-16
 1.327285 6.910348E-16
 1.32743 7.119107E-16
 1.327575 7.8603503E-16
 1.32772 8.020964E-16
 1.327865 7.843137E-16
 1.32801 7.7108215E-16
 1.328155 7.901286E-16
 1.3283 7.512771E-16
 1.328445 7.5024175E-16
 1.32859 6.855759E-16
 1.328735 6.707888E-16
 1.32888 7.526158E-16
 1.329025 6.906719E-16
 1.32917 6.567597E-16
 1.329315 7.73857E-16
 1.32946 7.5094103E-16
 1.329605 7.555313E-16
 1.32975 7.38861E-16
 1.329895 6.6935503E-16
 1.33004 6.821755E-16
 1.330185 7.1561483E-16
 1.33033 6.193238E-16
 1.330475 6.3530494E-16
 1.33062 6.716899E-16
 1.330765 6.939247E-16
 1.33091 7.0390577E-16
 1.331055 6.734683E-16
 1.3312 6.7764865E-16
 1.331345 7.3869595E-16
 1.33149 7.425406E-16
 1.331635 6.976995E-16
 1.33178 6.9404233E-16
 1.331925 6.9240835E-16
 1.33207 6.3911537E-16
 1.332215 5.71374E-16
 1.33236 5.5463924E-16
 1.332505 5.7971295E-16
 1.33265 6.3021385E-16
 1.332795 6.2001906E-16
 1.33294 6.6516296E-16
 1.333085 6.6914835E-16
 1.33323 6.986663E-16
 1.333375 6.678342E-16
 1.33352 6.60328E-16
 1.333665 6.53189E-16
 1.33381 5.827908E-16
 1.333955 7.3808693E-16
 1.3341 6.4357807E-16
 1.334245 7.079485E-16
 1.33439 6.5469336E-16
 1.334535 6.206452E-16
 1.33468 5.4445065E-16
 1.334825 5.2796765E-16
 1.33497 4.929836E-16
 1.335115 4.346876E-16
 1.33526 4.915353E-16
 1.335405 5.1735645E-16
 1.33555 4.835419E-16
 1.335695 4.8373983E-16
 1.33584 5.039871E-16
 1.335985 5.385087E-16
 1.33613 5.667848E-16
 1.336275 6.335992E-16
 1.33642 6.137491E-16
 1.336565 6.259249E-16
 1.33671 5.7072323E-16
 1.336855 5.2516456E-16
 1.337 5.2209655E-16
 1.337145 4.975855E-16
 1.33729 4.5822285E-16
 1.337435 4.632918E-16
 1.33758 5.572991E-16
 1.337725 5.141707E-16
 1.33787 5.02794E-16
 1.338015 5.494957E-16
 1.33816 4.986194E-16
 1.338305 6.1570947E-16
 1.33845 6.385723E-16
 1.338595 6.0416547E-16
 1.33874 5.7615043E-16
 1.338885 6.2541895E-16
 1.33903 5.9682196E-16
 1.339175 5.790586E-16
 1.33932 5.24352E-16
 1.339465 5.297423E-16
 1.33961 5.3835005E-16
 1.339755 5.5350575E-16
 1.3399 5.783441E-16
 1.340045 6.034135E-16
 1.34019 6.0248384E-16
 1.340335 5.080286E-16
 1.34048 5.2937595E-16
 1.340625 6.2381515E-16
 1.34077 4.9361607E-16
 1.340915 5.2559093E-16
 1.34106 4.896201E-16
 1.341205 4.741497E-16
 1.34135 5.2925816E-16
 1.341495 5.1103266E-16
 1.34164 5.684379E-16
 1.341785 5.1491207E-16
 1.34193 5.626621E-16
 1.342075 4.8899477E-16
 1.34222 5.063132E-16
 1.342365 5.1118904E-16
 1.34251 4.4306104E-16
 1.342655 4.9227474E-16
 1.3428 4.783918E-16
 1.342945 5.059512E-16
 1.34309 4.2683123E-16
 1.343235 4.0530942E-16
 1.34338 4.2418439E-16
 1.343525 4.7066323E-16
 1.34367 5.3325573E-16
 1.343815 4.9272473E-16
 1.34396 4.7328935E-16
 1.344105 3.6460147E-16
 1.34425 4.601103E-16
 1.344395 4.5218833E-16
 1.34454 6.2234713E-16
 1.344685 5.3725733E-16
 1.34483 5.300819E-16
 1.344975 6.045624E-16
 1.34512 5.080624E-16
 1.345265 4.4791187E-16
 1.34541 3.9348481E-16
 1.345555 4.737034E-16
 1.3457 4.913308E-16
 1.345845 4.2579047E-16
 1.34599 5.6833576E-16
 1.346135 5.1105256E-16
 1.34628 4.438973E-16
 1.346425 5.238614E-16
 1.34657 5.3674E-16
 1.346715 4.5483684E-16
 1.34686 4.3976249E-16
 1.347005 4.586739E-16
 1.34715 4.6170003E-16
 1.347295 4.2394433E-16
 1.34744 3.757572E-16
 1.347585 3.679737E-16
 1.34773 3.1420494E-16
 1.347875 2.9581755E-16
 1.34802 5.0240346E-16
 1.348165 4.172025E-16
 1.34831 3.4656986E-16
 1.348455 8.1899356E-16
 1.3486 6.647537E-16
 1.348745 5.0246063E-16
 1.34889 8.989056E-16
 1.349035 6.529422E-16
 1.34918 6.809243E-16
 1.349325 6.8319327E-16
 1.34947 6.2586227E-16
 1.349615 6.3027155E-16
 1.34976 4.916416E-16
 1.349905 6.0975265E-16
 1.35005 6.212619E-16
 1.350195 0.
 1.35034 0.
 1.350485 0.
 1.35063 0.
 1.350775 0.
 1.35092 0.
 1.351065 0.
 1.35121 0.
 1.351355 0.
 1.3515 0.
 1.351645 0.
 1.35179 0.
 1.351935 0.
 1.35208 0.
 1.352225 0.
 1.35237 0.
 1.352515 0.
 1.35266 0.
 1.352805 0.
 1.35295 0.
 1.353095 0.
 1.35324 0.
 1.353385 0.
 1.35353 0.
 1.353675 0.
 1.35382 0.
 1.353965 0.
 1.35411 0.
 1.354255 0.
 1.3544 0.
 1.354545 0.
 1.35469 0.
 1.354835 0.
 1.35498 0.
 1.355125 0.
 1.35527 0.
 1.355415 0.
 1.35556 0.
 1.355705 0.
 1.35585 0.
 1.355995 0.
 1.35614 0.
 1.356285 0.
 1.35643 0.
 1.356575 0.
 1.35672 0.
 1.356865 0.
 1.35701 0.
 1.357155 0.
 1.3573 0.
 1.357445 0.
 1.35759 0.
 1.357735 0.
 1.35788 0.
 1.358025 0.
 1.35817 0.
 1.358315 0.
 1.35846 0.
 1.358605 0.
 1.35875 0.
 1.358895 0.
 1.35904 0.
 1.359185 0.
 1.35933 0.
 1.359475 0.
 1.35962 0.
 1.359765 0.
 1.35991 0.
 1.360055 0.
 1.3602 0.
 1.360345 0.
 1.36049 0.
 1.360635 0.
 1.36078 0.
 1.360925 0.
 1.36107 0.
 1.361215 0.
 1.36136 0.
 1.361505 0.
 1.36165 0.
 1.361795 0.
 1.36194 0.
 1.362085 0.
 1.36223 0.
 1.362375 0.
 1.36252 0.
 1.362665 0.
 1.36281 0.
 1.362955 0.
 1.3631 0.
 1.363245 0.
 1.36339 0.
 1.363535 0.
 1.36368 0.
 1.363825 0.
 1.36397 0.
 1.364115 0.
 1.36426 0.
 1.364405 0.
 1.36455 0.
 1.364695 0.
 1.36484 0.
 1.364985 0.
 1.36513 0.
 1.365275 0.
 1.36542 0.
 1.365565 0.
 1.36571 0.
 1.365855 0.
 1.366 0.
 1.366145 0.
 1.36629 0.
 1.366435 0.
 1.36658 0.
 1.366725 0.
 1.36687 0.
 1.367015 0.
 1.36716 0.
 1.367305 0.
 1.36745 0.
 1.367595 0.
 1.36774 0.
 1.367885 0.
 1.36803 0.
 1.368175 0.
 1.36832 0.
 1.368465 0.
 1.36861 0.
 1.368755 0.
 1.3689 0.
 1.369045 0.
 1.36919 0.
 1.369335 0.
 1.36948 0.
 1.369625 0.
 1.36977 0.
 1.369915 0.
 1.37006 0.
 1.370205 0.
 1.37035 0.
 1.370495 0.
 1.37064 0.
 1.370785 0.
 1.37093 0.
 1.371075 0.
 1.37122 0.
 1.371365 0.
 1.37151 0.
 1.371655 0.
 1.3718 0.
 1.371945 0.
 1.37209 0.
 1.372235 0.
 1.37238 0.
 1.372525 0.
 1.37267 0.
 1.372815 0.
 1.37296 0.
 1.373105 0.
 1.37325 0.
 1.373395 0.
 1.37354 0.
 1.373685 0.
 1.37383 0.
 1.373975 0.
 1.37412 0.
 1.374265 0.
 1.37441 0.
 1.374555 0.
 1.3747 0.
 1.374845 0.
 1.37499 0.
 1.375135 0.
 1.37528 0.
 1.375425 0.
 1.37557 0.
 1.375715 0.
 1.37586 0.
 1.376005 0.
 1.37615 0.
 1.376295 0.
 1.37644 0.
 1.376585 0.
 1.37673 0.
 1.376875 0.
 1.37702 0.
 1.377165 0.
 1.37731 0.
 1.377455 0.
 1.3776 0.
 1.377745 0.
 1.37789 0.
 1.378035 0.
 1.37818 0.
 1.378325 0.
 1.37847 0.
 1.378615 0.
 1.37876 0.
 1.378905 0.
 1.37905 0.
 1.379195 0.
 1.37934 0.
 1.379485 0.
 1.37963 0.
 1.379775 0.
 1.37992 0.
 1.380065 0.
 1.38021 0.
 1.380355 0.
 1.3805 0.
 1.380645 0.
 1.38079 0.
 1.380935 0.
 1.38108 0.
 1.381225 0.
 1.38137 0.
 1.381515 0.
 1.38166 0.
 1.381805 0.
 1.38195 0.
 1.382095 0.
 1.38224 0.
 1.382385 0.
 1.38253 0.
 1.382675 0.
 1.38282 0.
 1.382965 0.
 1.38311 0.
 1.383255 0.
 1.3834 0.
 1.383545 0.
 1.38369 0.
 1.383835 0.
 1.38398 0.
 1.384125 0.
 1.38427 0.
 1.384415 0.
 1.38456 0.
 1.384705 0.
 1.38485 0.
 1.384995 0.
 1.38514 0.
 1.385285 0.
 1.38543 0.
 1.385575 0.
 1.38572 0.
 1.385865 0.
 1.38601 0.
 1.386155 0.
 1.3863 0.
 1.386445 0.
 1.38659 0.
 1.386735 0.
 1.38688 0.
 1.387025 0.
 1.38717 0.
 1.387315 0.
 1.38746 0.
 1.387605 0.
 1.38775 0.
 1.387895 0.
 1.38804 0.
 1.388185 0.
 1.38833 0.
 1.388475 0.
 1.38862 0.
 1.388765 0.
 1.38891 0.
 1.389055 0.
 1.3892 0.
 1.389345 0.
 1.38949 0.
 1.389635 0.
 1.38978 0.
 1.389925 0.
 1.39007 0.
 1.390215 0.
 1.39036 0.
 1.390505 0.
 1.39065 0.
 1.390795 0.
 1.39094 0.
 1.391085 0.
 1.39123 0.
 1.391375 0.
 1.39152 0.
 1.391665 0.
 1.39181 0.
 1.391955 0.
 1.3921 0.
 1.392245 0.
 1.39239 0.
 1.392535 0.
 1.39268 0.
 1.392825 0.
 1.39297 0.
 1.393115 0.
 1.39326 0.
 1.393405 0.
 1.39355 0.
 1.393695 0.
 1.39384 0.
 1.393985 0.
 1.39413 0.
 1.394275 0.
 1.39442 0.
 1.394565 0.
 1.39471 0.
 1.394855 0.
 1.395 0.
 1.395145 0.
 1.39529 0.
 1.395435 0.
 1.39558 0.
 1.395725 0.
 1.39587 0.
 1.396015 0.
 1.39616 0.
 1.396305 0.
 1.39645 0.
 1.396595 0.
 1.39674 0.
 1.396885 0.
 1.39703 0.
 1.397175 0.
 1.39732 0.
 1.397465 0.
 1.39761 0.
 1.397755 0.
 1.3979 0.
 1.398045 0.
 1.39819 0.
 1.398335 0.
 1.39848 0.
 1.398625 0.
 1.39877 0.
 1.398915 0.
 1.39906 0.
 1.399205 0.
 1.39935 0.
 1.399495 0.
 1.39964 0.
 1.399785 0.
 1.39993 0.
 1.400075 0.
 1.40022 0.
 1.400365 0.
 1.40051 0.
 1.400655 0.
 1.4008 0.
 1.400945 0.
 1.40109 0.
 1.401235 0.
 1.40138 0.
 1.401525 0.
 1.40167 0.
 1.401815 0.
 1.40196 0.
 1.402105 0.
 1.40225 0.
 1.402395 0.
 1.40254 0.
 1.402685 0.
 1.40283 0.
 1.402975 0.
 1.40312 0.
 1.403265 0.
 1.40341 0.
 1.403555 0.
 1.4037 0.
 1.403845 0.
 1.40399 0.
 1.404135 0.
 1.40428 0.
 1.404425 0.
 1.40457 0.
 1.404715 0.
 1.40486 0.
 1.405005 0.
 1.40515 0.
 1.405295 0.
 1.40544 0.
 1.405585 0.
 1.40573 0.
 1.405875 0.
 1.40602 0.
 1.406165 0.
 1.40631 0.
 1.406455 0.
 1.4066 0.
 1.406745 0.
 1.40689 0.
 1.407035 0.
 1.40718 0.
 1.407325 0.
 1.40747 0.
 1.407615 0.
 1.40776 0.
 1.407905 0.
 1.40805 0.
 1.408195 0.
 1.40834 0.
 1.408485 0.
 1.40863 0.
 1.408775 0.
 1.40892 0.
 1.409065 0.
 1.40921 0.
 1.409355 0.
 1.4095 0.
 1.409645 0.
 1.40979 0.
 1.409935 0.
 1.41008 0.
 1.410225 0.
 1.41037 0.
 1.410515 0.
 1.41066 0.
 1.410805 0.
 1.41095 0.
 1.411095 0.
 1.41124 0.
 1.411385 0.
 1.41153 0.
 1.411675 0.
 1.41182 0.
 1.411965 0.
 1.41211 0.
 1.4075 0.
 1.408 0.
 1.4085 0.
 1.409 0.
 1.4095 0.
 1.41 0.
 1.4105 0.
 1.411 0.
 1.4115 0.
 1.412 0.
 1.4125 0.
 1.413 0.
 1.4135 0.
 1.414 0.
 1.4145 0.
 1.415 0.
 1.4155 0.
 1.416 0.
 1.4165 0.
 1.417 0.
 1.4175 0.
 1.418 0.
 1.4185 0.
 1.419 0.
 1.4195 0.
 1.42 0.
 1.4205 0.
 1.421 0.
 1.4215 0.
 1.422 0.
 1.4225 0.
 1.423 0.
 1.4235 0.
 1.424 0.
 1.4245 0.
 1.425 0.
 1.4255 0.
 1.426 0.
 1.4265 0.
 1.427 0.
 1.4275 0.
 1.428 0.
 1.4285 0.
 1.429 0.
 1.4295 0.
 1.43 0.
 1.4305 0.
 1.431 0.
 1.4315 0.
 1.432 0.
 1.4325 0.
 1.433 0.
 1.4335 0.
 1.434 0.
 1.4345 0.
 1.435 0.
 1.4355 0.
 1.436 0.
 1.4365 0.
 1.437 0.
 1.4375 0.
 1.438 0.
 1.4385 0.
 1.439 0.
 1.4395 0.
 1.44 0.
 1.4405 0.
 1.441 0.
 1.4415 0.
 1.442 0.
 1.4425 0.
 1.443 0.
 1.4435 0.
 1.444 0.
 1.4445 0.
 1.445 0.
 1.4455 0.
 1.446 0.
 1.4465 0.
 1.447 0.
 1.4475 0.
 1.448 0.
 1.4485 0.
 1.449 0.
 1.4495 0.
 1.45 0.
 1.4505 0.
 1.451 0.
 1.4515 7.1481555E-16
 1.452 7.281379E-16
 1.4525 7.334753E-16
 1.453 6.33872E-16
 1.4535 6.0347916E-16
 1.454 5.39815E-16
 1.4545 5.4759775E-16
 1.455 5.8428364E-16
 1.4555 6.243928E-16
 1.456 6.038677E-16
 1.4565 6.2512323E-16
 1.457 5.640666E-16
 1.4575 6.367336E-16
 1.458 6.577363E-16
 1.4585 6.525577E-16
 1.459 6.5864223E-16
 1.4595 6.5274926E-16
 1.46 5.669267E-16
 1.4605 5.4836606E-16
 1.461 5.3297865E-16
 1.4615 6.199496E-16
 1.462 5.6426217E-16
 1.4625 5.5302977E-16
 1.463 5.6469675E-16
 1.4635 5.587583E-16
 1.464 6.0157974E-16
 1.4645 6.072644E-16
 1.465 6.0149477E-16
 1.4655 5.445905E-16
 1.466 5.669151E-16
 1.4665 5.785161E-16
 1.467 5.733266E-16
 1.4675 5.8997316E-16
 1.468 5.550462E-16
 1.4685 5.067587E-16
 1.469 5.3755765E-16
 1.4695 4.687889E-16
 1.47 5.0407873E-16
 1.4705 5.7139974E-16
 1.471 5.25777E-16
 1.4715 5.9416804E-16
 1.472 6.5431707E-16
 1.4725 6.128621E-16
 1.473 6.0003136E-16
 1.4735 6.311931E-16
 1.474 6.3397896E-16
 1.4745 5.528288E-16
 1.475 5.4581697E-16
 1.4755 5.781549E-16
 1.476 5.3729073E-16
 1.4765 5.853004E-16
 1.477 5.453339E-16
 1.4775 5.3852984E-16
 1.478 5.799711E-16
 1.4785 5.391798E-16
 1.479 6.406873E-16
 1.4795 6.133833E-16
 1.48 5.3090776E-16
 1.4805 5.827883E-16
 1.481 5.7098046E-16
 1.4815 5.950664E-16
 1.482 5.6324737E-16
 1.4825 6.1588904E-16
 1.483 5.434931E-16
 1.4835 5.1266304E-16
 1.484 5.6418594E-16
 1.4845 6.131595E-16
 1.485 6.0996023E-16
 1.4855 6.0321843E-16
 1.486 5.8746754E-16
 1.4865 5.515434E-16
 1.487 6.1579793E-16
 1.4875 6.56718E-16
 1.488 6.582004E-16
 1.4885 6.3232947E-16
 1.489 6.4212684E-16
 1.4895 6.1500654E-16
 1.49 5.8003503E-16
 1.4905 5.836625E-16
 1.491 5.8602456E-16
 1.4915 6.1047533E-16
 1.492 6.0386784E-16
 1.4925 5.953327E-16
 1.493 5.436376E-16
 1.4935 5.252404E-16
 1.494 5.8859663E-16
 1.4945 5.8111627E-16
 1.495 5.9410256E-16
 1.4955 5.9826403E-16
 1.496 6.0382745E-16
 1.4965 6.2237223E-16
 1.497 5.983051E-16
 1.4975 6.110936E-16
 1.498 6.2867516E-16
 1.4985 6.205001E-16
 1.499 6.038075E-16
 1.4995 6.3215313E-16
 1.5 6.0273213E-16
 1.5005 6.131726E-16
 1.501 5.830429E-16
 1.5015 6.057965E-16
 1.502 5.9850623E-16
 1.5025 5.7645807E-16
 1.503 5.3060886E-16
 1.5035 6.5133816E-16
 1.504 6.24665E-16
 1.5045 5.4481906E-16
 1.505 5.36141E-16
 1.5055 5.323407E-16
 1.506 6.5804063E-16
 1.5065 6.983289E-16
 1.507 6.491397E-16
 1.5075 6.847954E-16
 1.508 6.0701637E-16
 1.5085 5.7739086E-16
 1.509 6.054443E-16
 1.5095 6.3949405E-16
 1.51 6.065827E-16
 1.5105 6.1954007E-16
 1.511 6.21266E-16
 1.5115 6.164945E-16
 1.512 6.095366E-16
 1.5125 6.3717625E-16
 1.513 6.2289596E-16
 1.5135 6.07599E-16
 1.514 5.935581E-16
 1.5145 6.245183E-16
 1.515 6.3864246E-16
 1.5155 6.6431894E-16
 1.516 6.426326E-16
 1.5165 5.990894E-16
 1.517 5.9969255E-16
 1.5175 5.9941107E-16
 1.518 5.7236224E-16
 1.5185 5.6662126E-16
 1.519 6.111353E-16
 1.5195 6.3180235E-16
 1.52 6.299515E-16
 1.5205 6.3241947E-16
 1.521 6.164236E-16
 1.5215 6.6054753E-16
 1.522 6.6587335E-16
 1.5225 6.3558425E-16
 1.523 6.307104E-16
 1.5235 6.461821E-16
 1.524 6.255555E-16
 1.5245 6.853417E-16
 1.525 6.9091493E-16
 1.5255 6.340769E-16
 1.526 6.1060885E-16
 1.5265 6.1045035E-16
 1.527 6.049918E-16
 1.5275 6.1340416E-16
 1.528 6.303281E-16
 1.5285 6.2610367E-16
 1.529 6.367358E-16
 1.5295 6.4411715E-16
 1.53 5.899687E-16
 1.5305 6.707286E-16
 1.531 6.7362296E-16
 1.5315 6.414408E-16
 1.532 6.239728E-16
 1.5325 6.210956E-16
 1.533 6.014559E-16
 1.5335 6.4664883E-16
 1.534 7.222074E-16
 1.5345 6.5886797E-16
 1.535 6.328556E-16
 1.5355 6.402687E-16
 1.536 6.362058E-16
 1.5365 6.4032546E-16
 1.537 6.6173046E-16
 1.5375 6.512912E-16
 1.538 6.202068E-16
 1.5385 6.339072E-16
 1.539 6.4742556E-16
 1.5395 6.784051E-16
 1.54 6.0879683E-16
 1.5405 6.609274E-16
 1.541 6.526187E-16
 1.5415 6.3712167E-16
 1.542 6.5449087E-16
 1.5425 6.466189E-16
 1.543 5.739206E-16
 1.5435 6.014782E-16
 1.544 7.15849E-16
 1.5445 6.374721E-16
 1.545 6.486182E-16
 1.5455 6.6349584E-16
 1.546 6.5986487E-16
 1.5465 6.6260825E-16
 1.547 6.6790443E-16
 1.5475 6.549812E-16
 1.548 6.2241643E-16
 1.5485 6.5355395E-16
 1.549 6.680802E-16
 1.5495 6.6554555E-16
 1.55 6.746648E-16
 1.5505 6.544627E-16
 1.551 6.575453E-16
 1.5515 6.6477046E-16
 1.552 6.8321206E-16
 1.5525 6.6523903E-16
 1.553 6.6522235E-16
 1.5535 6.589532E-16
 1.554 6.488396E-16
 1.5545 6.578848E-16
 1.555 7.017364E-16
 1.5555 6.7888473E-16
 1.556 6.360744E-16
 1.5565 6.587985E-16
 1.557 6.7124973E-16
 1.5575 6.64577E-16
 1.558 6.8454566E-16
 1.5585 6.3559976E-16
 1.559 6.296025E-16
 1.5595 5.8987194E-16
 1.56 6.8768477E-16
 1.5605 6.661864E-16
 1.561 6.453166E-16
 1.5615 6.687092E-16
 1.562 6.575764E-16
 1.5625 6.4686884E-16
 1.563 6.5438753E-16
 1.5635 6.5125203E-16
 1.564 6.737387E-16
 1.5645 6.766832E-16
 1.565 6.6270307E-16
 1.5655 6.067156E-16
 1.566 6.4909516E-16
 1.5665 6.6263996E-16
 1.567 6.706984E-16
 1.5675 7.00967E-16
 1.568 6.68984E-16
 1.5685 6.9968585E-16
 1.569 6.9966446E-16
 1.5695 6.5807165E-16
 1.57 6.481972E-16
 1.5705 6.9304103E-16
 1.571 6.374848E-16
 1.5715 7.0960307E-16
 1.572 6.757284E-16
 1.5725 6.716768E-16
 1.573 6.6705025E-16
 1.5735 6.7231165E-16
 1.574 7.261674E-16
 1.5745 6.4667985E-16
 1.575 6.919398E-16
 1.5755 6.6120424E-16
 1.576 7.3230265E-16
 1.5765 7.323947E-16
 1.577 6.18603E-16
 1.5775 6.664824E-16
 1.578 7.0079525E-16
 1.5785 7.081494E-16
 1.579 6.8280475E-16
 1.5795 7.09239E-16
 1.58 7.0480987E-16
 1.5805 6.789174E-16
 1.581 6.7794527E-16
 1.5815 6.9533115E-16
 1.582 7.0675995E-16
 1.5825 6.752223E-16
 1.583 6.975618E-16
 1.5835 6.924685E-16
 1.584 7.0444183E-16
 1.5845 7.2656856E-16
 1.585 6.916684E-16
 1.5855 7.1555633E-16
 1.586 7.032141E-16
 1.5865 7.038907E-16
 1.587 6.9912824E-16
 1.5875 7.131474E-16
 1.588 7.102625E-16
 1.5885 7.0498965E-16
 1.589 6.8094646E-16
 1.5895 6.8004564E-16
 1.59 7.0614135E-16
 1.5905 7.152212E-16
 1.591 6.960795E-16
 1.5915 6.9270804E-16
 1.592 6.977908E-16
 1.5925 6.9570215E-16
 1.593 7.203297E-16
 1.5935 7.1292746E-16
 1.594 7.207288E-16
 1.5945 7.1428976E-16
 1.595 7.287263E-16
 1.5955 7.283799E-16
 1.596 7.5215287E-16
 1.5965 7.215681E-16
 1.597 7.0896155E-16
 1.5975 7.12295E-16
 1.598 7.4702186E-16
 1.5985 7.0907373E-16
 1.599 7.327778E-16
 1.5995 7.2602513E-16
 1.6 7.176307E-16
 1.6005 7.3169787E-16
 1.601 6.922416E-16
 1.6015 7.189529E-16
 1.602 7.670845E-16
 1.6025 7.175091E-16
 1.603 6.781479E-16
 1.6035 7.202568E-16
 1.604 7.718349E-16
 1.6045 6.905538E-16
 1.605 7.576196E-16
 1.6055 7.4145357E-16
 1.606 7.090795E-16
 1.6065 6.728681E-16
 1.607 7.330521E-16
 1.6075 6.837502E-16
 1.608 7.232561E-16
 1.6085 7.6489447E-16
 1.609 7.417335E-16
 1.6095 7.645806E-16
 1.61 7.0986067E-16
 1.6105 7.305089E-16
 1.611 7.3302935E-16
 1.6115 7.346609E-16
 1.612 7.148066E-16
 1.6125 6.389949E-16
 1.613 6.5137E-16
 1.6135 7.460944E-16
 1.614 7.434642E-16
 1.6145 7.7257266E-16
 1.615 7.272078E-16
 1.6155 7.289872E-16
 1.616 7.4645763E-16
 1.6165 7.3288695E-16
 1.617 7.0421075E-16
 1.6175 7.6170947E-16
 1.618 7.438139E-16
 1.6185 7.6322237E-16
 1.619 7.3321914E-16
 1.6195 7.1702493E-16
 1.62 7.169607E-16
 1.6205 7.7123377E-16
 1.621 7.2541315E-16
 1.6215 7.6521533E-16
 1.622 7.390517E-16
 1.6225 7.737862E-16
 1.623 7.5533967E-16
 1.6235 6.846984E-16
 1.624 7.3274793E-16
 1.6245 7.956878E-16
 1.625 7.64273E-16
 1.6255 7.449495E-16
 1.626 7.035418E-16
 1.6265 6.945604E-16
 1.627 7.448161E-16
 1.6275 7.6916547E-16
 1.628 7.659631E-16
 1.6285 7.500467E-16
 1.629 7.527072E-16
 1.6295 7.469142E-16
 1.63 7.4562193E-16
 1.6305 7.3406856E-16
 1.631 7.70954E-16
 1.6315 7.4709884E-16
 1.632 6.9010606E-16
 1.6325 7.4843027E-16
 1.633 7.619156E-16
 1.6335 7.839227E-16
 1.634 7.6836386E-16
 1.6345 7.4988573E-16
 1.635 7.236396E-16
 1.6355 7.511583E-16
 1.636 7.461501E-16
 1.6365 7.512544E-16
 1.637 7.347509E-16
 1.6375 8.1451006E-16
 1.638 8.1761745E-16
 1.6385 7.174999E-16
 1.639 7.376979E-16
 1.6395 7.461772E-16
 1.64 7.6510173E-16
 1.6405 7.49817E-16
 1.641 7.571632E-16
 1.6415 7.768833E-16
 1.642 8.0059405E-16
 1.6425 8.138662E-16
 1.643 8.081263E-16
 1.6435 7.9077005E-16
 1.644 7.3043584E-16
 1.6445 7.3949746E-16
 1.645 7.1783533E-16
 1.6455 7.648808E-16
 1.646 8.602144E-16
 1.6465 8.3411596E-16
 1.647 7.9186453E-16
 1.6475 7.741239E-16
 1.648 7.256921E-16
 1.6485 7.6870733E-16
 1.649 7.3266704E-16
 1.6495 7.919625E-16
 1.65 7.7154347E-16
 1.6505 7.805448E-16
 1.651 7.5199294E-16
 1.6515 7.8025287E-16
 1.652 7.851303E-16
 1.6525 8.069191E-16
 1.653 8.130271E-16
 1.6535 8.208744E-16
 1.654 8.252672E-16
 1.6545 7.9219836E-16
 1.655 7.673719E-16
 1.6555 7.56198E-16
 1.656 7.476435E-16
 1.6565 7.925013E-16
 1.657 8.287332E-16
 1.6575 8.673698E-16
 1.658 8.207959E-16
 1.6585 8.037512E-16
 1.659 8.0278236E-16
 1.6595 8.0912716E-16
 1.66 8.169852E-16
 1.6605 7.9346764E-16
 1.661 7.802455E-16
 1.6615 7.75015E-16
 1.662 8.218837E-16
 1.6625 8.061301E-16
 1.663 8.224324E-16
 1.6635 8.511627E-16
 1.664 8.4103945E-16
 1.6645 8.4731326E-16
 1.665 8.5429E-16
 1.6655 8.487776E-16
 1.666 8.5102544E-16
 1.6665 8.306476E-16
 1.667 8.441449E-16
 1.6675 8.3235514E-16
 1.668 7.8821514E-16
 1.6685 7.2756964E-16
 1.669 6.6570066E-16
 1.6695 7.0446777E-16
 1.67 8.272084E-16
 1.6705 8.140596E-16
 1.671 7.576966E-16
 1.6715 7.771096E-16
 1.672 8.252055E-16
 1.6725 7.9438207E-16
 1.673 8.2042997E-16
 1.6735 7.9783537E-16
 1.674 8.052235E-16
 1.6745 8.357316E-16
 1.675 8.2785363E-16
 1.6755 7.8926207E-16
 1.676 8.49085E-16
 1.6765 8.2650764E-16
 1.677 8.1063255E-16
 1.6775 8.222531E-16
 1.678 8.3375597E-16
 1.6785 8.261408E-16
 1.679 8.398469E-16
 1.6795 8.4375287E-16
 1.68 8.4867116E-16
 1.6805 8.525291E-16
 1.681 8.716926E-16
 1.6815 8.635221E-16
 1.682 8.339435E-16
 1.6825 8.282033E-16
 1.683 8.595448E-16
 1.6835 8.6002283E-16
 1.684 8.0744443E-16
 1.6845 7.966102E-16
 1.685 7.8659953E-16
 1.6855 7.9742223E-16
 1.686 8.196919E-16
 1.6865 8.5180317E-16
 1.687 8.293744E-16
 1.6875 8.2953637E-16
 1.688 8.2572864E-16
 1.6885 8.296432E-16
 1.689 7.9083453E-16
 1.6895 7.231928E-16
 1.69 7.4111735E-16
 1.6905 7.1669406E-16
 1.691 8.558097E-16
 1.6915 8.2001175E-16
 1.692 8.208368E-16
 1.6925 8.2910004E-16
 1.693 8.3276955E-16
 1.6935 8.1342093E-16
 1.694 8.3494955E-16
 1.6945 8.2077355E-16
 1.695 7.6574065E-16
 1.6955 7.1293524E-16
 1.696 7.6102326E-16
 1.6965 8.146575E-16
 1.697 8.0042607E-16
 1.6975 7.7927306E-16
 1.698 7.8216727E-16
 1.6985 8.1596087E-16
 1.699 8.1786113E-16
 1.6995 8.182056E-16
 1.7 7.698341E-16
 1.7005 7.5349933E-16
 1.701 7.2638004E-16
 1.7015 7.2187605E-16
 1.702 7.40932E-16
 1.7025 8.093986E-16
 1.703 8.2295694E-16
 1.7035 8.2101337E-16
 1.704 8.215549E-16
 1.7045 8.051117E-16
 1.705 7.8798835E-16
 1.7055 8.083175E-16
 1.706 7.9199354E-16
 1.7065 7.951734E-16
 1.707 7.7127427E-16
 1.7075 7.701998E-16
 1.708 7.378557E-16
 1.7085 7.514039E-16
 1.709 7.590528E-16
 1.7095 7.8628126E-16
 1.71 8.028864E-16
 1.7105 8.1845125E-16
 1.711 7.5746504E-16
 1.7115 7.0040424E-16
 1.712 7.4044444E-16
 1.7125 7.4751007E-16
 1.713 7.6709384E-16
 1.7135 7.943824E-16
 1.714 7.6083903E-16
 1.7145 7.2951237E-16
 1.715 7.313935E-16
 1.7155 7.575411E-16
 1.716 7.5132024E-16
 1.7165 7.5338435E-16
 1.717 7.5683124E-16
 1.7175 7.7758345E-16
 1.718 7.451841E-16
 1.7185 7.2912824E-16
 1.719 7.03068E-16
 1.7195 7.0012927E-16
 1.72 6.747071E-16
 1.7205 7.182009E-16
 1.721 6.978158E-16
 1.7215 7.2731823E-16
 1.722 7.3404664E-16
 1.7225 7.523692E-16
 1.723 7.3912884E-16
 1.7235 7.274333E-16
 1.724 6.9652737E-16
 1.7245 7.1575666E-16
 1.725 7.215752E-16
 1.7255 7.1336125E-16
 1.726 7.0402636E-16
 1.7265 7.2343295E-16
 1.727 7.1036487E-16
 1.7275 7.0768004E-16
 1.728 6.9876507E-16
 1.7285 7.2451593E-16
 1.729 7.3843596E-16
 1.7295 7.2363083E-16
 1.73 7.083556E-16
 1.7305 6.946129E-16
 1.731 7.452492E-16
 1.7315 7.5307195E-16
 1.732 7.1195443E-16
 1.7325 6.734221E-16
 1.733 6.6185625E-16
 1.7335 7.2731606E-16
 1.734 7.300644E-16
 1.7345 6.9409395E-16
 1.735 6.856532E-16
 1.7355 6.449465E-16
 1.736 6.538645E-16
 1.7365 6.842571E-16
 1.737 7.03385E-16
 1.7375 7.0865836E-16
 1.738 7.265277E-16
 1.7385 7.057166E-16
 1.739 6.987686E-16
 1.7395 6.8806736E-16
 1.74 6.780952E-16
 1.7405 6.8412183E-16
 1.741 6.512824E-16
 1.7415 6.5598085E-16
 1.742 7.1790553E-16
 1.7425 7.316764E-16
 1.743 7.214328E-16
 1.7435 6.98645E-16
 1.744 6.6063996E-16
 1.7445 6.4966426E-16
 1.745 6.622586E-16
 1.7455 6.8682297E-16
 1.746 6.772563E-16
 1.7465 7.190526E-16
 1.747 6.6414863E-16
 1.7475 6.516375E-16
 1.748 6.722652E-16
 1.7485 6.849637E-16
 1.749 7.047085E-16
 1.7495 6.9272266E-16
 1.75 6.909807E-16
 1.7505 6.648334E-16
 1.751 6.19714E-16
 1.7515 6.025902E-16
 1.752 6.595965E-16
 1.7525 6.673199E-16
 1.753 6.6505205E-16
 1.7535 6.9326423E-16
 1.754 6.6457914E-16
 1.7545 6.312572E-16
 1.755 6.347168E-16
 1.7555 6.2247387E-16
 1.756 6.506398E-16
 1.7565 6.3771507E-16
 1.757 6.299704E-16
 1.7575 6.287552E-16
 1.758 6.4081997E-16
 1.7585 6.3136454E-16
 1.759 6.2512233E-16
 1.7595 6.273647E-16
 1.76 6.5913415E-16
 1.7605 6.675397E-16
 1.761 6.3684495E-16
 1.7615 6.3591396E-16
 1.762 6.44069E-16
 1.7625 6.146497E-16
 1.763 5.8886366E-16
 1.7635 5.9601754E-16
 1.764 6.3672483E-16
 1.7645 6.1375547E-16
 1.765 5.814341E-16
 1.7655 6.094344E-16
 1.766 6.3372596E-16
 1.7665 6.947826E-16
 1.767 6.5157295E-16
 1.7675 6.4606056E-16
 1.768 5.9981024E-16
 1.7685 5.7942025E-16
 1.769 5.85808E-16
 1.7695 6.027223E-16
 1.77 5.936062E-16
 1.7705 6.316136E-16
 1.771 5.960354E-16
 1.7715 6.172529E-16
 1.772 6.212469E-16
 1.7725 6.0500546E-16
 1.773 5.814152E-16
 1.7735 5.944206E-16
 1.774 5.938805E-16
 1.7745 5.8329415E-16
 1.775 6.021661E-16
 1.7755 5.618352E-16
 1.776 5.4780294E-16
 1.7765 5.5464263E-16
 1.777 5.7310996E-16
 1.7775 5.597401E-16
 1.778 5.888572E-16
 1.7785 5.8445416E-16
 1.779 5.480179E-16
 1.7795 5.7521044E-16
 1.78 5.795352E-16
 1.7805 6.003437E-16
 1.781 5.9157644E-16
 1.7815 5.6580043E-16
 1.782 5.9969017E-16
 1.7825 6.295992E-16
 1.783 5.660368E-16
 1.7835 5.903724E-16
 1.784 5.99317E-16
 1.7845 6.040293E-16
 1.785 5.426425E-16
 1.7855 5.889267E-16
 1.786 5.532806E-16
 1.7865 5.7108883E-16
 1.787 5.5477794E-16
 1.7875 5.117659E-16
 1.788 5.4625044E-16
 1.7885 6.196832E-16
 1.789 5.74537E-16
 1.7895 5.6688E-16
 1.79 5.780022E-16
 1.7905 5.525981E-16
 1.791 5.1513606E-16
 1.7915 5.466286E-16
 1.792 5.469007E-16
 1.7925 5.2374954E-16
 1.793 5.3452544E-16
 1.7935 5.4500244E-16
 1.794 5.1589934E-16
 1.7945 5.636694E-16
 1.795 5.688784E-16
 1.7955 5.5214706E-16
 1.796 6.093773E-16
 1.7965 5.6142413E-16
 1.797 5.343332E-16
 1.7975 5.6227603E-16
 1.798 5.8694973E-16
 1.7985 5.693195E-16
 1.799 5.7558864E-16
 1.7995 4.9048126E-16
 1.8 4.4252297E-16
 1.8005 3.5071026E-16
 1.801 4.564824E-16
 1.8015 5.1358106E-16
 1.802 5.5013906E-16
 1.8025 5.018301E-16
 1.803 5.5504677E-16
 1.8035 5.607116E-16
 1.804 5.710094E-16
 1.8045 6.025296E-16
 1.805 5.8100997E-16
 1.8055 5.4963793E-16
 1.806 4.574337E-16
 1.8065 4.6307773E-16
 1.807 5.598336E-16
 1.8075 5.0088213E-16
 1.808 5.264167E-16
 1.8085 5.731308E-16
 1.809 5.1921256E-16
 1.8095 5.1465637E-16
 1.81 5.0957094E-16
 1.8105 4.806343E-16
 1.811 4.4295596E-16
 1.8115 5.550366E-16
 1.812 4.315E-16
 1.8125 4.928901E-16
 1.813 4.7609763E-16
 1.8135 5.617614E-16
 1.814 6.6443006E-16
 1.8145 6.7125985E-16
 1.815 5.523559E-16
 1.8155 4.703579E-16
 1.816 3.8448093E-16
 1.8165 4.8507803E-16
 1.817 5.5315074E-16
 1.8175 6.023282E-16
 1.818 5.736753E-16
 1.8185 4.7843687E-16
 1.819 4.917409E-16
 1.8195 5.3043183E-16
 1.82 3.9424484E-16
 1.8205 4.6634574E-16
 1.821 3.4415978E-16
 1.8215 4.8062973E-16
 1.822 6.8758053E-16
 1.8225 4.289223E-16
 1.823 7.3779407E-16
 1.8235 6.671966E-16
 1.824 5.809464E-16
 1.8245 5.464867E-16
 1.825 4.556339E-16
 1.8255 4.0785912E-16
 1.826 4.8832323E-16
 1.8265 3.1607296E-16
 1.827 2.429075E-16
 1.8275 5.944473E-16
 1.828 4.823325E-16
 1.8285 3.1453838E-16
 1.829 2.4335108E-16
 1.8295 8.8978965E-17
 1.83 2.2578576E-16
 1.8305 1.6268721E-16
 1.831 8.436026E-16
 1.8315 5.836972E-16
 1.832 4.446747E-16
 1.8325 9.663188E-16
 1.833 1.7626457E-15
 1.8335 8.074174E-16
 1.834 5.9413125E-16
 1.8345 2.939574E-16
 1.835 3.8091508E-16
 1.8355 9.892684E-16
 1.836 -3.6433288E-16
 1.8365 -2.2730783E-14
 1.837 -1.0001184E-15
 1.8375 1.1876011E-15
 1.838 5.86041E-15
 1.8385 2.091942E-15
 1.839 -1.0277912E-16
 1.8395 -7.839268E-15
 1.84 -3.785062E-15
 1.8405 7.297968E-15
 1.841 -1.0323505E-15
 1.8415 1.4461744E-14
 1.842 -5.582225E-15
 1.8425 4.4753955E-16
 1.843 -6.7842797E-16
 1.8435 4.1502206E-16
 1.844 4.2573962E-16
 1.8445 2.3991446E-16
 1.845 3.8201607E-16
 1.8455 5.2240424E-16
 1.846 3.648354E-16
 1.8465 4.2070644E-16
 1.847 5.182251E-16
 1.8475 1.1076862E-15
 1.848 4.498352E-15
 1.8485 -2.339027E-16
 1.849 9.469027E-15
 1.8495 -5.5066496E-16
 1.85 -7.241224E-16
 1.8505 4.8013756E-16
 1.851 8.419819E-17
 1.8515 2.0305329E-16
 1.852 4.111359E-16
 1.8525 6.9564275E-16
 1.853 4.7960604E-16
 1.8535 2.9470465E-16
 1.854 -1.562005E-15
 1.8545 6.182479E-14
 1.855 1.6272298E-15
 1.8555 3.166528E-16
 1.856 3.9032795E-16
 1.8565 6.7697705E-16
 1.857 1.852728E-15
 1.8575 7.56241E-16
 1.858 3.4304358E-15
 1.8585 1.1521533E-15
 1.859 -1.0910234E-16
 1.8595 1.2015294E-15
 1.86 1.4864946E-15
 1.8605 3.5069085E-15
 1.861 7.1922145E-16
 1.8615 5.494723E-16
 1.862 5.6451093E-16
 1.8625 4.4276593E-16
 1.863 3.0031672E-16
 1.8635 3.1829357E-16
 1.864 3.8561086E-17
 1.8645 4.4191146E-16
 1.865 1.7397053E-17
 1.8655 4.317854E-16
 1.866 7.1385454E-16
 1.8665 4.0959673E-16
 1.867 2.7995122E-16
 1.8675 2.7912901E-16
 1.868 -4.2199926E-17
 1.8685 -1.5051221E-15
 1.869 2.8563954E-15
 1.8695 2.1132403E-15
 1.87 -2.517956E-16
 1.8705 1.4756812E-15
 1.871 1.812608E-14
 1.8715 1.9374259E-15
 1.872 -2.8123804E-15
 1.8725 -1.5718073E-15
 1.873 -1.9050613E-14
 1.8735 -1.8503253E-15
 1.874 1.4143504E-15
 1.8745 -1.4324636E-15
 1.875 3.788986E-15
 1.8755 4.1755175E-15
 1.876 9.492453E-16
 1.8765 7.5216585E-15
 1.877 8.6925586E-16
 1.8775 -1.6519021E-15
 1.878 3.2215583E-15
 1.8785 1.9623821E-17
 1.879 5.681164E-16
 1.8795 3.5131644E-16
 1.88 4.019241E-16
 1.8805 3.3365139E-16
 1.881 4.3990937E-16
 1.8815 8.840482E-16
 1.882 3.5957269E-16
 1.8825 6.4710527E-16
 1.883 4.8752517E-16
 1.8835 3.7380768E-16
 1.884 3.9534808E-16
 1.8845 3.358648E-17
 1.885 1.730324E-16
 1.8855 -4.5117863E-18
 1.886 4.8857734E-16
 1.8865 7.0450716E-16
 1.887 5.6003775E-16
 1.8875 4.831704E-16
 1.888 3.7687005E-16
 1.8885 4.3248203E-16
 1.889 3.986614E-16
 1.8895 3.2073668E-16
 1.89 3.011234E-16
 1.8905 5.024903E-16
 1.891 1.524953E-15
 1.8915 5.64719E-16
 1.892 5.9727946E-16
 1.8925 1.0416797E-15
 1.893 5.6283174E-16
 1.8935 -1.6827839E-15
 1.894 -4.666364E-16
 1.8945 3.334406E-16
 1.895 4.3546266E-16
 1.8955 5.585123E-16
 1.896 4.0945686E-16
 1.8965 3.8986454E-16
 1.897 4.565567E-16
 1.8975 3.8787777E-16
 1.898 2.8092356E-16
 1.8985 3.4012394E-16
 1.899 1.2077653E-15
 1.8995 1.0772681E-15
 1.9 3.5834324E-16
 1.9005 3.0873864E-15
 1.901 7.5956434E-15
 1.9015 1.5856084E-15
 1.902 -1.2625119E-16
 1.9025 -1.1437904E-16
 1.903 -4.621386E-16
 1.9035 2.0738253E-15
 1.904 1.0021916E-15
 1.9045 -6.1503314E-17
 1.905 -9.343506E-17
 1.9055 -1.6178599E-15
 1.906 9.268912E-16
 1.9065 2.649221E-15
 1.907 6.1855465E-16
 1.9075 6.252665E-16
 1.908 5.6478426E-16
 1.9085 4.40504E-16
 1.909 4.417148E-16
 1.9095 4.873826E-16
 1.91 3.6157007E-16
 1.9105 2.3134558E-16
 1.911 3.8617632E-16
 1.9115 8.6856733E-16
 1.912 4.632516E-16
 1.9125 1.6138234E-15
 1.913 2.9311596E-15
 1.9135 -1.2470497E-15
 1.914 7.296495E-15
 1.9145 7.9928146E-16
 1.915 6.972246E-16
 1.9155 5.858598E-16
 1.916 3.196532E-16
 1.9165 3.6730414E-16
 1.917 5.134717E-16
 1.9175 5.488675E-16
 1.918 5.0245243E-16
 1.9185 4.523795E-16
 1.919 3.8995361E-16
 1.9195 3.5081662E-16
 1.92 3.1356498E-16
 1.9205 6.451501E-16
 1.921 -2.381837E-16
 1.9215 6.3006297E-16
 1.922 4.969038E-16
 1.9225 5.232142E-16
 1.923 4.2260665E-16
 1.9235 4.1289383E-16
 1.924 3.6827484E-16
 1.9245 5.404855E-16
 1.925 5.5407284E-16
 1.9255 5.851459E-16
 1.926 4.227564E-16
 1.9265 4.1901955E-16
 1.927 3.533561E-16
 1.9275 2.7003098E-16
 1.928 5.0170916E-16
 1.9285 4.0299038E-16
 1.929 4.6284945E-16
 1.9295 5.482763E-16
 1.93 4.2071054E-16
 1.9305 4.2486686E-16
 1.931 4.5056525E-16
 1.9315 4.682456E-16
 1.932 3.0851613E-16
 1.9325 6.0023836E-16
 1.933 4.348075E-16
 1.9335 5.327863E-16
 1.934 3.4550326E-16
 1.9345 4.3372184E-16
 1.935 4.8994614E-16
 1.9355 5.051246E-16
 1.936 4.2525374E-16
 1.9365 3.9633516E-16
 1.937 3.4235529E-16
 1.9375 4.548525E-16
 1.938 4.2488443E-16
 1.9385 3.736624E-16
 1.939 4.3653725E-16
 1.9395 4.456033E-16
 1.94 5.050128E-16
 1.9405 5.764358E-16
 1.941 3.9089112E-16
 1.9415 4.197317E-16
 1.942 5.3131915E-16
 1.9425 6.112396E-16
 1.943 5.1215466E-16
 1.9435 4.5754417E-16
 1.944 4.0193632E-16
 1.9445 4.2821044E-16
 1.945 3.6080364E-16
 1.9455 5.156802E-16
 1.946 4.1897217E-16
 1.9465 4.4249771E-16
 1.947 4.5966186E-16
 1.9475 4.518587E-16
 1.948 4.960332E-16
 1.9485 3.8551482E-16
 1.949 5.0487086E-16
 1.9495 4.545564E-16
 1.95 5.226786E-16
 1.9505 4.5148534E-16
 1.951 3.9798544E-16
 1.9515 4.451636E-16
 1.952 4.547486E-16
 1.9525 4.1643065E-16
 1.953 4.4249986E-16
 1.9535 3.9183636E-16
 1.954 4.472057E-16
 1.9545 3.5952647E-16
 1.955 5.123447E-16
 1.9555 4.0468248E-16
 1.956 3.8689352E-16
 1.9565 3.707368E-16
 1.957 4.526558E-16
 1.9575 4.8009436E-16
 1.958 4.2350237E-16
 1.9585 3.9152984E-16
 1.959 4.70755E-16
 1.9595 4.6992393E-16
 1.96 5.085171E-16
 1.9605 4.8284197E-16
 1.961 4.3351445E-16
 1.9615 4.559698E-16
 1.962 4.297695E-16
 1.9625 4.582472E-16
 1.963 4.3200605E-16
 1.9635 4.212803E-16
 1.964 4.2028316E-16
 1.9645 4.6673384E-16
 1.965 5.215474E-16
 1.9655 4.84388E-16
 1.966 4.5181754E-16
 1.9665 4.6126603E-16
 1.967 4.708729E-16
 1.9675 4.6962593E-16
 1.968 4.3142366E-16
 1.9685 4.766308E-16
 1.969 4.8942564E-16
 1.9695 4.8409807E-16
 1.97 4.7959334E-16
 1.9705 4.748764E-16
 1.971 4.686848E-16
 1.9715 4.2644938E-16
 1.972 4.4014892E-16
 1.9725 4.8039707E-16
 1.973 4.8301704E-16
 1.9735 4.7764024E-16
 1.974 4.336962E-16
 1.9745 4.4972897E-16
 1.975 4.9648725E-16
 1.9755 4.55307E-16
 1.976 4.2355348E-16
 1.9765 4.3218927E-16
 1.977 4.0893827E-16
 1.9775 4.5027144E-16
 1.978 4.069087E-16
 1.9785 3.8887915E-16
 1.979 4.1810653E-16
 1.9795 4.356103E-16
 1.98 4.003014E-16
 1.9805 4.616543E-16
 1.981 4.9471743E-16
 1.9815 4.691555E-16
 1.982 4.4342162E-16
 1.9825 4.651812E-16
 1.983 4.2120553E-16
 1.9835 4.6106094E-16
 1.984 4.3514184E-16
 1.9845 4.5444345E-16
 1.985 4.5522764E-16
 1.9855 4.2884042E-16
 1.986 4.4616513E-16
 1.9865 4.298915E-16
 1.987 3.7677802E-16
 1.9875 4.539433E-16
 1.988 4.7184283E-16
 1.9885 4.586527E-16
 1.989 4.7450754E-16
 1.9895 4.687053E-16
 1.99 4.1586483E-16
 1.9905 4.030471E-16
 1.991 4.4031107E-16
 1.9915 4.71592E-16
 1.992 4.456087E-16
 1.9925 4.326449E-16
 1.993 4.364717E-16
 1.9935 4.3406698E-16
 1.994 4.464888E-16
 1.9945 4.537136E-16
 1.995 4.8015217E-16
 1.9955 4.3264937E-16
 1.996 4.3946044E-16
 1.9965 4.5723E-16
 1.997 4.4731005E-16
 1.9975 4.5550647E-16
 1.998 3.9478692E-16
 1.9985 4.098305E-16
 1.9990001 4.4864026E-16
 1.9995002 4.3798936E-16
 2. 4.206293E-16
 2.0005002 3.6277524E-16
 2.0010002 3.0881024E-16
 2.0015001 4.440831E-16
 2.002 3.8029765E-16
 2.0025 4.1079385E-16
 2.003 4.2061046E-16
 2.0035 4.6049375E-16
 2.0040002 4.2468072E-16
 2.0045002 4.3592228E-16
 2.005 4.3981828E-16
 2.0055 4.0206528E-16
 2.006 4.1135922E-16
 2.0065 4.174326E-16
 2.0070002 3.9869833E-16
 2.0075002 4.632726E-16
 2.0080001 4.560459E-16
 2.0085 4.4888903E-16
 2.009 4.7460654E-16
 2.0095 4.2013724E-16
 2.01 4.1410911E-16
 2.0105002 4.2502988E-16
 2.0110002 4.3140733E-16
 2.0115001 4.465422E-16
 2.012 4.2229998E-16
 2.0125 4.318149E-16
 2.013 4.0456202E-16
 2.0135002 4.207751E-16
 2.0140002 4.2112522E-16
 2.0145001 3.8941916E-16
 2.015 4.2780857E-16
 2.0155 4.2673403E-16
 2.016 3.9362947E-16
 2.0165 4.2594648E-16
 2.0170002 4.211685E-16
 2.0175002 4.5202474E-16
 2.0180001 4.46945E-16
 2.0185 4.851408E-16
 2.019 4.4352517E-16
 2.0195 4.2162598E-16
 2.02 4.101152E-16
 2.0205002 4.0764874E-16
 2.0210001 4.0355625E-16
 2.0215 4.338965E-16
 2.022 4.5778324E-16
 2.0225 4.5365195E-16
 2.023 4.2525866E-16
 2.0235002 4.4404884E-16
 2.0240002 4.38931E-16
 2.0245001 4.60525E-16
 2.025 4.640188E-16
 2.0255 4.543546E-16
 2.026 4.2834096E-16
 2.0265 4.137554E-16
 2.0270002 4.1887648E-16
 2.0275002 3.5697182E-16
 2.028 4.0647907E-16
 2.0285 4.3153102E-16
 2.029 4.456929E-16
 2.0295 4.2700702E-16
 2.0300002 4.2882449E-16
 2.0305002 4.242569E-16
 2.0310001 4.365774E-16
 2.0315 4.3717205E-16
 2.032 4.6715455E-16
 2.0325 4.723445E-16
 2.033 4.518828E-16
 2.0335002 4.2685868E-16
 2.0340002 4.3426707E-16
 2.0345001 4.4081432E-16
 2.035 4.2707703E-16
 2.0355 4.424748E-16
 2.036 4.3282783E-16
 2.0365002 4.3008355E-16
 2.0370002 4.506657E-16
 2.0375001 4.609688E-16
 2.038 4.6508774E-16
 2.0385 4.4337818E-16
 2.039 4.3961261E-16
 2.0395 4.4252651E-16
 2.0400002 4.1953092E-16
 2.0405002 3.9974187E-16
 2.0410001 3.73995E-16
 2.0415 3.693359E-16
 2.042 4.2674198E-16
 2.0425 4.545596E-16
 2.043 4.602588E-16
 2.0435002 4.652441E-16
 2.0440001 4.5104536E-16
 2.0445 4.3317892E-16
 2.045 4.178102E-16
 2.0455 4.1953507E-16
 2.046 4.3111327E-16
 2.0465002 4.3426437E-16
 2.0470002 4.4844704E-16
 2.0475001 4.5095076E-16
 2.048 4.7042706E-16
 2.0485 4.691009E-16
 2.049 4.402767E-16
 2.0495 4.176861E-16
 2.0500002 3.9991782E-16
 2.0505002 4.023259E-16
 2.051 4.377898E-16
 2.0515 4.4802394E-16
 2.052 4.4826514E-16
 2.0525 4.4297976E-16
 2.0530002 4.6078656E-16
 2.0535002 4.569409E-16
 2.0540001 4.396877E-16
 2.0545 4.1562226E-16
 2.055 4.059281E-16
 2.0555 4.199451E-16
 2.056 4.2888454E-16
 2.0565002 3.9161658E-16
 2.0570002 4.4546463E-16
 2.0575001 4.6711665E-16
 2.058 4.5874336E-16
 2.0585 4.6047946E-16
 2.059 4.6670224E-16
 2.0595002 4.7622786E-16
 2.0600002 4.6668964E-16
 2.0605001 4.5563083E-16
 2.061 4.2555398E-16
 2.0615 4.3350035E-16
 2.062 4.569059E-16
 2.0625 4.5613063E-16
 2.0630002 4.623274E-16
 2.0635002 4.1904583E-16
 2.0640001 4.495237E-16
 2.0645 4.235225E-16
 2.065 4.1089065E-16
 2.0655 4.385683E-16
 2.066 4.540367E-16
 2.0665002 4.409614E-16
 2.0670002 4.7717903E-16
 2.0675 4.7970234E-16
 2.068 4.3982035E-16
 2.0685 4.482084E-16
 2.069 4.662007E-16
 2.0695002 4.3689205E-16
 2.0700002 4.534354E-16
 2.0705001 4.603189E-16
 2.071 4.682054E-16
 2.0715 4.758145E-16
 2.072 4.2080623E-16
 2.0725 4.2561264E-16
 2.0730002 4.1433358E-16
 2.0735002 3.9638826E-16
 2.0740001 4.096237E-16
 2.0745 4.332962E-16
 2.075 4.488785E-16
 2.0755 4.3804878E-16
 2.0760002 4.553018E-16
 2.0765002 4.613593E-16
 2.0770001 4.4122513E-16
 2.0775 4.489558E-16
 2.078 4.459018E-16
 2.0785 4.501066E-16
 2.079 4.483946E-16
 2.0795002 4.467622E-16
 2.0800002 4.465034E-16
 2.0805001 4.4016414E-16
 2.081 4.3461724E-16
 2.0815 4.538216E-16
 2.082 4.6246495E-16
 2.0825 4.4756914E-16
 2.0830002 4.575579E-16
 2.0835001 4.538523E-16
 2.084 4.5559557E-16
 2.0845 4.5394957E-16
 2.085 4.4495996E-16
 2.0855 4.73436E-16
 2.0860002 4.3944162E-16
 2.0865002 4.3892567E-16
 2.0870001 4.521024E-16
 2.0875 4.459256E-16
 2.088 4.550604E-16
 2.0885 4.6214144E-16
 2.089 4.6507403E-16
 2.0895002 4.4714605E-16
 2.0900002 4.4622913E-16
 2.0905 4.327883E-16
 2.091 4.4308868E-16
 2.0915 4.774563E-16
 2.092 4.701915E-16
 2.0925002 4.624949E-16
 2.0930002 4.8828744E-16
 2.0935001 4.923427E-16
 2.094 4.6086904E-16
 2.0945 4.6555435E-16
 2.095 4.4254576E-16
 2.0955 4.573661E-16
 2.0960002 4.6756023E-16
 2.0965002 4.3930009E-16
 2.0970001 4.345584E-16
 2.0975 4.594309E-16
 2.098 4.613845E-16
 2.0985 4.612194E-16
 2.0990002 4.729326E-16
 2.0995002 4.762526E-16
 2.1000001 4.585785E-16
 2.1005 4.6960925E-16
 2.101 4.8415164E-16
 2.1015 4.772339E-16
 2.102 4.692151E-16
 2.1025002 4.6438375E-16
 2.1030002 4.652151E-16
 2.1035001 4.6883904E-16
 2.104 4.714539E-16
 2.1045 4.757965E-16
 2.105 4.746894E-16
 2.1055 4.548391E-16
 2.1060002 4.664879E-16
 2.1065001 4.468198E-16
 2.107 4.6688615E-16
 2.1075 4.827455E-16
 2.108 4.853722E-16
 2.1085 4.857163E-16
 2.1090002 4.567874E-16
 2.1095002 4.671677E-16
 2.1100001 4.4063133E-16
 2.1105 4.5622994E-16
 2.111 4.798162E-16
 2.1115 4.8003575E-16
 2.112 4.573454E-16
 2.1125002 4.6367933E-16
 2.1130002 4.752496E-16
 2.1135 4.8170245E-16
 2.114 4.973137E-16
 2.1145 4.873704E-16
 2.115 4.9342126E-16
 2.1155002 4.8748615E-16
 2.1160002 4.9270043E-16
 2.1165001 4.906495E-16
 2.117 4.563761E-16
 2.1175 4.6788364E-16
 2.118 4.4934807E-16
 2.1185 4.3796926E-16
 2.1190002 4.779732E-16
 2.1195002 4.846103E-16
 2.1200001 4.8242793E-16
 2.1205 4.7856853E-16
 2.121 4.868923E-16
 2.1215 4.7904245E-16
 2.1220002 4.9480854E-16
 2.1225002 4.9071525E-16
 2.1230001 4.8448384E-16
 2.1235 4.930412E-16
 2.124 4.886196E-16
 2.1245 4.8768864E-16
 2.125 4.9137006E-16
 2.1255002 5.078007E-16
 2.1260002 5.0311105E-16
 2.1265001 4.7239774E-16
 2.127 4.8101016E-16
 2.1275 4.792858E-16
 2.128 4.7970573E-16
 2.1285 4.926842E-16
 2.1290002 4.871946E-16
 2.1295002 4.8488634E-16
 2.13 4.922846E-16
 2.1305 4.845076E-16
 2.131 4.895344E-16
 2.1315 4.8835653E-16
 2.1320002 5.039288E-16
 2.1325002 4.8766387E-16
 2.1330001 5.048568E-16
 2.1335 4.995587E-16
 2.134 5.0529745E-16
 2.1345 5.0656853E-16
 2.135 5.1429077E-16
 2.1355002 5.0188285E-16
 2.1360002 4.6772164E-16
 2.1365001 5.139075E-16
 2.137 5.1238733E-16
 2.1375 5.076072E-16
 2.138 5.124094E-16
 2.1385002 5.053921E-16
 2.1390002 4.9009416E-16
 2.1395001 4.8019155E-16
 2.14 5.0208725E-16
 2.1405 4.976614E-16
 2.141 5.019876E-16
 2.1415 4.8505474E-16
 2.1420002 4.860328E-16
 2.1425002 4.890388E-16
 2.1430001 4.9955176E-16
 2.1435 4.8953803E-16
 2.144 4.986767E-16
 2.1445 5.345637E-16
 2.145 5.281821E-16
 2.1455002 5.269616E-16
 2.1460001 5.324606E-16
 2.1465 5.334173E-16
 2.147 5.167547E-16
 2.1475 5.136884E-16
 2.148 5.079368E-16
 2.1485002 5.1249035E-16
 2.1490002 5.097823E-16
 2.1495001 4.8687464E-16
 2.15 4.9354175E-16
 2.1505 4.859584E-16
 2.151 4.679577E-16
 2.1515 4.9264733E-16
 2.1520002 5.163838E-16
 2.1525002 5.0436847E-16
 2.153 4.9524794E-16
 2.1535 4.972161E-16
 2.154 5.1999374E-16
 2.1545 5.2606236E-16
 2.1550002 5.1163855E-16
 2.1555002 5.1373353E-16
 2.1560001 5.073673E-16
 2.1565 5.226756E-16
 2.157 5.2219406E-16
 2.1575 5.22895E-16
 2.158 5.055742E-16
 2.1585002 5.17532E-16
 2.1590002 5.1806917E-16
 2.1595001 5.221546E-16
 2.16 5.264289E-16
 2.1605 5.143935E-16
 2.161 5.1317083E-16
 2.1615002 5.2913105E-16
 2.1620002 5.339569E-16
 2.1625001 5.1875887E-16
 2.163 5.1344146E-16
 2.1635 5.040579E-16
 2.164 5.2748093E-16
 2.1645 5.420604E-16
 2.1650002 5.3402674E-16
 2.1655002 5.408054E-16
 2.1660001 5.1500726E-16
 2.1665 5.2866656E-16
 2.167 5.455251E-16
 2.1675 5.3112137E-16
 2.168 5.252671E-16
 2.1685002 5.2264643E-16
 2.1690001 5.541898E-16
 2.1695 5.611285E-16
 2.17 5.471444E-16
 2.1705 5.278843E-16
 2.171 5.033875E-16
 2.1715002 5.104965E-16
 2.1720002 5.185826E-16
 2.1725001 5.161161E-16
 2.173 5.2552275E-16
 2.1735 5.2721554E-16
 2.174 5.285638E-16
 2.1745 5.271941E-16
 2.1750002 5.381509E-16
 2.1755002 5.462891E-16
 2.176 5.296137E-16
 2.1765 5.120582E-16
 2.177 5.1618775E-16
 2.1775 5.2501214E-16
 2.1780002 5.372436E-16
 2.1785002 5.011988E-16
 2.1790001 5.2498557E-16
 2.1795 5.2789777E-16
 2.18 5.0866176E-16
 2.1805 5.2274453E-16
 2.181 5.1562575E-16
 2.1815002 5.3277044E-16
 2.1820002 5.312038E-16
 2.1825001 5.0037217E-16
 2.183 5.236464E-16
 2.1835 5.117882E-16
 2.184 5.3095233E-16
 2.1845002 5.257536E-16
 2.1850002 5.2012535E-16
 2.1855001 5.281186E-16
 2.186 5.385691E-16
 2.1865 5.4483917E-16
 2.187 5.315712E-16
 2.1875 5.394875E-16
 2.1880002 5.313808E-16
 2.1885002 4.8834483E-16
 2.1890001 5.3631643E-16
 2.1895 5.4148344E-16
 2.19 5.2953075E-16
 2.1905 5.337929E-16
 2.191 5.4485696E-16
 2.1915002 5.5049915E-16
 2.1920002 5.3115424E-16
 2.1925 5.4462154E-16
 2.193 5.202413E-16
 2.1935 5.213607E-16
 2.194 5.1521213E-16
 2.1945002 5.0551366E-16
 2.1950002 5.121009E-16
 2.1955001 5.4397303E-16
 2.196 5.210635E-16
 2.1965 5.2384456E-16
 2.197 5.4206466E-16
 2.1975 5.233813E-16
 2.1980002 5.18229E-16
 2.1985002 5.2956706E-16
 2.1990001 5.453102E-16
 2.1995 5.2164524E-16
 2.2 5.290669E-16
 2.2005 5.198915E-16
 2.2010002 5.3339475E-16
 2.2015002 5.4383983E-16
 2.2020001 5.364948E-16
 2.2025 5.3853963E-16
 2.203 5.2954403E-16
 2.2035 5.2574176E-16
 2.204 5.160665E-16
 2.2045002 5.1641497E-16
 2.2050002 5.037311E-16
 2.2055001 5.402873E-16
 2.206 5.1595816E-16
 2.2065 4.783909E-16
 2.207 4.888346E-16
 2.2075 5.2475803E-16
 2.2080002 5.3301846E-16
 2.2085001 5.2663665E-16
 2.209 4.8671704E-16
 2.2095 5.106548E-16
 2.21 5.263854E-16
 2.2105 5.4394804E-16
 2.2110002 5.462165E-16
 2.2115002 5.3048085E-16
 2.2120001 5.345659E-16
 2.2125 5.22955E-16
 2.213 5.280036E-16
 2.2135 5.440946E-16
 2.214 5.363854E-16
 2.2145002 5.449877E-16
 2.2150002 5.406036E-16
 2.2155 5.4536523E-16
 2.216 5.3262236E-16
 2.2165 5.3152736E-16
 2.217 5.435126E-16
 2.2175002 5.397331E-16
 2.2180002 5.287878E-16
 2.2185001 5.6399117E-16
 2.219 5.5567294E-16
 2.2195 5.305066E-16
 2.22 5.0874816E-16
 2.2205 5.019803E-16
 2.2210002 5.210724E-16
 2.2215002 5.184094E-16
 2.2220001 5.328956E-16
 2.2225 5.438312E-16
 2.223 5.3717405E-16
 2.2235 5.5116593E-16
 2.2240002 5.484365E-16
 2.2245002 5.5444225E-16
 2.2250001 5.4626055E-16
 2.2255 5.6919793E-16
 2.226 5.702808E-16
 2.2265 5.535904E-16
 2.227 5.3201425E-16
 2.2275002 5.4388843E-16
 2.2280002 5.5067137E-16
 2.2285001 5.3195956E-16
 2.229 5.3623327E-16
 2.2295 5.3880057E-16
 2.23 5.2867567E-16
 2.2305 5.4259157E-16
 2.2310002 5.378656E-16
 2.2315001 5.416583E-16
 2.232 5.562671E-16
 2.2325 5.4552675E-16
 2.233 5.518908E-16
 2.2335 5.266028E-16
 2.2340002 5.4000643E-16
 2.2345002 5.2903994E-16
 2.2350001 5.266419E-16
 2.2355 5.2470176E-16
 2.236 5.1526E-16
 2.2365 5.0986026E-16
 2.237 5.2726636E-16
 2.2375002 5.3192737E-16
 2.2380002 5.5067835E-16
 2.2385 5.443518E-16
 2.239 5.3946597E-16
 2.2395 5.438907E-16
 2.24 5.5023027E-16
 2.2405002 5.623196E-16
 2.2410002 5.5982456E-16
 2.2415001 5.495715E-16
 2.242 5.422735E-16
 2.2425 5.448749E-16
 2.243 5.447115E-16
 2.2435 5.230892E-16
 2.2440002 5.3440886E-16
 2.2445002 5.4696306E-16
 2.2450001 5.349483E-16
 2.2455 5.411628E-16
 2.246 5.3978143E-16
 2.2465 5.439814E-16
 2.2470002 5.356808E-16
 2.2475002 5.4087485E-16
 2.2480001 5.209513E-16
 2.2485 5.2959835E-16
 2.249 5.36955E-16
 2.2495 5.416394E-16
 2.25 5.3988207E-16
 2.2505002 5.4018314E-16
 2.2510002 5.208509E-16
 2.2515001 5.420769E-16
 2.252 5.555653E-16
 2.2525 5.224532E-16
 2.253 5.285145E-16
 2.2535 5.5353E-16
 2.2540002 5.5387956E-16
 2.2545002 5.2558246E-16
 2.255 5.211992E-16
 2.2555 5.4538424E-16
 2.256 5.2433833E-16
 2.2565 5.348494E-16
 2.2570002 5.152389E-16
 2.2575002 5.361943E-16
 2.2580001 5.5194964E-16
 2.2585 5.192919E-16
 2.259 5.51448E-16
 2.2595 5.525818E-16
 2.26 5.401332E-16
 2.2605002 5.439924E-16
 2.2610002 5.2500457E-16
 2.2615001 5.0480125E-16
 2.262 5.431826E-16
 2.2625 5.229858E-16
 2.263 5.221629E-16
 2.2635002 5.000612E-16
 2.2640002 5.0733933E-16
 2.2645001 5.0010027E-16
 2.265 5.114018E-16
 2.2655 5.18934E-16
 2.266 5.1614546E-16
 2.2665 5.3172345E-16
 2.2670002 5.1833567E-16
 2.2675002 5.366341E-16
 2.2680001 5.4526894E-16
 2.2685 5.159632E-16
 2.269 5.34102E-16
 2.2695 5.369832E-16
 2.27 5.17706E-16
 2.2705002 5.2228364E-16
 2.2710001 5.256047E-16
 2.2715 5.193953E-16
 2.272 5.2759326E-16
 2.2725 5.1228415E-16
 2.273 5.233244E-16
 2.2735002 5.3770303E-16
 2.2740002 5.321424E-16
 2.2745001 5.089206E-16
 2.275 4.9985664E-16
 2.2755 5.0481925E-16
 2.276 5.1004804E-16
 2.2765 5.164716E-16
 2.2770002 5.205445E-16
 2.2775002 5.506258E-16
 2.278 5.4347466E-16
 2.2785 5.319827E-16
 2.279 5.2917663E-16
 2.2795 5.299003E-16
 2.2800002 5.070373E-16
 2.2805002 5.0751906E-16
 2.2810001 4.9324184E-16
 2.2815 4.760644E-16
 2.282 5.272561E-16
 2.2825 5.3486367E-16
 2.283 5.090916E-16
 2.2835002 5.2926557E-16
 2.2840002 5.168318E-16
 2.2845001 5.3490136E-16
 2.285 5.102669E-16
 2.2855 5.143567E-16
 2.286 5.3801103E-16
 2.2865002 5.3124805E-16
 2.2870002 5.3354293E-16
 2.2875001 5.2551195E-16
 2.288 5.3001244E-16
 2.2885 5.447226E-16
 2.289 5.227242E-16
 2.2895 5.174881E-16
 2.2900002 5.158394E-16
 2.2905002 5.4308814E-16
 2.2910001 5.511485E-16
 2.2915 5.2357605E-16
 2.292 5.197034E-16
 2.2925 5.084498E-16
 2.293 5.2184837E-16
 2.2935002 4.766807E-16
 2.2940001 4.2953507E-16
 2.2945 4.14514E-16
 2.295 4.1921188E-16
 2.2955 4.268079E-16
 2.296 4.452432E-16
 2.2965002 4.4330573E-16
 2.2970002 4.5178403E-16
 2.2975001 4.64815E-16
 2.298 4.642289E-16
 2.2985 4.582042E-16
 2.299 4.5399605E-16
 2.2995 4.9167393E-16
 2.3000002 5.002698E-16
 2.3005002 4.8004925E-16
 2.301 4.763652E-16
 2.3015 4.550555E-16
 2.302 4.6505365E-16
 2.3025 4.8982767E-16
 2.3030002 4.782833E-16
 2.3035002 4.9854755E-16
 2.3040001 5.0023325E-16
 2.3045 5.1475045E-16
 2.305 5.0986555E-16
 2.3055 4.727629E-16
 2.306 4.5830713E-16
 2.3065002 4.8434096E-16
 2.3070002 4.9789925E-16
 2.3075001 5.0079574E-16
 2.308 4.6840435E-16
 2.3085 4.957498E-16
 2.309 5.009657E-16
 2.3095002 4.844489E-16
 2.3100002 4.8089904E-16
 2.3105001 4.7353726E-16
 2.311 4.8603005E-16
 2.3115 4.794125E-16
 2.312 4.542145E-16
 2.3125 4.737989E-16
 2.3130002 4.8068903E-16
 2.3135002 4.766541E-16
 2.3140001 4.785017E-16
 2.3145 4.7721254E-16
 2.315 4.7221494E-16
 2.3155 4.686252E-16
 2.316 4.7725897E-16
 2.3165002 4.6993976E-16
 2.3170002 4.2931648E-16
 2.3175 4.6969486E-16
 2.318 4.4364452E-16
 2.3185 4.877841E-16
 2.319 4.747033E-16
 2.3195002 4.865935E-16
 2.3200002 4.9423345E-16
 2.3205001 4.788578E-16
 2.321 4.712388E-16
 2.3215 4.7575945E-16
 2.322 4.7032304E-16
 2.3225 4.4268269E-16
 2.3230002 4.1782402E-16
 2.3235002 3.9427605E-16
 2.3240001 3.8726955E-16
 2.3245 4.3830183E-16
 2.325 4.5172193E-16
 2.3255 4.2427084E-16
 2.3260002 4.2893764E-16
 2.3265002 4.310135E-16
 2.3270001 4.4014519E-16
 2.3275 4.727778E-16
 2.328 4.696146E-16
 2.3285 4.4179507E-16
 2.329 4.43859E-16
 2.3295002 4.6779443E-16
 2.3300002 4.5676575E-16
 2.3305001 4.6971016E-16
 2.331 4.3262928E-16
 2.3315 4.233074E-16
 2.332 4.3680129E-16
 2.3325 4.550866E-16
 2.3330002 4.673806E-16
 2.3335001 4.6321394E-16
 2.334 4.6428703E-16
 2.3345 4.6063076E-16
 2.335 4.5458887E-16
 2.3355 4.051885E-16
 2.3360002 4.2639003E-16
 2.3365002 4.467441E-16
 2.3370001 4.53275E-16
 2.3375 4.499703E-16
 2.338 4.4287515E-16
 2.3385 4.0638634E-16
 2.339 4.272945E-16
 2.3395002 4.295376E-16
 2.3400002 4.2301754E-16
 2.3405 4.1063755E-16
 2.341 4.3457187E-16
 2.3415 4.2999093E-16
 2.342 4.3773466E-16
 2.3425002 4.5702076E-16
 2.3430002 4.4328236E-16
 2.3435001 4.766894E-16
 2.344 4.638932E-16
 2.3445 4.431734E-16
 2.345 4.1621433E-16
 2.3455 3.900339E-16
 2.3460002 4.47425E-16
 2.3465002 4.716818E-16
 2.3470001 4.5568864E-16
 2.3475 4.261059E-16
 2.348 4.4433834E-16
 2.3485 4.669419E-16
 2.3490002 4.586605E-16
 2.3495002 4.3222508E-16
 2.3500001 4.1580805E-16
 2.3505 4.3955377E-16
 2.351 4.2587112E-16
 2.3515 4.2401413E-16
 2.352 4.053089E-16
 2.3525002 3.8731836E-16
 2.3530002 3.6255935E-16
 2.3535001 3.7896378E-16
 2.354 3.825121E-16
 2.3545 4.904513E-16
 2.355 4.86553E-16
 2.3555 5.1400336E-16
 2.3560002 3.9253132E-16
 2.3565001 4.1689768E-16
 2.357 4.25297E-16
 2.3575 4.1329146E-16
 2.358 4.3471608E-16
 2.3585 4.3010766E-16
 2.3590002 4.0393344E-16
 2.3595002 4.506499E-16
 2.3600001 4.3325711E-16
 2.3605 4.1994578E-16
 2.361 4.2298086E-16
 2.3615 4.0164865E-16
 2.362 4.1732382E-16
 2.3625002 4.178395E-16
 2.3630002 4.2493022E-16
 2.3635 4.3640863E-16
 2.364 4.147742E-16
 2.3645 4.124491E-16
 2.365 4.363964E-16
 2.3655002 4.4695525E-16
 2.3660002 4.646254E-16
 2.3665001 4.464672E-16
 2.367 4.1977786E-16
 2.3675 4.0601836E-16
 2.368 4.0744993E-16
 2.3685 4.1924314E-16
 2.3690002 4.1041901E-16
 2.3695002 4.273334E-16
 2.3700001 4.1695472E-16
 2.3705 3.765944E-16
 2.371 3.8458867E-16
 2.3715 4.3615108E-16
 2.3720002 4.4101768E-16
 2.3725002 4.726205E-16
 2.3730001 4.361006E-16
 2.3735 4.1555328E-16
 2.374 4.2544273E-16
 2.3745 4.409216E-16
 2.375 4.2172087E-16
 2.3755002 4.0548846E-16
 2.3760002 4.0994086E-16
 2.3765001 4.087467E-16
 2.377 4.0282388E-16
 2.3775 4.3116526E-16
 2.378 4.5493695E-16
 2.3785 3.8107366E-16
 2.3790002 4.5459904E-16
 2.3795002 4.251912E-16
 2.38 3.9655375E-16
 2.3805 4.1937358E-16
 2.381 4.277326E-16
 2.3815 4.1406515E-16
 2.3820002 4.0001314E-16
 2.3825002 4.1655315E-16
 2.3830001 3.8967245E-16
 2.3835 3.5215988E-16
 2.384 3.6470348E-16
 2.3845 3.9827222E-16
 2.385 4.1359714E-16
 2.3855002 4.0751697E-16
 2.3860002 3.7531522E-16
 2.3865001 3.4740868E-16
 2.387 3.9001627E-16
 2.3875 3.943911E-16
 2.388 3.807064E-16
 2.3885002 3.9402612E-16
 2.3890002 4.1201107E-16
 2.3895001 4.0279823E-16
 2.39 4.229747E-16
 2.3905 4.1563364E-16
 2.391 3.9165758E-16
 2.3915 3.644648E-16
 2.3920002 3.830505E-16
 2.3925002 4.0835212E-16
 2.3930001 3.8933314E-16
 2.3935 3.9080216E-16
 2.394 4.1995414E-16
 2.3945 4.1446204E-16
 2.395 4.1698543E-16
 2.3955002 3.8310207E-16
 2.3960001 4.1665458E-16
 2.3965 4.0180654E-16
 2.397 3.557916E-16
 2.3975 4.2498848E-16
 2.398 4.0363208E-16
 2.3985002 3.765567E-16
 2.3990002 3.9796729E-16
 2.3995001 3.9942818E-16
 2.4 4.0897408E-16
 2.4005 3.710724E-16
 2.401 4.0544598E-16
 2.4015 3.9521935E-16
 2.4020002 3.5593659E-16
 2.4025002 3.9679523E-16
 2.403 3.8970292E-16
 2.4035 3.9135207E-16
 2.404 3.9393784E-16
 2.4045 3.955247E-16
 2.4050002 4.1768656E-16
 2.4055002 4.0764575E-16
 2.4060001 3.764654E-16
 2.4065 3.6194573E-16
 2.407 3.4263939E-16
 2.4075 3.8358633E-16
 2.408 3.8566313E-16
 2.4085002 3.9294915E-16
 2.4090002 3.948956E-16
 2.4095001 3.6583308E-16
 2.41 3.5080386E-16
 2.4105 3.7154446E-16
 2.411 3.869829E-16
 2.4115002 3.725662E-16
 2.4120002 3.3644543E-16
 2.4125001 3.37823E-16
 2.413 3.8641058E-16
 2.4135 3.509749E-16
 2.414 3.3280237E-16
 2.4145 3.4825251E-16
 2.4150002 3.9193133E-16
 2.4155002 3.6243968E-16
 2.4160001 3.351005E-16
 2.4165 3.3962795E-16
 2.417 2.967074E-16
 2.4175 3.9270875E-16
 2.418 3.319397E-16
 2.4185002 3.0545485E-16
 2.4190001 3.0562913E-16
 2.4195 3.4199985E-16
 2.42 3.407735E-16
 2.4205 3.5100537E-16
 2.421 3.8230612E-16
 2.4215002 3.6733656E-16
 2.4220002 3.484011E-16
 2.4225001 3.3165152E-16
 2.423 3.3503097E-16
 2.4235 3.3129036E-16
 2.424 3.3198988E-16
 2.4245 3.7039316E-16
 2.4250002 3.7526508E-16
 2.4255002 3.6157526E-16
 2.426 3.2733554E-16
 2.4265 2.9621417E-16
 2.427 3.3421673E-16
 2.4275 3.7259603E-16
 2.4280002 3.5258366E-16
 2.4285002 3.6020907E-16
 2.4290001 3.4914582E-16
 2.4295 3.4832944E-16
 2.43 3.6271356E-16
 2.4305 3.4642668E-16
 2.431 3.429461E-16
 2.4315002 3.62511E-16
 2.4320002 3.6379337E-16
 2.4325001 3.660434E-16
 2.433 3.4832663E-16
 2.4335 3.502938E-16
 2.434 3.3506556E-16
 2.4345002 2.7545326E-16
 2.4350002 3.0444487E-16
 2.4355001 2.0961328E-16
 2.436 2.5037823E-16
 2.4365 2.8920008E-16
 2.437 2.9687798E-16
 2.4375 3.9083696E-16
 2.4380002 3.2960355E-16
 2.4385002 3.1678791E-16
 2.4390001 3.82188E-16
 2.4395 3.700514E-16
 2.44 3.468663E-16
 2.4405 3.3057735E-16
 2.441 3.5029196E-16
 2.4415002 3.5924507E-16
 2.4420002 3.4140666E-16
 2.4425 3.4927237E-16
 2.443 2.946192E-16
 2.4435 3.158125E-16
 2.444 3.1818086E-16
 2.4445002 3.1926578E-16
 2.4450002 2.9930957E-16
 2.4455001 2.9387056E-16
 2.446 2.8208402E-16
 2.4465 2.7599737E-16
 2.447 3.1095914E-16
 2.4475 3.047533E-16
 2.4480002 2.8053543E-16
 2.4485002 2.979621E-16
 2.4490001 3.6459099E-16
 2.4495 3.2601448E-16
 2.45 3.114742E-16
 2.4505 2.7524968E-16
 2.4510002 1.8441231E-16
 2.4515002 2.0619372E-16
 2.4520001 2.6766718E-16
 2.4525 4.3835755E-16
 2.453 3.844759E-16
 2.4535 2.731818E-16
 2.454 2.9291236E-16
 2.4545002 2.4688078E-16
 2.4550002 2.7330482E-16
 2.4555001 3.6257963E-16
 2.456 3.81438E-16
 2.4565 3.7688037E-16
 2.457 3.4733465E-16
 2.4575 3.2519818E-16
 2.4580002 3.4903824E-16
 2.4585001 0.
 2.459 0.
 2.4595 0.
 2.46 0.
 2.4605 0.
 2.4610002 0.
 2.4615002 0.
 2.4620001 0.
 2.4625 0.
 2.463 0.
 2.4635 0.
 2.464 0.
 2.4645002 0.
 2.4650002 0.
 2.4655 0.
 2.466 0.
 2.4665 0.
 2.467 0.
 2.4675002 0.
 2.4680002 0.
 2.4685001 0.
 2.469 0.
 2.4695 0.
 2.47 0.
 2.4705 0.
 2.4710002 0.
 2.4715002 0.
 2.4720001 0.
 2.4725 0.
 2.473 0.
 2.4735 0.
 2.4740002 0.
 2.4745002 0.
 2.4750001 0.
 2.4755 0.
 2.476 0.
 2.4765 0.
 2.477 0.
 2.4775002 0.
 2.4780002 0.
 2.4785001 0.
 2.479 0.
 2.4795 0.
 2.48 0.
 2.4805 0.
 2.4810002 0.
 2.4815001 0.
 2.482 0.
 2.4825 0.
 2.483 0.
 2.4835 0.
 2.4840002 0.
 2.4845002 0.
 2.4850001 0.
 2.4855 0.
 2.486 0.
 2.4865 0.
 2.487 0.
 2.4875002 0.
 2.4880002 0.
 2.4885 0.
 2.489 0.
 2.4895 0.
 2.49 0.
 2.4905002 0.
 2.4910002 0.
 2.4915001 0.
 2.492 0.
 2.4925 0.
 2.493 0.
