 1.088035 0.
 1.08818 0.
 1.088325 0.
 1.08847 0.
 1.088615 0.
 1.08876 0.
 1.088905 0.
 1.08905 0.
 1.089195 0.
 1.08934 0.
 1.089485 0.
 1.08963 0.
 1.089775 0.
 1.08992 0.
 1.090065 0.
 1.09021 0.
 1.090355 0.
 1.0905 0.
 1.090645 0.
 1.09079 0.
 1.090935 0.
 1.09108 0.
 1.091225 0.
 1.09137 0.
 1.091515 0.
 1.09166 0.
 1.091805 0.
 1.09195 0.
 1.092095 0.
 1.09224 0.
 1.092385 0.
 1.09253 0.
 1.092675 0.
 1.09282 0.
 1.092965 0.
 1.09311 0.
 1.093255 0.
 1.0934 0.
 1.093545 0.
 1.09369 0.
 1.093835 0.
 1.09398 0.
 1.094125 0.
 1.09427 0.
 1.094415 0.
 1.09456 0.
 1.094705 0.
 1.09485 0.
 1.094995 0.
 1.09514 0.
 1.095285 0.
 1.09543 0.
 1.095575 0.
 1.09572 0.
 1.095865 0.
 1.09601 0.
 1.096155 0.
 1.0963 0.
 1.096445 0.
 1.09659 0.
 1.096735 0.
 1.09688 0.
 1.097025 0.
 1.09717 0.
 1.097315 0.
 1.09746 0.
 1.097605 0.
 1.09775 0.
 1.097895 0.
 1.09804 0.
 1.098185 0.
 1.09833 0.
 1.098475 0.
 1.09862 0.
 1.098765 0.
 1.09891 0.
 1.099055 0.
 1.0992 0.
 1.099345 0.
 1.09949 0.
 1.099635 1.8055128E-15
 1.09978 1.4379815E-15
 1.099925 1.4829785E-15
 1.10007 1.9747514E-15
 1.100215 2.2144325E-15
 1.10036 1.8210442E-15
 1.100505 1.6065339E-15
 1.10065 1.9883345E-15
 1.100795 1.6997501E-15
 1.10094 2.0290253E-15
 1.101085 1.898528E-15
 1.10123 1.6990716E-15
 1.101375 1.785995E-15
 1.10152 2.0824373E-15
 1.101665 2.3460096E-15
 1.10181 2.1603304E-15
 1.101955 1.8098303E-15
 1.1021 2.0051502E-15
 1.102245 1.7651083E-15
 1.10239 2.1733082E-15
 1.102535 1.8588902E-15
 1.10268 1.1651321E-15
 1.102825 1.303738E-15
 1.10297 1.3527868E-15
 1.103115 1.4753659E-15
 1.10326 1.6126169E-15
 1.103405 1.770524E-15
 1.10355 1.9612815E-15
 1.103695 2.1542204E-15
 1.10384 1.4970598E-15
 1.103985 1.8143704E-15
 1.10413 2.2973185E-15
 1.104275 1.4030685E-15
 1.10442 1.5418175E-15
 1.104565 1.8523048E-15
 1.10471 2.175691E-15
 1.104855 1.1314674E-15
 1.105 1.3733934E-15
 1.105145 1.389624E-15
 1.10529 1.3211282E-15
 1.105435 1.0580473E-15
 1.10558 1.5779196E-15
 1.105725 1.3982138E-15
 1.10587 1.2737438E-15
 1.106015 1.6708242E-15
 1.10616 1.5064516E-15
 1.106305 1.7858563E-15
 1.10645 1.7560027E-15
 1.106595 1.6382759E-15
 1.10674 2.1012003E-15
 1.106885 1.5806979E-15
 1.10703 1.3549479E-15
 1.107175 1.5573516E-15
 1.10732 1.9304726E-15
 1.107465 1.6758121E-15
 1.10761 1.7305499E-15
 1.107755 2.060762E-15
 1.1079 1.7250154E-15
 1.108045 1.3830455E-15
 1.10819 1.9326715E-15
 1.108335 1.6743126E-15
 1.10848 1.6803649E-15
 1.108625 1.7227536E-15
 1.10877 2.110516E-15
 1.108915 1.6526102E-15
 1.10906 1.8503206E-15
 1.109205 1.4181008E-15
 1.10935 1.4440059E-15
 1.109495 1.7113044E-15
 1.10964 7.9653364E-16
 1.109785 1.4300373E-15
 1.10993 1.4296484E-15
 1.110075 1.5293572E-15
 1.11022 1.7638259E-15
 1.110365 1.5895827E-15
 1.11051 1.6766352E-15
 1.110655 1.6319642E-15
 1.1108 1.6519167E-15
 1.110945 1.6608525E-15
 1.11109 1.4766419E-15
 1.111235 1.7680747E-15
 1.11138 1.9496666E-15
 1.111525 1.5518842E-15
 1.11167 1.5083954E-15
 1.111815 1.7368459E-15
 1.11196 1.3299915E-15
 1.112105 1.1300818E-15
 1.11225 1.4080482E-15
 1.112395 1.7005461E-15
 1.11254 1.8436983E-15
 1.112685 1.5104086E-15
 1.11283 1.6187058E-15
 1.112975 1.4814018E-15
 1.11312 1.9456427E-15
 1.113265 2.0241754E-15
 1.11341 1.7398276E-15
 1.113555 1.9832097E-15
 1.1137 2.2223478E-15
 1.113845 1.4355718E-15
 1.11399 1.7360602E-15
 1.114135 1.4722737E-15
 1.11428 1.7025145E-15
 1.114425 1.4148878E-15
 1.11457 1.1572392E-15
 1.114715 1.8293267E-15
 1.11486 1.7975073E-15
 1.115005 1.3743553E-15
 1.11515 1.1578605E-15
 1.115295 1.6919768E-15
 1.11544 2.0752748E-15
 1.115585 1.6643691E-15
 1.11573 1.4664715E-15
 1.115875 1.3269945E-15
 1.11602 1.5311313E-15
 1.116165 1.828307E-15
 1.11631 1.6802669E-15
 1.116455 1.8189499E-15
 1.1166 1.6854787E-15
 1.116745 1.755984E-15
 1.11689 1.7989608E-15
 1.117035 1.2219601E-15
 1.11718 1.5750275E-15
 1.117325 1.9149636E-15
 1.11747 1.27933E-15
 1.117615 1.051049E-15
 1.11776 1.4228938E-15
 1.117905 1.2253029E-15
 1.11805 1.590816E-15
 1.118195 1.2036012E-15
 1.11834 1.7719685E-15
 1.118485 1.6254876E-15
 1.11863 2.3904487E-15
 1.118775 1.5704501E-15
 1.11892 1.5887531E-15
 1.119065 1.5273588E-15
 1.11921 1.4192014E-15
 1.119355 1.8319364E-15
 1.1195 1.4177504E-15
 1.119645 1.4995171E-15
 1.11979 2.1194295E-15
 1.119935 1.281625E-15
 1.12008 2.19169E-15
 1.120225 2.089076E-15
 1.12037 1.8557314E-15
 1.120515 1.8035724E-15
 1.12066 1.5482923E-15
 1.120805 1.4542825E-15
 1.12095 1.5391403E-15
 1.121095 1.3362317E-15
 1.12124 1.2377881E-15
 1.121385 1.7403976E-15
 1.12153 1.7396733E-15
 1.121675 1.8340982E-15
 1.12182 1.7435446E-15
 1.121965 1.4383914E-15
 1.12211 9.667333E-16
 1.122255 6.315817E-16
 1.1224 1.0109484E-15
 1.122545 1.6629966E-15
 1.12269 1.1177101E-15
 1.122835 1.2111467E-15
 1.12298 1.4328191E-15
 1.123125 1.995353E-15
 1.12327 1.861453E-15
 1.123415 1.8487667E-15
 1.12356 1.7196511E-15
 1.123705 1.773383E-15
 1.12385 1.4715969E-15
 1.123995 1.5245816E-15
 1.12414 6.1785765E-16
 1.124285 1.143654E-15
 1.12443 1.7465483E-15
 1.124575 1.9992262E-15
 1.12472 1.3834963E-15
 1.124865 1.7238822E-15
 1.12501 1.9825607E-15
 1.125155 1.8221246E-15
 1.1253 2.453207E-15
 1.125445 1.9163356E-15
 1.12559 1.3720566E-15
 1.125735 1.1218237E-15
 1.12588 1.6317921E-15
 1.126025 1.3908538E-15
 1.12617 6.6772396E-16
 1.126315 1.5967409E-15
 1.12646 1.8194164E-15
 1.126605 1.5827143E-15
 1.12675 1.3071551E-15
 1.126895 1.4474772E-15
 1.12704 1.968584E-15
 1.127185 1.7166018E-15
 1.12733 1.3893566E-15
 1.127475 1.5206537E-15
 1.12762 1.5503954E-15
 1.127765 1.5802066E-15
 1.12791 1.7112143E-15
 1.128055 1.2750826E-15
 1.1282 1.3095441E-15
 1.128345 2.4117127E-15
 1.12849 1.9737517E-15
 1.128635 1.6718025E-15
 1.12878 1.2481364E-15
 1.128925 1.9367739E-15
 1.12907 1.9236277E-15
 1.129215 1.9245976E-15
 1.12936 1.4886982E-15
 1.129505 2.0299987E-15
 1.12965 1.984406E-15
 1.129795 1.9310875E-15
 1.12994 1.1683655E-15
 1.130085 1.3875949E-15
 1.13023 1.4393487E-15
 1.130375 1.5193727E-15
 1.13052 1.645408E-15
 1.130665 1.7887705E-15
 1.13081 1.5365928E-15
 1.130955 1.4600251E-15
 1.1311 1.6355283E-15
 1.131245 1.5131087E-15
 1.13139 1.8751268E-15
 1.131535 1.3988399E-15
 1.13168 1.4285355E-15
 1.131825 1.3922352E-15
 1.13197 1.8100014E-15
 1.132115 1.2902366E-15
 1.13226 1.3491917E-15
 1.132405 1.8979664E-15
 1.13255 2.2839587E-15
 1.132695 1.9018757E-15
 1.13284 1.9772587E-15
 1.132985 1.8801794E-15
 1.13313 2.1010921E-15
 1.133275 1.867399E-15
 1.13342 1.804341E-15
 1.133565 1.7156282E-15
 1.13371 1.7577737E-15
 1.133855 1.2867057E-15
 1.134 1.3553708E-15
 1.134145 1.4398421E-15
 1.13429 1.5926615E-15
 1.134435 1.9660162E-15
 1.13458 1.7479433E-15
 1.134725 1.1426599E-15
 1.13487 1.9003476E-15
 1.135015 1.4904358E-15
 1.13516 1.8375166E-15
 1.135305 9.150742E-16
 1.13545 1.1865553E-15
 1.135595 1.3648226E-15
 1.13574 1.3394511E-15
 1.135885 1.610949E-15
 1.13603 1.6480488E-15
 1.136175 1.3776035E-15
 1.13632 9.695439E-16
 1.136465 1.2668585E-15
 1.13661 1.6427714E-15
 1.136755 1.7074193E-15
 1.1369 1.7199251E-15
 1.137045 1.6696769E-15
 1.13719 1.4996267E-15
 1.137335 1.5744241E-15
 1.13748 1.251826E-15
 1.137625 1.4758423E-15
 1.13777 1.2534973E-15
 1.137915 1.3558463E-15
 1.13806 1.0919428E-15
 1.138205 1.835213E-15
 1.13835 1.5433061E-15
 1.138495 1.7478683E-15
 1.13864 1.548471E-15
 1.138785 1.1272787E-15
 1.13893 1.1122926E-15
 1.139075 1.5293239E-15
 1.13922 2.0482667E-15
 1.139365 1.8665326E-15
 1.13951 1.4201358E-15
 1.139655 1.1357273E-15
 1.1398 1.5044851E-15
 1.139945 1.1179326E-15
 1.14009 1.5387477E-15
 1.140235 1.3698123E-15
 1.14038 1.2347947E-15
 1.140525 1.3158047E-15
 1.14067 9.033683E-16
 1.140815 1.0462676E-15
 1.14096 1.1440746E-15
 1.141105 8.675521E-16
 1.14125 1.6579255E-15
 1.141395 1.317561E-15
 1.14154 9.513042E-16
 1.141685 1.520802E-15
 1.14183 1.5227902E-15
 1.141975 1.8344358E-15
 1.14212 1.6272789E-15
 1.142265 1.7265891E-15
 1.14241 1.9172741E-15
 1.142555 1.8817197E-15
 1.1427 1.8158652E-15
 1.142845 1.863998E-15
 1.14299 1.4402283E-15
 1.143135 1.9912402E-15
 1.14328 1.561502E-15
 1.143425 1.3878569E-15
 1.14357 1.7424947E-15
 1.143715 1.7873331E-15
 1.14386 1.8902277E-15
 1.144005 1.524675E-15
 1.14415 1.8558443E-15
 1.144295 1.2676759E-15
 1.14444 1.6031239E-15
 1.144585 1.6273561E-15
 1.14473 1.7120205E-15
 1.144875 1.2445375E-15
 1.14502 1.7044768E-15
 1.145165 1.8052504E-15
 1.14531 1.5940014E-15
 1.145455 1.452742E-15
 1.1456 1.347248E-15
 1.145745 1.8046236E-15
 1.14589 1.5733427E-15
 1.146035 1.0862998E-15
 1.14618 1.4122491E-15
 1.146325 1.6936497E-15
 1.14647 1.0311757E-15
 1.146615 1.6879478E-15
 1.14676 1.7640321E-15
 1.146905 1.7685758E-15
 1.14705 1.1480067E-15
 1.147195 1.672699E-15
 1.14734 1.0827816E-15
 1.147485 1.5741024E-15
 1.14763 2.1876102E-15
 1.147775 1.4937433E-15
 1.14792 1.3847317E-15
 1.148065 1.6410551E-15
 1.14821 1.4683733E-15
 1.148355 2.2732766E-15
 1.1485 1.6538813E-15
 1.148645 1.6657821E-15
 1.14879 1.7550657E-15
 1.148935 1.2212374E-15
 1.14908 1.03015E-15
 1.149225 1.6484625E-15
 1.14937 1.7313317E-15
 1.149515 1.9522326E-15
 1.14966 2.154013E-15
 1.149805 1.9220897E-15
 1.14995 1.4247002E-15
 1.150095 1.608366E-15
 1.15024 1.9473775E-15
 1.150385 1.772031E-15
 1.15053 1.6771322E-15
 1.150675 1.7280327E-15
 1.15082 1.6292205E-15
 1.150965 1.8726444E-15
 1.15111 1.8150482E-15
 1.151255 1.7949482E-15
 1.1514 1.3886929E-15
 1.151545 1.450952E-15
 1.15169 2.0966742E-15
 1.151835 1.3793657E-15
 1.15198 1.8206308E-15
 1.152125 1.7071638E-15
 1.15227 1.7385758E-15
 1.152415 1.5138575E-15
 1.15256 2.2509301E-15
 1.152705 1.4460829E-15
 1.15285 1.2868569E-15
 1.152995 1.4547701E-15
 1.15314 1.602056E-15
 1.153285 1.5784025E-15
 1.15343 1.4429866E-15
 1.153575 1.5453193E-15
 1.15372 1.605777E-15
 1.153865 2.0070245E-15
 1.15401 1.6875477E-15
 1.154155 1.5546939E-15
 1.1543 1.4583193E-15
 1.154445 1.7504286E-15
 1.15459 1.475817E-15
 1.154735 1.3987318E-15
 1.15488 1.5359369E-15
 1.155025 1.684212E-15
 1.15517 1.823041E-15
 1.155315 1.9234166E-15
 1.15546 1.8151615E-15
 1.155605 1.4249105E-15
 1.15575 1.887855E-15
 1.155895 1.5465351E-15
 1.15604 1.6172852E-15
 1.156185 1.5728007E-15
 1.15633 1.6925784E-15
 1.156475 1.806432E-15
 1.15662 1.8557749E-15
 1.156765 1.7401544E-15
 1.15691 1.7115833E-15
 1.157055 1.8004138E-15
 1.1572 2.185036E-15
 1.157345 1.9262192E-15
 1.15749 1.8046477E-15
 1.157635 2.1368985E-15
 1.15778 2.0788569E-15
 1.157925 1.801672E-15
 1.15807 1.2273735E-15
 1.158215 1.6709266E-15
 1.15836 2.0548587E-15
 1.158505 1.8787555E-15
 1.15865 1.9253773E-15
 1.158795 1.5364944E-15
 1.15894 1.5157781E-15
 1.159085 1.6713001E-15
 1.15923 1.8070084E-15
 1.159375 1.99218E-15
 1.15952 1.6287238E-15
 1.159665 1.6141195E-15
 1.15981 1.425189E-15
 1.159955 1.5604943E-15
 1.1601 1.4709921E-15
 1.160245 1.661814E-15
 1.16039 1.8063647E-15
 1.160535 1.5093069E-15
 1.16068 1.6170512E-15
 1.160825 1.8425919E-15
 1.16097 1.5822345E-15
 1.161115 1.5771551E-15
 1.16126 1.7702466E-15
 1.161405 1.7972866E-15
 1.16155 1.7461263E-15
 1.161695 1.7054836E-15
 1.16184 1.8592591E-15
 1.161985 1.7480993E-15
 1.16213 1.5107163E-15
 1.162275 1.6676143E-15
 1.16242 1.7052067E-15
 1.162565 1.7438797E-15
 1.16271 1.6777353E-15
 1.162855 1.6875669E-15
 1.163 1.8234642E-15
 1.163145 1.7080353E-15
 1.16329 1.6822468E-15
 1.163435 1.9131565E-15
 1.16358 1.6873122E-15
 1.163725 1.717388E-15
 1.16387 1.9271118E-15
 1.164015 1.8327582E-15
 1.16416 1.4688402E-15
 1.164305 1.7916083E-15
 1.16445 1.8690536E-15
 1.164595 1.6990704E-15
 1.16474 1.6423816E-15
 1.164885 1.6072354E-15
 1.16503 1.5828265E-15
 1.165175 1.5579087E-15
 1.16532 1.6138092E-15
 1.165465 1.6282509E-15
 1.16561 1.7852177E-15
 1.165755 1.3585278E-15
 1.1659 1.3686797E-15
 1.166045 1.6598332E-15
 1.16619 1.5957782E-15
 1.166335 1.5535091E-15
 1.16648 1.4469237E-15
 1.166625 1.7037696E-15
 1.16677 1.71816E-15
 1.166915 1.8529972E-15
 1.16706 1.6345808E-15
 1.167205 1.6297294E-15
 1.16735 1.9897374E-15
 1.167495 1.8100196E-15
 1.16764 1.7648067E-15
 1.167785 1.5241327E-15
 1.16793 1.6672391E-15
 1.168075 1.6209434E-15
 1.16822 1.5934029E-15
 1.168365 1.6165798E-15
 1.16851 1.7721791E-15
 1.168655 1.6398541E-15
 1.1688 1.6548136E-15
 1.168945 1.4117924E-15
 1.16909 1.4316949E-15
 1.169235 1.3455118E-15
 1.16938 1.5560405E-15
 1.169525 1.3631546E-15
 1.16967 1.6260566E-15
 1.169815 1.4923104E-15
 1.16996 1.4372729E-15
 1.170105 1.3771155E-15
 1.17025 1.6031338E-15
 1.170395 1.3782371E-15
 1.17054 1.7487198E-15
 1.170685 1.8155033E-15
 1.17083 1.5861601E-15
 1.170975 1.6749919E-15
 1.17112 1.7592866E-15
 1.171265 1.6413636E-15
 1.17141 1.604433E-15
 1.171555 1.7318563E-15
 1.1717 1.7256393E-15
 1.171845 1.5579203E-15
 1.17199 1.673247E-15
 1.172135 1.4442436E-15
 1.17228 1.4124069E-15
 1.172425 1.8422397E-15
 1.17257 1.8790196E-15
 1.172715 1.8246979E-15
 1.17286 1.5922423E-15
 1.173005 1.711332E-15
 1.17315 1.4994943E-15
 1.173295 1.3892751E-15
 1.17344 1.8100793E-15
 1.173585 1.831783E-15
 1.17373 1.7449373E-15
 1.173875 1.6814596E-15
 1.17402 1.8655712E-15
 1.174165 1.6466244E-15
 1.17431 1.6859834E-15
 1.174455 1.8578077E-15
 1.1746 1.6664349E-15
 1.174745 1.5144979E-15
 1.17489 1.6422169E-15
 1.175035 1.8498473E-15
 1.17518 1.8412768E-15
 1.175325 1.9285936E-15
 1.17547 1.6865298E-15
 1.175615 1.6011606E-15
 1.17576 1.4020781E-15
 1.175905 1.3028097E-15
 1.17605 1.548511E-15
 1.176195 1.5870489E-15
 1.17634 1.4871149E-15
 1.176485 1.3755938E-15
 1.17663 1.65585E-15
 1.176775 1.89757E-15
 1.17692 1.4411109E-15
 1.177065 1.6026121E-15
 1.17721 1.4922972E-15
 1.177355 1.2181573E-15
 1.1775 1.2829399E-15
 1.177645 1.1779736E-15
 1.17779 1.0512346E-15
 1.177935 1.4234821E-15
 1.17808 1.0966925E-15
 1.178225 1.1514945E-15
 1.17837 1.2870728E-15
 1.178515 1.4240958E-15
 1.17866 1.3603718E-15
 1.178805 1.4157279E-15
 1.17895 1.6205864E-15
 1.179095 1.9288628E-15
 1.17924 1.7307644E-15
 1.179385 1.5440098E-15
 1.17953 1.4982676E-15
 1.179675 1.3855115E-15
 1.17982 1.4306563E-15
 1.179965 1.5892766E-15
 1.18011 1.8215422E-15
 1.180255 1.5422248E-15
 1.1804 1.6576886E-15
 1.180545 1.6455666E-15
 1.18069 1.6821284E-15
 1.180835 1.6600008E-15
 1.18098 1.592387E-15
 1.181125 1.6765864E-15
 1.18127 1.7397916E-15
 1.181415 1.6705961E-15
 1.18156 1.3143946E-15
 1.181705 1.3294661E-15
 1.18185 1.3067786E-15
 1.181995 1.4667777E-15
 1.18214 1.5465943E-15
 1.182285 1.6499318E-15
 1.18243 1.4670776E-15
 1.182575 1.5253816E-15
 1.18272 1.6998952E-15
 1.182865 1.5974746E-15
 1.18301 1.5592352E-15
 1.183155 1.6505866E-15
 1.1833 1.4522213E-15
 1.183445 1.455912E-15
 1.18359 1.601111E-15
 1.183735 1.681198E-15
 1.18388 1.5401677E-15
 1.184025 1.464725E-15
 1.18417 1.3684192E-15
 1.184315 1.6044869E-15
 1.18446 1.694121E-15
 1.184605 1.6292563E-15
 1.18475 1.406925E-15
 1.184895 1.6022284E-15
 1.18504 1.4611365E-15
 1.185185 1.3514603E-15
 1.18533 1.2506194E-15
 1.185475 1.4436873E-15
 1.18562 1.5307608E-15
 1.185765 9.723396E-16
 1.18591 9.801794E-16
 1.186055 1.3072581E-15
 1.1862 1.4883419E-15
 1.186345 1.2833463E-15
 1.18649 1.3702094E-15
 1.186635 1.5317599E-15
 1.18678 1.4507399E-15
 1.186925 1.3824824E-15
 1.18707 1.4535769E-15
 1.187215 1.6730863E-15
 1.18736 1.5726094E-15
 1.187505 1.3477007E-15
 1.18765 1.4696171E-15
 1.187795 1.6543593E-15
 1.18794 1.5555413E-15
 1.188085 1.3670275E-15
 1.18823 1.326825E-15
 1.188375 1.2810181E-15
 1.18852 1.4413973E-15
 1.188665 1.2683724E-15
 1.18881 1.3352411E-15
 1.188955 1.3094149E-15
 1.1891 1.3377094E-15
 1.189245 1.552862E-15
 1.18939 1.5319219E-15
 1.189535 1.6807975E-15
 1.18968 1.323301E-15
 1.189825 1.5738268E-15
 1.18997 1.3383887E-15
 1.190115 1.6231288E-15
 1.19026 1.7402332E-15
 1.190405 1.517483E-15
 1.19055 1.6364084E-15
 1.190695 1.8664157E-15
 1.19084 1.728329E-15
 1.190985 1.6032519E-15
 1.19113 1.5531171E-15
 1.191275 1.6036716E-15
 1.19142 1.5379111E-15
 1.191565 1.621824E-15
 1.19171 1.6658014E-15
 1.191855 1.6686407E-15
 1.192 1.4861699E-15
 1.192145 1.5567643E-15
 1.19229 1.4375022E-15
 1.192435 1.595259E-15
 1.19258 1.6415309E-15
 1.192725 1.7037679E-15
 1.19287 1.7610072E-15
 1.193015 1.5322369E-15
 1.19316 1.6479769E-15
 1.193305 1.7072504E-15
 1.19345 1.6726408E-15
 1.193595 1.7705036E-15
 1.19374 1.6967759E-15
 1.193885 1.2614687E-15
 1.19403 1.542021E-15
 1.194175 1.5474592E-15
 1.19432 1.5216371E-15
 1.194465 1.5582947E-15
 1.19461 1.5278283E-15
 1.194755 1.7368634E-15
 1.1949 1.7149245E-15
 1.195045 1.442951E-15
 1.19519 1.493744E-15
 1.195335 1.5328441E-15
 1.19548 1.1909637E-15
 1.195625 1.3934172E-15
 1.19577 1.7565574E-15
 1.195915 1.519196E-15
 1.19606 1.3749489E-15
 1.196205 1.4715226E-15
 1.19635 1.3181876E-15
 1.196495 1.2139362E-15
 1.19664 1.3949055E-15
 1.196785 1.5984954E-15
 1.19693 1.3120864E-15
 1.197075 1.8423062E-15
 1.19722 1.790954E-15
 1.197365 1.1284752E-15
 1.19751 1.4878723E-15
 1.197655 1.4041122E-15
 1.1978 1.2577577E-15
 1.197945 1.2027135E-15
 1.19809 1.2694458E-15
 1.198235 1.3429986E-15
 1.19838 1.4729016E-15
 1.198525 1.479885E-15
 1.19867 1.5626121E-15
 1.198815 1.636282E-15
 1.19896 1.923914E-15
 1.199105 1.7308879E-15
 1.19925 1.7529748E-15
 1.199395 1.5109228E-15
 1.19954 1.445896E-15
 1.199685 1.4983372E-15
 1.19983 1.3971883E-15
 1.199975 1.7785545E-15
 1.20012 1.3608486E-15
 1.200265 1.654568E-15
 1.20041 1.5246016E-15
 1.200555 1.352313E-15
 1.2007 1.6888628E-15
 1.200845 1.1496421E-15
 1.20099 1.2724435E-15
 1.201135 1.2557444E-15
 1.20128 1.2263477E-15
 1.201425 1.3323E-15
 1.20157 1.4241891E-15
 1.201715 1.5257387E-15
 1.20186 1.7651863E-15
 1.202005 1.6789741E-15
 1.20215 1.6286289E-15
 1.202295 1.389242E-15
 1.20244 1.5285857E-15
 1.202585 1.5265762E-15
 1.20273 1.481327E-15
 1.202875 1.5345854E-15
 1.20302 1.5127522E-15
 1.203165 1.2749796E-15
 1.20331 1.3983907E-15
 1.203455 1.2484304E-15
 1.2036 1.3297609E-15
 1.203745 1.7086013E-15
 1.20389 1.5160225E-15
 1.204035 1.6586629E-15
 1.20418 1.6501615E-15
 1.204325 1.4222524E-15
 1.20447 1.6091562E-15
 1.204615 1.6248441E-15
 1.20476 1.612664E-15
 1.204905 1.6388073E-15
 1.20505 1.6923102E-15
 1.205195 1.4479234E-15
 1.20534 1.6449789E-15
 1.205485 1.5960609E-15
 1.20563 1.6017523E-15
 1.205775 1.7315699E-15
 1.20592 1.6486796E-15
 1.206065 1.4520505E-15
 1.20621 1.6784338E-15
 1.206355 1.6970495E-15
 1.2065 1.4740156E-15
 1.206645 1.5614402E-15
 1.20679 1.5803448E-15
 1.206935 1.2278607E-15
 1.20708 1.5013847E-15
 1.207225 1.6397984E-15
 1.20737 1.5876297E-15
 1.207515 1.1846071E-15
 1.20766 1.6143069E-15
 1.207805 1.3782668E-15
 1.20795 1.628354E-15
 1.208095 1.6182587E-15
 1.20824 1.8495115E-15
 1.208385 1.3206911E-15
 1.20853 1.5975135E-15
 1.208675 1.7705394E-15
 1.20882 1.7793212E-15
 1.208965 1.865429E-15
 1.20911 1.7578293E-15
 1.209255 1.3963245E-15
 1.2094 1.4953473E-15
 1.209545 1.7667844E-15
 1.20969 1.5919298E-15
 1.209835 1.6348877E-15
 1.20998 1.5177985E-15
 1.210125 1.5802135E-15
 1.21027 1.9090814E-15
 1.210415 1.5341225E-15
 1.21056 1.7204021E-15
 1.210705 1.6316414E-15
 1.21085 1.7807112E-15
 1.210995 1.4605101E-15
 1.21114 1.6120459E-15
 1.211285 1.4638994E-15
 1.21143 1.4518509E-15
 1.211575 1.6867383E-15
 1.21172 1.8019565E-15
 1.211865 1.8586999E-15
 1.21201 1.6323712E-15
 1.212155 1.6833019E-15
 1.2123 1.6163662E-15
 1.212445 1.6599593E-15
 1.21259 1.7498468E-15
 1.212735 1.933004E-15
 1.21288 1.8673775E-15
 1.213025 1.6869434E-15
 1.21317 1.6085143E-15
 1.213315 1.6500457E-15
 1.21346 1.5871643E-15
 1.213605 1.7383259E-15
 1.21375 1.766566E-15
 1.213895 1.7318172E-15
 1.21404 1.3391983E-15
 1.214185 1.6013219E-15
 1.21433 1.6772508E-15
 1.214475 1.7986393E-15
 1.21462 1.5968801E-15
 1.214765 2.1077403E-15
 1.21491 1.9247735E-15
 1.215055 1.7348429E-15
 1.2152 1.8340065E-15
 1.215345 1.6061579E-15
 1.21549 1.4562838E-15
 1.215635 1.7840113E-15
 1.21578 1.8062717E-15
 1.215925 1.8420106E-15
 1.21607 1.545493E-15
 1.216215 1.5207281E-15
 1.21636 1.6919415E-15
 1.216505 1.5115951E-15
 1.21665 1.6096168E-15
 1.216795 1.7189656E-15
 1.21694 1.5705695E-15
 1.217085 1.6695883E-15
 1.21723 1.9236383E-15
 1.217375 1.724237E-15
 1.21752 1.6152088E-15
 1.217665 1.8980414E-15
 1.21781 1.888414E-15
 1.217955 1.6219445E-15
 1.2181 1.7352014E-15
 1.218245 2.013399E-15
 1.21839 1.6325792E-15
 1.218535 1.7014959E-15
 1.21868 1.5610401E-15
 1.218825 1.4960629E-15
 1.21897 1.7446485E-15
 1.219115 1.805573E-15
 1.21926 1.593864E-15
 1.219405 1.82491E-15
 1.21955 1.7447489E-15
 1.219695 1.6698061E-15
 1.21984 1.7240932E-15
 1.219985 1.6425202E-15
 1.22013 1.6830838E-15
 1.220275 1.8110248E-15
 1.22042 1.7671601E-15
 1.220565 1.7666305E-15
 1.22071 1.8084702E-15
 1.220855 1.9051512E-15
 1.221 1.7932941E-15
 1.221145 1.6707411E-15
 1.22129 1.7115544E-15
 1.221435 1.4680668E-15
 1.22158 1.5932358E-15
 1.221725 1.5928735E-15
 1.22187 1.7221062E-15
 1.222015 1.642113E-15
 1.22216 1.6550859E-15
 1.222305 1.6610472E-15
 1.22245 1.7806128E-15
 1.222595 1.6293248E-15
 1.22274 1.6025405E-15
 1.222885 1.5285873E-15
 1.22303 1.7965298E-15
 1.223175 1.92559E-15
 1.22332 1.4869049E-15
 1.223465 1.8381252E-15
 1.22361 1.9780335E-15
 1.223755 1.992771E-15
 1.2239 1.8907073E-15
 1.224045 1.9520543E-15
 1.22419 1.6487903E-15
 1.224335 1.9595836E-15
 1.22448 1.6959347E-15
 1.224625 1.7788446E-15
 1.22477 1.8615186E-15
 1.224915 1.6670004E-15
 1.22506 1.6282524E-15
 1.225205 1.7750217E-15
 1.22535 2.0415438E-15
 1.225495 2.005967E-15
 1.22564 1.931459E-15
 1.225785 1.8981701E-15
 1.22593 1.7485637E-15
 1.226075 1.8498825E-15
 1.22622 1.6986255E-15
 1.226365 1.5652922E-15
 1.22651 1.6722291E-15
 1.226655 1.8984473E-15
 1.2268 1.9052873E-15
 1.226945 1.9731143E-15
 1.22709 1.8926324E-15
 1.227235 1.9361267E-15
 1.22738 1.934121E-15
 1.227525 1.685581E-15
 1.22767 1.6823841E-15
 1.227815 1.7835132E-15
 1.22796 1.7378563E-15
 1.228105 1.8845407E-15
 1.22825 1.917319E-15
 1.228395 1.735605E-15
 1.22854 1.8460274E-15
 1.228685 1.9231553E-15
 1.22883 1.9830962E-15
 1.228975 1.785648E-15
 1.22912 1.8360553E-15
 1.229265 1.9162968E-15
 1.22941 1.7848632E-15
 1.229555 1.9007233E-15
 1.2297 2.059244E-15
 1.229845 2.1324402E-15
 1.22999 1.8756911E-15
 1.230135 1.737801E-15
 1.23028 1.5834352E-15
 1.230425 1.882616E-15
 1.23057 1.6164026E-15
 1.230715 1.7609197E-15
 1.23086 1.8411413E-15
 1.231005 1.7964919E-15
 1.23115 1.8923582E-15
 1.231295 1.6854077E-15
 1.23144 1.671128E-15
 1.231585 1.8988007E-15
 1.23173 1.7394834E-15
 1.231875 1.5664263E-15
 1.23202 1.7002406E-15
 1.232165 1.820617E-15
 1.23231 1.6448166E-15
 1.232455 1.7649494E-15
 1.2326 1.6339645E-15
 1.232745 1.6091766E-15
 1.23289 1.7553528E-15
 1.233035 1.6287813E-15
 1.23318 1.7285338E-15
 1.233325 1.7956529E-15
 1.23347 1.8317198E-15
 1.233615 1.7816082E-15
 1.23376 1.903841E-15
 1.233905 1.9013617E-15
 1.23405 1.8701084E-15
 1.234195 1.6765792E-15
 1.23434 1.6746485E-15
 1.234485 1.6021685E-15
 1.23463 1.9075305E-15
 1.234775 2.0641805E-15
 1.23492 1.7476999E-15
 1.235065 1.8146967E-15
 1.23521 1.8280955E-15
 1.235355 1.9125576E-15
 1.2355 1.8334888E-15
 1.235645 2.003441E-15
 1.23579 1.7810689E-15
 1.235935 1.7249887E-15
 1.23608 1.6564207E-15
 1.236225 1.7070739E-15
 1.23637 1.6843926E-15
 1.236515 1.8693081E-15
 1.23666 1.9431156E-15
 1.236805 1.9504244E-15
 1.23695 1.92249E-15
 1.237095 1.8910235E-15
 1.23724 2.0398809E-15
 1.237385 2.1300613E-15
 1.23753 1.853733E-15
 1.237675 1.9260032E-15
 1.23782 1.7035332E-15
 1.237965 1.9027354E-15
 1.23811 1.743795E-15
 1.238255 1.7491221E-15
 1.2384 1.9464728E-15
 1.238545 1.9004978E-15
 1.23869 1.7239755E-15
 1.238835 1.7640364E-15
 1.23898 1.8096274E-15
 1.239125 1.7110306E-15
 1.23927 1.5597619E-15
 1.239415 1.4453878E-15
 1.23956 1.5287286E-15
 1.239705 1.625864E-15
 1.23985 1.6261799E-15
 1.239995 1.7975121E-15
 1.24014 1.7804063E-15
 1.240285 1.6652005E-15
 1.24043 1.8916768E-15
 1.240575 1.6529848E-15
 1.24072 1.7073348E-15
 1.240865 1.6453605E-15
 1.24101 1.6211541E-15
 1.241155 1.7426401E-15
 1.2413 1.8279642E-15
 1.241445 1.8096558E-15
 1.24159 1.7468957E-15
 1.241735 1.782263E-15
 1.24188 1.7640022E-15
 1.242025 1.6865974E-15
 1.24217 1.7003772E-15
 1.242315 1.8439424E-15
 1.24246 1.4665072E-15
 1.242605 1.5121444E-15
 1.24275 1.6310562E-15
 1.242895 1.7354652E-15
 1.24304 1.622795E-15
 1.243185 1.8191595E-15
 1.24333 1.5337169E-15
 1.243475 1.5477389E-15
 1.24362 1.2759121E-15
 1.243765 1.2238357E-15
 1.24391 1.3131104E-15
 1.244055 1.483035E-15
 1.2442 1.5030197E-15
 1.244345 1.3962415E-15
 1.24449 1.4711406E-15
 1.244635 1.5449626E-15
 1.24478 1.6410355E-15
 1.244925 1.6558227E-15
 1.24507 1.7914177E-15
 1.245215 1.9017541E-15
 1.24536 1.7814399E-15
 1.245505 1.7988244E-15
 1.24565 1.7295987E-15
 1.245795 1.856293E-15
 1.24594 1.7065913E-15
 1.246085 1.8900443E-15
 1.24623 1.6998242E-15
 1.246375 1.5542836E-15
 1.24652 1.7742205E-15
 1.246665 1.9006219E-15
 1.24681 1.6875327E-15
 1.246955 1.6655022E-15
 1.2471 1.7644326E-15
 1.247245 1.7847969E-15
 1.24739 1.8039248E-15
 1.247535 1.9015957E-15
 1.24768 1.8765452E-15
 1.247825 1.582248E-15
 1.24797 1.70263E-15
 1.248115 1.8444106E-15
 1.24826 1.5923842E-15
 1.248405 1.6832154E-15
 1.24855 1.746823E-15
 1.248695 1.7622996E-15
 1.24884 1.7463341E-15
 1.248985 1.5549004E-15
 1.24913 1.5652885E-15
 1.249275 1.7743286E-15
 1.24942 1.8168052E-15
 1.249565 1.767448E-15
 1.24971 1.6576573E-15
 1.249855 1.6626849E-15
 1.25 1.6546864E-15
 1.250145 1.7686803E-15
 1.25029 1.8722158E-15
 1.250435 1.6593949E-15
 1.25058 1.6075056E-15
 1.250725 1.6077918E-15
 1.25087 1.858405E-15
 1.251015 1.734618E-15
 1.25116 1.7183261E-15
 1.251305 1.6479304E-15
 1.25145 1.6534206E-15
 1.251595 1.8172014E-15
 1.25174 1.6860737E-15
 1.251885 1.9454689E-15
 1.25203 1.7774944E-15
 1.252175 1.6264933E-15
 1.25232 1.476828E-15
 1.252465 1.6005507E-15
 1.25261 1.4318313E-15
 1.252755 1.2037574E-15
 1.2529 1.4598828E-15
 1.253045 1.4656167E-15
 1.25319 1.5967113E-15
 1.253335 1.7965696E-15
 1.25348 2.0185435E-15
 1.253625 1.8795017E-15
 1.25377 1.600096E-15
 1.253915 1.882124E-15
 1.25406 1.8597644E-15
 1.254205 1.8473236E-15
 1.25435 1.6201774E-15
 1.254495 1.769872E-15
 1.25464 1.8184135E-15
 1.254785 1.6518546E-15
 1.25493 1.9149306E-15
 1.255075 1.5990028E-15
 1.25522 1.6993447E-15
 1.255365 1.800757E-15
 1.25551 1.8249344E-15
 1.255655 1.8518904E-15
 1.2558 1.9623513E-15
 1.255945 1.7684434E-15
 1.25609 1.9743358E-15
 1.256235 2.0128624E-15
 1.25638 2.0033092E-15
 1.256525 1.8550146E-15
 1.25667 1.7534796E-15
 1.256815 1.80553E-15
 1.25696 1.808999E-15
 1.257105 1.7885846E-15
 1.25725 1.7752843E-15
 1.257395 1.802309E-15
 1.25754 1.5035794E-15
 1.257685 1.761862E-15
 1.25783 1.7459986E-15
 1.257975 1.6053612E-15
 1.25812 1.7457998E-15
 1.258265 1.7736798E-15
 1.25841 1.5552311E-15
 1.258555 1.7690357E-15
 1.2587 1.8067425E-15
 1.258845 1.7206468E-15
 1.25899 1.8822033E-15
 1.259135 1.9241452E-15
 1.25928 1.8029744E-15
 1.259425 1.7026954E-15
 1.25957 1.6407474E-15
 1.259715 1.8854341E-15
 1.25986 1.6006208E-15
 1.260005 1.6787586E-15
 1.26015 1.6413829E-15
 1.260295 1.7242196E-15
 1.26044 1.6260897E-15
 1.260585 1.6383736E-15
 1.26073 1.7898139E-15
 1.260875 1.7316598E-15
 1.26102 1.8148968E-15
 1.261165 2.0071231E-15
 1.26131 1.9605973E-15
 1.261455 1.8177846E-15
 1.2616 1.9436122E-15
 1.261745 1.9045601E-15
 1.26189 2.0539022E-15
 1.262035 1.7674282E-15
 1.26218 1.7101295E-15
 1.262325 1.801397E-15
 1.26247 1.5628882E-15
 1.262615 1.6589824E-15
 1.26276 1.6938573E-15
 1.262905 1.8853427E-15
 1.26305 1.7224599E-15
 1.263195 1.6643038E-15
 1.26334 1.7789697E-15
 1.263485 1.610519E-15
 1.26363 1.4689772E-15
 1.263775 1.7632031E-15
 1.26392 1.7700849E-15
 1.264065 1.7510819E-15
 1.26421 1.909865E-15
 1.264355 2.0570957E-15
 1.2645 1.7264038E-15
 1.264645 1.7841561E-15
 1.26479 1.7991914E-15
 1.264935 1.5818173E-15
 1.26508 1.7667749E-15
 1.265225 1.6580304E-15
 1.26537 1.7762182E-15
 1.265515 1.8245884E-15
 1.26566 1.734322E-15
 1.265805 1.6621786E-15
 1.26595 1.9345055E-15
 1.266095 1.726274E-15
 1.26624 1.7343578E-15
 1.266385 1.7287056E-15
 1.26653 1.8870014E-15
 1.266675 1.91337E-15
 1.26682 1.7329996E-15
 1.266965 1.821412E-15
 1.26711 1.8288627E-15
 1.267255 1.5211625E-15
 1.2674 1.6589781E-15
 1.267545 1.7279946E-15
 1.26769 1.8298233E-15
 1.267835 1.6935087E-15
 1.26798 1.7497287E-15
 1.268125 1.9110903E-15
 1.26827 1.8453377E-15
 1.268415 1.7646997E-15
 1.26856 1.7343879E-15
 1.268705 1.5854348E-15
 1.26885 1.397735E-15
 1.268995 1.493376E-15
 1.26914 1.4586849E-15
 1.269285 1.4661323E-15
 1.26943 1.6798542E-15
 1.269575 1.7655898E-15
 1.26972 1.8201512E-15
 1.269865 1.7795415E-15
 1.27001 1.9760417E-15
 1.270155 1.7276063E-15
 1.2703 1.7839518E-15
 1.270445 1.8094498E-15
 1.27059 1.8167313E-15
 1.270735 1.7671747E-15
 1.27088 1.7975066E-15
 1.271025 1.8574314E-15
 1.27117 1.7425932E-15
 1.271315 1.7149634E-15
 1.27146 1.9914244E-15
 1.271605 1.7350143E-15
 1.27175 1.6955818E-15
 1.271895 1.8529326E-15
 1.27204 1.7697097E-15
 1.272185 1.6959843E-15
 1.27233 1.6904916E-15
 1.272475 1.8520829E-15
 1.27262 1.9365132E-15
 1.272765 1.8912001E-15
 1.27291 1.8358253E-15
 1.273055 1.7050833E-15
 1.2732 1.6098886E-15
 1.273345 1.6541449E-15
 1.27349 1.7920843E-15
 1.273635 1.8456609E-15
 1.27378 1.5857937E-15
 1.273925 1.803831E-15
 1.27407 1.8380526E-15
 1.274215 1.7624906E-15
 1.27436 1.6737677E-15
 1.274505 1.6229897E-15
 1.27465 1.7210057E-15
 1.274795 1.6452545E-15
 1.27494 1.7625661E-15
 1.275085 1.8831099E-15
 1.27523 1.8472253E-15
 1.275375 1.8241591E-15
 1.27552 2.0155263E-15
 1.275665 1.7124735E-15
 1.27581 1.8251553E-15
 1.275955 1.8433012E-15
 1.2761 1.799994E-15
 1.276245 1.7930497E-15
 1.27639 1.982735E-15
 1.276535 1.7314782E-15
 1.27668 1.95119E-15
 1.276825 1.924494E-15
 1.27697 1.9125773E-15
 1.277115 1.7974452E-15
 1.27726 1.9015335E-15
 1.277405 1.9381029E-15
 1.27755 2.0855639E-15
 1.277695 2.0207909E-15
 1.27784 2.0005466E-15
 1.277985 2.0095365E-15
 1.27813 1.9381998E-15
 1.278275 1.9946173E-15
 1.27842 1.7147357E-15
 1.278565 1.9593268E-15
 1.27871 1.9600148E-15
 1.278855 1.8518287E-15
 1.279 1.9459483E-15
 1.279145 2.0555857E-15
 1.27929 2.0569835E-15
 1.279435 2.0075284E-15
 1.27958 2.2321396E-15
 1.279725 1.9842041E-15
 1.27987 2.1633495E-15
 1.280015 2.0263533E-15
 1.28016 2.1353082E-15
 1.280305 2.1309098E-15
 1.28045 2.0503839E-15
 1.280595 2.0237633E-15
 1.28074 1.945966E-15
 1.280885 1.8829799E-15
 1.28103 1.8200083E-15
 1.281175 2.1523884E-15
 1.28132 1.8835683E-15
 1.281465 1.8413194E-15
 1.28161 1.9398389E-15
 1.281755 1.9416583E-15
 1.2819 2.2391091E-15
 1.282045 2.1002785E-15
 1.28219 2.1967027E-15
 1.282335 2.3813325E-15
 1.28248 2.2398459E-15
 1.282625 2.0573598E-15
 1.28277 1.9826786E-15
 1.282915 1.8777789E-15
 1.28306 2.13788E-15
 1.283205 1.882901E-15
 1.28335 1.9118952E-15
 1.283495 1.9152224E-15
 1.28364 1.8069021E-15
 1.283785 2.054767E-15
 1.28393 2.080558E-15
 1.284075 2.0404405E-15
 1.28422 2.1659204E-15
 1.284365 2.0659377E-15
 1.28451 1.8934704E-15
 1.284655 1.7061339E-15
 1.2848 1.8832024E-15
 1.284945 1.8253732E-15
 1.28509 1.7405622E-15
 1.285235 2.105011E-15
 1.28538 2.0839806E-15
 1.285525 2.0576239E-15
 1.28567 2.20851E-15
 1.285815 2.1138768E-15
 1.28596 1.919316E-15
 1.286105 1.856986E-15
 1.28625 1.857828E-15
 1.286395 1.843638E-15
 1.28654 1.9268693E-15
 1.286685 1.7729259E-15
 1.28683 1.8176387E-15
 1.286975 1.8059494E-15
 1.28712 1.7084334E-15
 1.287265 1.836062E-15
 1.28741 1.9467443E-15
 1.287555 2.021461E-15
 1.2877 2.0097282E-15
 1.287845 2.0168437E-15
 1.28799 1.8414234E-15
 1.288135 1.9217077E-15
 1.28828 1.6919223E-15
 1.288425 1.8028669E-15
 1.28857 1.8151075E-15
 1.288715 1.7329909E-15
 1.28886 1.9931365E-15
 1.289005 1.6897431E-15
 1.28915 1.9165973E-15
 1.289295 1.8467777E-15
 1.28944 1.8555038E-15
 1.289585 2.1974048E-15
 1.28973 2.1534574E-15
 1.289875 2.1621335E-15
 1.29002 2.1545077E-15
 1.290165 2.1044409E-15
 1.29031 2.0918698E-15
 1.290455 1.8840113E-15
 1.2906 2.0212745E-15
 1.290745 2.1059446E-15
 1.29089 2.0257452E-15
 1.291035 1.978609E-15
 1.29118 2.034564E-15
 1.291325 1.818995E-15
 1.29147 2.0747443E-15
 1.291615 2.2076095E-15
 1.29176 1.8774614E-15
 1.291905 2.0392138E-15
 1.29205 1.963999E-15
 1.292195 1.9665447E-15
 1.29234 2.0365624E-15
 1.292485 2.002614E-15
 1.29263 2.0521948E-15
 1.292775 2.006156E-15
 1.29292 2.0492162E-15
 1.293065 1.8999627E-15
 1.29321 1.8471722E-15
 1.293355 1.9801138E-15
 1.2935 2.142913E-15
 1.293645 2.22906E-15
 1.29379 2.0851198E-15
 1.293935 1.979711E-15
 1.29408 2.1544984E-15
 1.294225 2.0151312E-15
 1.29437 2.1097554E-15
 1.294515 2.060519E-15
 1.29466 1.9976618E-15
 1.294805 1.8438383E-15
 1.29495 1.9442811E-15
 1.295095 2.0076028E-15
 1.29524 1.9544506E-15
 1.295385 2.1235112E-15
 1.29553 2.1013494E-15
 1.295675 1.906499E-15
 1.29582 1.9480098E-15
 1.295965 1.897702E-15
 1.29611 1.91859E-15
 1.296255 1.7523093E-15
 1.2964 2.0125988E-15
 1.296545 2.067333E-15
 1.29669 1.8987235E-15
 1.296835 1.921414E-15
 1.29698 2.1281953E-15
 1.297125 1.997545E-15
 1.29727 2.051671E-15
 1.297415 1.9502423E-15
 1.29756 2.1257535E-15
 1.297705 2.1775267E-15
 1.29785 2.1175864E-15
 1.297995 2.0829375E-15
 1.29814 2.1061531E-15
 1.298285 2.0594306E-15
 1.29843 2.0263995E-15
 1.298575 2.060997E-15
 1.29872 2.0557991E-15
 1.298865 1.931428E-15
 1.29901 1.9201964E-15
 1.299155 2.1165803E-15
 1.2993 1.8773969E-15
 1.299445 1.8582336E-15
 1.29959 1.9454039E-15
 1.299735 1.8800527E-15
 1.29988 1.9463324E-15
 1.300025 2.1080088E-15
 1.30017 2.116453E-15
 1.300315 2.0803282E-15
 1.30046 2.0188188E-15
 1.300605 2.008376E-15
 1.30075 2.0616744E-15
 1.300895 1.9692212E-15
 1.30104 1.9880816E-15
 1.301185 1.9395189E-15
 1.30133 2.153741E-15
 1.301475 2.0314946E-15
 1.30162 1.7455359E-15
 1.301765 1.957205E-15
 1.30191 1.9238676E-15
 1.302055 2.116596E-15
 1.3022 2.1537994E-15
 1.302345 1.978306E-15
 1.30249 1.9670343E-15
 1.302635 1.9158015E-15
 1.30278 2.0062822E-15
 1.302925 2.0915662E-15
 1.30307 1.9058567E-15
 1.303215 1.9993834E-15
 1.30336 1.9496795E-15
 1.303505 1.9169626E-15
 1.30365 1.9841795E-15
 1.303795 2.0421774E-15
 1.30394 1.8404628E-15
 1.304085 2.0370801E-15
 1.30423 1.9624133E-15
 1.304375 2.0393322E-15
 1.30452 2.0165328E-15
 1.304665 1.8775468E-15
 1.30481 2.054329E-15
 1.304955 2.1061648E-15
 1.3051 2.0209927E-15
 1.305245 2.2942027E-15
 1.30539 2.2077067E-15
 1.305535 2.001643E-15
 1.30568 1.9348344E-15
 1.305825 2.0974482E-15
 1.30597 2.0516705E-15
 1.306115 2.075341E-15
 1.30626 2.1534748E-15
 1.306405 2.0010774E-15
 1.30655 2.0245845E-15
 1.306695 2.061461E-15
 1.30684 2.039648E-15
 1.306985 2.1200515E-15
 1.30713 1.9377348E-15
 1.307275 1.8263508E-15
 1.30742 1.8864277E-15
 1.307565 1.961925E-15
 1.30771 1.9635725E-15
 1.307855 1.9278402E-15
 1.308 1.8853723E-15
 1.308145 1.8893942E-15
 1.30829 1.7758551E-15
 1.308435 1.9134989E-15
 1.30858 2.0377696E-15
 1.308725 2.1233473E-15
 1.30887 2.0760276E-15
 1.309015 2.1308628E-15
 1.30916 2.0742172E-15
 1.309305 2.0552941E-15
 1.30945 1.876693E-15
 1.309595 1.9537317E-15
 1.30974 1.925684E-15
 1.309885 1.9410272E-15
 1.31003 1.9982123E-15
 1.310175 1.8171715E-15
 1.31032 1.8452899E-15
 1.310465 1.9374282E-15
 1.31061 2.0923317E-15
 1.310755 2.0296381E-15
 1.3109 1.7953535E-15
 1.311045 1.782275E-15
 1.31119 1.9014225E-15
 1.311335 1.9293503E-15
 1.31148 1.9566455E-15
 1.311625 2.0095253E-15
 1.31177 2.0117816E-15
 1.311915 1.9432672E-15
 1.31206 1.9497635E-15
 1.312205 2.0385474E-15
 1.31235 1.9521882E-15
 1.312495 1.8990206E-15
 1.31264 1.9161584E-15
 1.312785 1.927148E-15
 1.31293 1.7039712E-15
 1.313075 1.803407E-15
 1.31322 1.8892443E-15
 1.313365 1.8033755E-15
 1.31351 2.0365135E-15
 1.313655 1.9429775E-15
 1.3138 1.9353818E-15
 1.313945 1.8776334E-15
 1.31409 1.9340174E-15
 1.314235 2.0127593E-15
 1.31438 2.1589053E-15
 1.314525 1.982733E-15
 1.31467 1.8866687E-15
 1.314815 1.7776414E-15
 1.31496 1.7651556E-15
 1.315105 2.045139E-15
 1.31525 1.9404824E-15
 1.315395 2.1000748E-15
 1.31554 2.248909E-15
 1.315685 1.9457594E-15
 1.31583 1.816594E-15
 1.315975 1.9414573E-15
 1.31612 1.831057E-15
 1.316265 1.9742964E-15
 1.31641 2.0221042E-15
 1.316555 1.9070212E-15
 1.3167 1.9820925E-15
 1.316845 2.0507712E-15
 1.31699 2.0910126E-15
 1.317135 2.0276054E-15
 1.31728 1.8340652E-15
 1.317425 1.965851E-15
 1.31757 1.9825384E-15
 1.317715 1.8708684E-15
 1.31786 2.0527333E-15
 1.318005 2.025744E-15
 1.31815 2.0809728E-15
 1.318295 1.8877705E-15
 1.31844 1.7342072E-15
 1.318585 2.0802773E-15
 1.31873 2.036047E-15
 1.318875 2.0271203E-15
 1.31902 2.1794327E-15
 1.319165 2.2942756E-15
 1.31931 1.8765634E-15
 1.319455 1.8978495E-15
 1.3196 1.8303624E-15
 1.319745 2.0571667E-15
 1.31989 2.1480798E-15
 1.320035 2.0873067E-15
 1.32018 2.0204893E-15
 1.320325 2.0158721E-15
 1.32047 2.0516387E-15
 1.320615 1.8859676E-15
 1.32076 1.946946E-15
 1.320905 1.8657192E-15
 1.32105 2.1013162E-15
 1.321195 1.8016884E-15
 1.32134 1.8299732E-15
 1.321485 1.9324784E-15
 1.32163 1.8806598E-15
 1.321775 2.1485238E-15
 1.32192 2.015543E-15
 1.322065 1.9724306E-15
 1.32221 1.8012477E-15
 1.322355 1.9212082E-15
 1.3225 2.0087403E-15
 1.322645 1.9559261E-15
 1.32279 1.935213E-15
 1.322935 2.1744039E-15
 1.32308 2.2180424E-15
 1.323225 1.9183399E-15
 1.32337 1.7829332E-15
 1.323515 1.7378147E-15
 1.32366 1.942609E-15
 1.323805 1.925969E-15
 1.32395 1.9512007E-15
 1.324095 1.8098487E-15
 1.32424 1.6692304E-15
 1.324385 1.7050683E-15
 1.32453 2.051056E-15
 1.324675 2.0716067E-15
 1.32482 1.974236E-15
 1.324965 2.039995E-15
 1.32511 1.966769E-15
 1.325255 1.9359838E-15
 1.3254 1.9260204E-15
 1.325545 1.8178782E-15
 1.32569 1.7194957E-15
 1.325835 1.8756767E-15
 1.32598 1.7418382E-15
 1.326125 1.8421785E-15
 1.32627 2.024525E-15
 1.326415 2.0070183E-15
 1.32656 1.9294299E-15
 1.326705 1.9580429E-15
 1.32685 1.9570747E-15
 1.326995 1.8362887E-15
 1.32714 1.675806E-15
 1.327285 1.6155125E-15
 1.32743 1.939999E-15
 1.327575 1.6748056E-15
 1.32772 1.9360562E-15
 1.327865 2.023634E-15
 1.32801 1.969193E-15
 1.328155 1.8500995E-15
 1.3283 1.892938E-15
 1.328445 1.86249E-15
 1.32859 1.9339782E-15
 1.328735 1.905765E-15
 1.32888 1.839556E-15
 1.329025 1.8513531E-15
 1.32917 1.9316406E-15
 1.329315 1.6403209E-15
 1.32946 1.6248636E-15
 1.329605 1.7873134E-15
 1.32975 1.7213383E-15
 1.329895 1.7690816E-15
 1.33004 1.7909586E-15
 1.330185 1.6961616E-15
 1.33033 1.6321022E-15
 1.330475 1.735871E-15
 1.33062 1.7650392E-15
 1.330765 1.8155395E-15
 1.33091 1.7771954E-15
 1.331055 1.6882133E-15
 1.3312 1.7041312E-15
 1.331345 1.7055691E-15
 1.33149 1.6169024E-15
 1.331635 1.6322087E-15
 1.33178 1.521942E-15
 1.331925 1.5362897E-15
 1.33207 1.5315884E-15
 1.332215 1.6961611E-15
 1.33236 1.5546951E-15
 1.332505 1.4134643E-15
 1.33265 1.5121139E-15
 1.332795 1.5216215E-15
 1.33294 1.4539163E-15
 1.333085 1.6257767E-15
 1.33323 1.5704682E-15
 1.333375 1.7577759E-15
 1.33352 1.6340758E-15
 1.333665 1.5544745E-15
 1.33381 1.4957554E-15
 1.333955 1.5121569E-15
 1.3341 1.5117518E-15
 1.334245 1.3893799E-15
 1.33439 1.2236351E-15
 1.334535 1.517264E-15
 1.33468 1.4395147E-15
 1.334825 1.3373847E-15
 1.33497 1.2361818E-15
 1.335115 1.1352842E-15
 1.33526 1.0618926E-15
 1.335405 1.1064548E-15
 1.33555 1.3783376E-15
 1.335695 1.2609018E-15
 1.33584 1.2865294E-15
 1.335985 1.3015881E-15
 1.33613 1.1834004E-15
 1.336275 1.1882875E-15
 1.33642 1.4344849E-15
 1.336565 1.2815402E-15
 1.33671 1.275488E-15
 1.336855 1.2361565E-15
 1.337 1.325599E-15
 1.337145 1.3512104E-15
 1.33729 1.2104061E-15
 1.337435 1.1213431E-15
 1.33758 1.1475583E-15
 1.337725 1.2220894E-15
 1.33787 1.3293496E-15
 1.338015 1.371902E-15
 1.33816 1.3144008E-15
 1.338305 1.3211663E-15
 1.33845 1.4079623E-15
 1.338595 1.2345191E-15
 1.33874 1.3837869E-15
 1.338885 1.4561526E-15
 1.33903 1.3805831E-15
 1.339175 1.3442747E-15
 1.33932 1.4596848E-15
 1.339465 1.3707301E-15
 1.33961 1.1758617E-15
 1.339755 1.3900339E-15
 1.3399 1.5922478E-15
 1.340045 1.7388812E-15
 1.34019 1.5398742E-15
 1.340335 1.3631433E-15
 1.34048 1.3649848E-15
 1.340625 1.2385189E-15
 1.34077 1.1580573E-15
 1.340915 1.2516204E-15
 1.34106 1.3635784E-15
 1.341205 1.4053419E-15
 1.34135 1.2916701E-15
 1.341495 1.1479237E-15
 1.34164 1.3059632E-15
 1.341785 1.196507E-15
 1.34193 1.1541261E-15
 1.342075 1.2322619E-15
 1.34222 1.1437766E-15
 1.342365 1.1025446E-15
 1.34251 1.0541366E-15
 1.342655 1.0758679E-15
 1.3428 1.1052951E-15
 1.342945 1.1357008E-15
 1.34309 1.1353828E-15
 1.343235 1.0887262E-15
 1.34338 9.260637E-16
 1.343525 1.1340619E-15
 1.34367 1.2107867E-15
 1.343815 1.2100713E-15
 1.34396 1.2507546E-15
 1.344105 1.1905969E-15
 1.34425 1.0484634E-15
 1.344395 1.1126976E-15
 1.34454 1.1741816E-15
 1.344685 1.038734E-15
 1.34483 1.0843238E-15
 1.344975 8.575916E-16
 1.34512 1.1068244E-15
 1.345265 1.2837301E-15
 1.34541 1.3690609E-15
 1.345555 1.3199389E-15
 1.3457 1.1249341E-15
 1.345845 9.685866E-16
 1.34599 1.1489569E-15
 1.346135 1.3037131E-15
 1.34628 1.3253663E-15
 1.346425 1.3717705E-15
 1.34657 1.2598264E-15
 1.346715 1.0742873E-15
 1.34686 9.37146E-16
 1.347005 1.134465E-15
 1.34715 9.802943E-16
 1.347295 1.1220942E-15
 1.34744 1.4150615E-15
 1.347585 1.3809321E-15
 1.34773 1.2513966E-15
 1.347875 8.5010757E-16
 1.34802 7.599073E-16
 1.348165 8.03161E-16
 1.34831 1.1486877E-15
 1.348455 1.060436E-15
 1.3486 1.3045099E-15
 1.348745 1.3485848E-15
 1.34889 1.3576429E-15
 1.349035 1.1206287E-15
 1.34918 1.0292482E-15
 1.349325 1.24754E-15
 1.34947 1.196873E-15
 1.349615 1.1639122E-15
 1.34976 1.3507497E-15
 1.349905 1.2279659E-15
 1.35005 1.4637124E-15
 1.350195 1.314075E-15
 1.35034 9.982288E-16
 1.350485 1.2778298E-15
 1.35063 6.7195267E-16
 1.350775 1.0271108E-15
 1.35092 1.0016381E-15
 1.351065 8.313582E-16
 1.35121 9.448972E-16
 1.351355 8.5473676E-16
 1.3515 1.3411191E-15
 1.351645 8.87018E-16
 1.35179 1.1608358E-15
 1.351935 9.874955E-16
 1.35208 7.4862567E-16
 1.352225 9.846385E-16
 1.35237 1.2071535E-15
 1.352515 1.0548817E-15
 1.35266 1.0081443E-15
 1.352805 9.907805E-16
 1.35295 1.0102349E-15
 1.353095 9.778813E-16
 1.35324 7.7373966E-16
 1.353385 9.211908E-16
 1.35353 1.2585101E-15
 1.353675 1.1275934E-15
 1.35382 8.870072E-16
 1.353965 1.0422229E-15
 1.35411 9.843388E-16
 1.354255 1.0287968E-15
 1.3544 1.0662698E-15
 1.354545 1.171582E-15
 1.35469 9.185048E-16
 1.354835 1.3449244E-15
 1.35498 7.429609E-16
 1.355125 5.0858765E-16
 1.35527 7.6989096E-16
 1.355415 7.8443674E-16
 1.35556 7.4443423E-16
 1.355705 1.0418567E-15
 1.35585 8.3585015E-16
 1.355995 7.3888526E-16
 1.35614 8.8740693E-16
 1.356285 8.1663733E-16
 1.35643 6.9632276E-16
 1.356575 8.777235E-16
 1.35672 8.592324E-16
 1.356865 1.0909352E-15
 1.35701 1.3599716E-15
 1.357155 1.1006004E-15
 1.3573 1.0101193E-15
 1.357445 8.4224615E-16
 1.35759 1.3053587E-15
 1.357735 8.819169E-16
 1.35788 7.679152E-16
 1.358025 8.319359E-16
 1.35817 1.0133501E-15
 1.358315 9.848362E-16
 1.35846 9.30871E-16
 1.358605 9.701069E-16
 1.35875 8.164897E-16
 1.358895 7.5085304E-16
 1.35904 1.0032231E-15
 1.359185 7.2488677E-16
 1.35933 8.253885E-16
 1.359475 9.639764E-16
 1.35962 4.496285E-16
 1.359765 1.8468614E-16
 1.35991 6.365858E-16
 1.360055 9.115273E-16
 1.3602 5.6515335E-16
 1.360345 8.893483E-16
 1.36049 1.1194458E-15
 1.360635 1.1888013E-15
 1.36078 9.374852E-16
 1.360925 2.011076E-15
 1.36107 1.6457996E-15
 1.361215 3.1524094E-16
 1.36136 8.4590115E-16
 1.361505 4.0934614E-16
 1.36165 1.2794756E-15
 1.361795 1.5076269E-16
 1.36194 1.5692067E-15
 1.362085 9.982065E-16
 1.36223 2.0913093E-15
 1.362375 1.4802981E-15
 1.36252 2.4313427E-16
 1.362665 8.423569E-16
 1.36281 1.4119571E-15
 1.362955 9.150765E-16
 1.3631 6.8785365E-16
 1.363245 8.141919E-16
 1.36339 6.5890015E-16
 1.363535 6.794055E-16
 1.36368 8.828835E-16
 1.363825 9.179378E-16
 1.36397 1.1410856E-15
 1.364115 1.2736975E-15
 1.36426 1.4148531E-15
 1.364405 6.8266303E-16
 1.36455 6.1871103E-16
 1.364695 1.7251916E-15
 1.36484 2.017299E-15
 1.364985 1.3025049E-15
 1.36513 6.951968E-16
 1.365275 -1.099043E-16
 1.36542 2.2942073E-16
 1.365565 1.2174136E-15
 1.36571 9.023921E-16
 1.365855 7.1101306E-16
 1.366 8.8128754E-16
 1.366145 1.1566837E-15
 1.36629 9.983096E-16
 1.366435 9.731465E-16
 1.36658 1.03443E-15
 1.366725 8.0786397E-16
 1.36687 1.1053593E-15
 1.367015 1.1028708E-15
 1.36716 9.230244E-16
 1.367305 1.099874E-15
 1.36745 8.118249E-16
 1.367595 1.3195365E-15
 1.36774 1.064951E-15
 1.367885 2.533672E-15
 1.36803 2.9482525E-16
 1.368175 1.0151752E-15
 1.36832 9.819047E-16
 1.368465 1.3816528E-15
 1.36861 1.3941743E-15
 1.368755 1.2803546E-15
 1.3689 1.9335159E-16
 1.369045 2.5211832E-16
 1.36919 9.201921E-16
 1.369335 7.802671E-16
 1.36948 1.0366455E-15
 1.369625 8.218506E-16
 1.36977 9.208255E-16
 1.369915 8.894803E-16
 1.37006 7.011631E-16
 1.370205 9.54681E-16
 1.37035 6.1204896E-16
 1.370495 7.341885E-16
 1.37064 1.0982539E-15
 1.370785 1.093116E-15
 1.37093 9.317351E-16
 1.371075 1.0440838E-15
 1.37122 8.246975E-16
 1.371365 6.9931596E-16
 1.37151 7.20087E-16
 1.371655 8.691718E-16
 1.3718 9.365818E-16
 1.371945 8.091025E-16
 1.37209 1.1722543E-15
 1.372235 1.1426977E-15
 1.37238 7.22757E-16
 1.372525 3.3996408E-16
 1.37267 6.6545127E-16
 1.372815 9.092457E-16
 1.37296 1.0885076E-15
 1.373105 1.1653823E-15
 1.37325 8.887464E-16
 1.373395 9.777424E-16
 1.37354 7.2453536E-16
 1.373685 7.15965E-16
 1.37383 9.804976E-16
 1.373975 8.3162997E-16
 1.37412 6.731179E-16
 1.374265 8.1053784E-16
 1.37441 7.6689257E-16
 1.374555 7.0090944E-16
 1.3747 6.772618E-16
 1.374845 1.0057777E-15
 1.37499 9.380459E-16
 1.375135 9.377306E-16
 1.37528 7.6575024E-16
 1.375425 1.0022603E-15
 1.37557 9.83912E-16
 1.375715 1.1865351E-15
 1.37586 1.071357E-15
 1.376005 1.0873694E-15
 1.37615 1.2468995E-15
 1.376295 8.2559677E-16
 1.37644 7.111116E-16
 1.376585 1.038918E-15
 1.37673 1.2289505E-15
 1.376875 9.170658E-16
 1.37702 5.506991E-16
 1.377165 6.729404E-16
 1.37731 7.14903E-16
 1.377455 5.918323E-16
 1.3776 7.501082E-16
 1.377745 9.645068E-16
 1.37789 9.642007E-16
 1.378035 1.0765341E-15
 1.37818 1.1228276E-15
 1.378325 1.2230455E-15
 1.37847 7.544357E-16
 1.378615 1.0053584E-15
 1.37876 2.0155522E-15
 1.378905 9.23108E-16
 1.37905 1.1429782E-15
 1.379195 9.192673E-16
 1.37934 5.790357E-16
 1.379485 9.318933E-16
 1.37963 9.054786E-16
 1.379775 8.1652986E-16
 1.37992 8.8053845E-16
 1.380065 9.340595E-16
 1.38021 1.1517177E-15
 1.380355 9.765275E-16
 1.3805 1.2526896E-15
 1.380645 1.0813121E-15
 1.38079 -1.0955726E-15
 1.380935 2.206207E-15
 1.38108 5.031754E-16
 1.381225 2.8032063E-16
 1.38137 4.741841E-16
 1.381515 8.045699E-16
 1.38166 9.901324E-16
 1.381805 9.91612E-16
 1.38195 8.231645E-16
 1.382095 9.180827E-16
 1.38224 7.2766054E-16
 1.382385 1.4636643E-15
 1.38253 1.7120467E-15
 1.382675 2.469719E-15
 1.38282 -2.8753833E-16
 1.382965 -5.299251E-15
 1.38311 1.0552164E-15
 1.383255 8.806853E-16
 1.3834 5.0605867E-16
 1.383545 8.370413E-16
 1.38369 6.868725E-16
 1.383835 1.0265543E-15
 1.38398 3.1068073E-16
 1.384125 2.4893724E-16
 1.38427 6.583302E-16
 1.384415 7.188111E-16
 1.38456 8.806116E-16
 1.384705 9.836887E-16
 1.38485 8.2355097E-16
 1.384995 1.1911385E-15
 1.38514 5.6975115E-16
 1.385285 1.5663385E-15
 1.38543 1.1990909E-15
 1.385575 6.235955E-16
 1.38572 8.2494545E-16
 1.385865 8.550565E-16
 1.38601 1.0240177E-15
 1.386155 6.0379664E-16
 1.3863 6.980925E-16
 1.386445 6.9868677E-16
 1.38659 7.9875625E-16
 1.386735 8.27444E-16
 1.38688 8.7434637E-16
 1.387025 9.466178E-16
 1.38717 8.4237114E-16
 1.387315 8.918048E-16
 1.38746 9.727574E-16
 1.387605 8.4383265E-16
 1.38775 8.892349E-16
 1.387895 1.3834891E-15
 1.38804 1.4905636E-15
 1.388185 2.94337E-15
 1.38833 -1.6669536E-16
 1.388475 5.8034436E-16
 1.38862 7.0226E-16
 1.388765 6.1832966E-16
 1.38891 8.4756933E-16
 1.389055 8.164628E-16
 1.3892 8.7103103E-16
 1.389345 9.325132E-16
 1.38949 1.2258034E-15
 1.389635 1.19005E-15
 1.38978 1.0043424E-15
 1.389925 1.0556512E-15
 1.39007 8.126119E-16
 1.390215 7.519655E-16
 1.39036 9.102905E-16
 1.390505 1.0405691E-15
 1.39065 1.0573378E-15
 1.390795 1.1098932E-15
 1.39094 7.273252E-16
 1.391085 6.5341794E-16
 1.39123 6.932645E-16
 1.391375 7.762085E-16
 1.39152 7.7445324E-16
 1.391665 9.43759E-16
 1.39181 7.3023457E-16
 1.391955 8.0172066E-16
 1.3921 9.933974E-16
 1.392245 1.1496431E-15
 1.39239 1.5677422E-15
 1.392535 3.0036671E-15
 1.39268 1.5116979E-15
 1.392825 9.029709E-16
 1.39297 7.871737E-16
 1.393115 8.333563E-16
 1.39326 7.134533E-16
 1.393405 9.868533E-16
 1.39355 9.18378E-16
 1.393695 8.122151E-16
 1.39384 8.296263E-16
 1.393985 6.1780847E-16
 1.39413 5.4062513E-16
 1.394275 7.565857E-16
 1.39442 7.972053E-16
 1.394565 7.2622593E-16
 1.39471 9.262174E-16
 1.394855 1.5012038E-15
 1.395 9.161253E-16
 1.395145 1.038439E-15
 1.39529 1.0196988E-15
 1.395435 1.108101E-15
 1.39558 1.0767313E-15
 1.395725 7.9520565E-16
 1.39587 5.6531376E-16
 1.396015 6.8031516E-16
 1.39616 7.6568046E-16
 1.396305 8.717734E-16
 1.39645 1.2822947E-15
 1.396595 1.1950211E-15
 1.39674 9.725293E-16
 1.396885 9.688972E-16
 1.39703 8.897902E-16
 1.397175 9.616299E-16
 1.39732 8.8160756E-16
 1.397465 6.0799697E-16
 1.39761 8.444453E-16
 1.397755 7.705879E-16
 1.3979 8.648111E-16
 1.398045 9.721557E-16
 1.39819 9.043499E-16
 1.398335 6.525464E-16
 1.39848 7.3094306E-16
 1.398625 8.4866714E-16
 1.39877 6.43464E-16
 1.398915 8.0227795E-16
 1.39906 8.031531E-16
 1.399205 9.810111E-16
 1.39935 7.631146E-16
 1.399495 1.1192708E-15
 1.39964 1.0884101E-15
 1.399785 1.3568861E-15
 1.39993 8.97627E-16
 1.400075 1.0791905E-15
 1.40022 1.0861552E-15
 1.400365 5.109144E-16
 1.40051 1.5957291E-15
 1.400655 1.4687989E-15
 1.4008 2.9315625E-16
 1.400945 -6.232327E-17
 1.40109 2.2130464E-16
 1.401235 3.9342388E-16
 1.40138 4.782724E-16
 1.401525 0.
 1.40167 0.
 1.401815 0.
 1.40196 0.
 1.402105 0.
 1.40225 0.
 1.402395 0.
 1.40254 0.
 1.402685 0.
 1.40283 0.
 1.402975 0.
 1.40312 0.
 1.403265 0.
 1.40341 0.
 1.403555 0.
 1.4037 0.
 1.403845 0.
 1.40399 0.
 1.404135 0.
 1.40428 0.
 1.404425 0.
 1.40457 0.
 1.404715 0.
 1.40486 0.
 1.405005 0.
 1.40515 0.
 1.405295 0.
 1.40544 0.
 1.405585 0.
 1.40573 0.
 1.405875 0.
 1.40602 0.
 1.406165 0.
 1.40631 0.
 1.406455 0.
 1.4066 0.
 1.406745 0.
 1.40689 0.
 1.407035 0.
 1.40718 0.
 1.407325 0.
 1.40747 0.
 1.407615 0.
 1.40776 0.
 1.407905 0.
 1.40805 0.
 1.408195 0.
 1.40834 0.
 1.408485 0.
 1.40863 0.
 1.408775 0.
 1.40892 0.
 1.409065 0.
 1.40921 0.
 1.409355 0.
 1.4095 0.
 1.409645 0.
 1.40979 0.
 1.409935 0.
 1.41008 0.
 1.410225 0.
 1.41037 0.
 1.410515 0.
 1.41066 0.
 1.410805 0.
 1.41095 0.
 1.411095 0.
 1.41124 0.
 1.411385 0.
 1.41153 0.
 1.411675 0.
 1.41182 0.
 1.411965 0.
 1.41211 0.
 1.4075 0.
 1.408 0.
 1.4085 0.
 1.409 0.
 1.4095 0.
 1.41 0.
 1.4105 0.
 1.411 0.
 1.4115 0.
 1.412 0.
 1.4125 0.
 1.413 0.
 1.4135 0.
 1.414 0.
 1.4145 0.
 1.415 0.
 1.4155 0.
 1.416 0.
 1.4165 0.
 1.417 0.
 1.4175 0.
 1.418 0.
 1.4185 0.
 1.419 0.
 1.4195 0.
 1.42 0.
 1.4205 0.
 1.421 0.
 1.4215 0.
 1.422 0.
 1.4225 0.
 1.423 0.
 1.4235 0.
 1.424 0.
 1.4245 0.
 1.425 0.
 1.4255 0.
 1.426 0.
 1.4265 0.
 1.427 0.
 1.4275 0.
 1.428 0.
 1.4285 0.
 1.429 0.
 1.4295 0.
 1.43 0.
 1.4305 0.
 1.431 0.
 1.4315 0.
 1.432 0.
 1.4325 0.
 1.433 0.
 1.4335 0.
 1.434 0.
 1.4345 0.
 1.435 0.
 1.4355 0.
 1.436 0.
 1.4365 0.
 1.437 0.
 1.4375 0.
 1.438 0.
 1.4385 0.
 1.439 0.
 1.4395 0.
 1.44 0.
 1.4405 0.
 1.441 0.
 1.4415 0.
 1.442 0.
 1.4425 0.
 1.443 0.
 1.4435 0.
 1.444 0.
 1.4445 0.
 1.445 0.
 1.4455 0.
 1.446 0.
 1.4465 0.
 1.447 0.
 1.4475 0.
 1.448 0.
 1.4485 0.
 1.449 0.
 1.4495 0.
 1.45 0.
 1.4505 0.
 1.451 0.
 1.4515 1.2136503E-15
 1.452 1.127534E-15
 1.4525 1.1394342E-15
 1.453 1.0773614E-15
 1.4535 1.0276467E-15
 1.454 9.995819E-16
 1.4545 1.0170619E-15
 1.455 1.1654934E-15
 1.4555 1.266021E-15
 1.456 1.0933377E-15
 1.4565 1.0675699E-15
 1.457 9.969309E-16
 1.4575 1.086839E-15
 1.458 1.1298493E-15
 1.4585 1.1265835E-15
 1.459 1.1876284E-15
 1.4595 1.0757759E-15
 1.46 1.1238292E-15
 1.4605 1.1441654E-15
 1.461 1.0297267E-15
 1.4615 1.0159914E-15
 1.462 1.1017598E-15
 1.4625 1.0555556E-15
 1.463 1.1218848E-15
 1.4635 1.0497408E-15
 1.464 1.0332908E-15
 1.4645 1.0572234E-15
 1.465 1.1339471E-15
 1.4655 1.0630059E-15
 1.466 1.1635681E-15
 1.4665 1.1380625E-15
 1.467 1.0921582E-15
 1.4675 1.0708612E-15
 1.468 1.045747E-15
 1.4685 9.992306E-16
 1.469 9.61605E-16
 1.4695 1.0728042E-15
 1.47 1.0270938E-15
 1.4705 1.1159322E-15
 1.471 1.144764E-15
 1.4715 1.0496056E-15
 1.472 1.0665527E-15
 1.4725 1.0967214E-15
 1.473 1.0472573E-15
 1.4735 1.0866609E-15
 1.474 1.0234396E-15
 1.4745 9.639487E-16
 1.475 1.0397803E-15
 1.4755 1.0580978E-15
 1.476 1.1280821E-15
 1.4765 9.953915E-16
 1.477 1.071164E-15
 1.4775 1.0135415E-15
 1.478 1.112358E-15
 1.4785 1.0242589E-15
 1.479 1.0912024E-15
 1.4795 1.1251687E-15
 1.48 1.0121667E-15
 1.4805 1.0328269E-15
 1.481 9.941196E-16
 1.4815 1.0531968E-15
 1.482 1.070866E-15
 1.4825 9.714519E-16
 1.483 9.805827E-16
 1.4835 1.0815542E-15
 1.484 1.0649774E-15
 1.4845 1.1187088E-15
 1.485 9.864432E-16
 1.4855 1.0177149E-15
 1.486 1.0253856E-15
 1.4865 1.0825566E-15
 1.487 1.197036E-15
 1.4875 1.0768992E-15
 1.488 1.0635259E-15
 1.4885 1.1279507E-15
 1.489 1.0553697E-15
 1.4895 1.0621924E-15
 1.49 1.0673751E-15
 1.4905 1.0302689E-15
 1.491 1.0518628E-15
 1.4915 1.0979244E-15
 1.492 1.0778987E-15
 1.4925 1.0189559E-15
 1.493 9.761893E-16
 1.4935 1.0215532E-15
 1.494 1.0245938E-15
 1.4945 1.0220942E-15
 1.495 1.0531049E-15
 1.4955 1.0686221E-15
 1.496 1.0712311E-15
 1.4965 1.0953992E-15
 1.497 1.0868372E-15
 1.4975 1.102912E-15
 1.498 1.1366976E-15
 1.4985 1.0770725E-15
 1.499 1.0834096E-15
 1.4995 1.0800648E-15
 1.5 1.0420598E-15
 1.5005 1.0898897E-15
 1.501 1.0452048E-15
 1.5015 1.0759148E-15
 1.502 1.046281E-15
 1.5025 1.0080362E-15
 1.503 9.436978E-16
 1.5035 1.2064025E-15
 1.504 1.11039E-15
 1.5045 1.0283297E-15
 1.505 1.1303454E-15
 1.5055 1.0669027E-15
 1.506 1.0981391E-15
 1.5065 1.0492823E-15
 1.507 1.0945554E-15
 1.5075 1.1233122E-15
 1.508 1.054907E-15
 1.5085 1.1435781E-15
 1.509 1.1236447E-15
 1.5095 1.1312419E-15
 1.51 1.0990396E-15
 1.5105 1.1171552E-15
 1.511 1.0864645E-15
 1.5115 1.065151E-15
 1.512 1.1148261E-15
 1.5125 1.1324629E-15
 1.513 1.1321928E-15
 1.5135 1.0517858E-15
 1.514 1.0330413E-15
 1.5145 1.1091152E-15
 1.515 1.1832193E-15
 1.5155 1.1695647E-15
 1.516 1.1762688E-15
 1.5165 1.0977885E-15
 1.517 1.0807143E-15
 1.5175 1.0652651E-15
 1.518 1.031172E-15
 1.5185 1.1067537E-15
 1.519 1.1582449E-15
 1.5195 1.1423795E-15
 1.52 1.157661E-15
 1.5205 1.1048602E-15
 1.521 1.1190185E-15
 1.5215 1.1895404E-15
 1.522 1.162686E-15
 1.5225 1.1468988E-15
 1.523 1.1753514E-15
 1.5235 1.2085849E-15
 1.524 1.2312747E-15
 1.5245 1.1561452E-15
 1.525 1.0576124E-15
 1.5255 1.121405E-15
 1.526 1.1325045E-15
 1.5265 1.0899758E-15
 1.527 1.1231968E-15
 1.5275 1.1187957E-15
 1.528 1.1221843E-15
 1.5285 1.136313E-15
 1.529 1.1600519E-15
 1.5295 1.1235832E-15
 1.53 1.1143961E-15
 1.5305 1.1766286E-15
 1.531 1.1812371E-15
 1.5315 1.1926557E-15
 1.532 1.1338492E-15
 1.5325 1.1016278E-15
 1.533 1.0612673E-15
 1.5335 1.1716036E-15
 1.534 1.1977643E-15
 1.5345 1.1835238E-15
 1.535 1.1512618E-15
 1.5355 1.1670329E-15
 1.536 1.1813247E-15
 1.5365 1.1919144E-15
 1.537 1.1967059E-15
 1.5375 1.1591724E-15
 1.538 1.093394E-15
 1.5385 1.1395352E-15
 1.539 1.176372E-15
 1.5395 1.2223888E-15
 1.54 1.1454563E-15
 1.5405 1.1539349E-15
 1.541 1.1509106E-15
 1.5415 1.1390349E-15
 1.542 1.1976691E-15
 1.5425 1.1529678E-15
 1.543 1.1766001E-15
 1.5435 1.1850769E-15
 1.544 1.1702756E-15
 1.5445 1.1185113E-15
 1.545 1.1728977E-15
 1.5455 1.1876527E-15
 1.546 1.2431306E-15
 1.5465 1.2465875E-15
 1.547 1.2263318E-15
 1.5475 1.1851629E-15
 1.548 1.1621407E-15
 1.5485 1.1648115E-15
 1.549 1.1854916E-15
 1.5495 1.1826079E-15
 1.55 1.1980913E-15
 1.5505 1.1473463E-15
 1.551 1.1742927E-15
 1.5515 1.1564381E-15
 1.552 1.1870293E-15
 1.5525 1.1886537E-15
 1.553 1.1989625E-15
 1.5535 1.1811327E-15
 1.554 1.1838984E-15
 1.5545 1.1915716E-15
 1.555 1.1613537E-15
 1.5555 1.1484538E-15
 1.556 1.1616057E-15
 1.5565 1.1833244E-15
 1.557 1.214637E-15
 1.5575 1.2191395E-15
 1.558 1.148668E-15
 1.5585 1.157251E-15
 1.559 1.1650827E-15
 1.5595 1.1387574E-15
 1.56 1.227464E-15
 1.5605 1.1897224E-15
 1.561 1.1637872E-15
 1.5615 1.203129E-15
 1.562 1.1933202E-15
 1.5625 1.136742E-15
 1.563 1.2039436E-15
 1.5635 1.1540843E-15
 1.564 1.208884E-15
 1.5645 1.2179622E-15
 1.565 1.1904719E-15
 1.5655 1.1434842E-15
 1.566 1.1287812E-15
 1.5665 1.1000144E-15
 1.567 1.1880848E-15
 1.5675 1.2383921E-15
 1.568 1.2395958E-15
 1.5685 1.2478294E-15
 1.569 1.2119891E-15
 1.5695 1.1986286E-15
 1.57 1.2249353E-15
 1.5705 1.2043186E-15
 1.571 1.233171E-15
 1.5715 1.2358478E-15
 1.572 1.2189232E-15
 1.5725 1.1936244E-15
 1.573 1.1709989E-15
 1.5735 1.211711E-15
 1.574 1.2371988E-15
 1.5745 1.1747845E-15
 1.575 1.2373571E-15
 1.5755 1.1633452E-15
 1.576 1.3363326E-15
 1.5765 1.2940231E-15
 1.577 1.0815825E-15
 1.5775 1.2206138E-15
 1.578 1.2772511E-15
 1.5785 1.270547E-15
 1.579 1.2128643E-15
 1.5795 1.2241376E-15
 1.58 1.2480956E-15
 1.5805 1.2082205E-15
 1.581 1.2232634E-15
 1.5815 1.2600906E-15
 1.582 1.2116834E-15
 1.5825 1.2190254E-15
 1.583 1.3139258E-15
 1.5835 1.2464644E-15
 1.584 1.1439633E-15
 1.5845 1.2044901E-15
 1.585 1.2419917E-15
 1.5855 1.1952339E-15
 1.586 1.2204936E-15
 1.5865 1.2329407E-15
 1.587 1.2555404E-15
 1.5875 1.2715436E-15
 1.588 1.2952794E-15
 1.5885 1.2442372E-15
 1.589 1.2680741E-15
 1.5895 1.2533812E-15
 1.59 1.2875835E-15
 1.5905 1.2560149E-15
 1.591 1.2898714E-15
 1.5915 1.3658959E-15
 1.592 1.2749103E-15
 1.5925 1.204876E-15
 1.593 1.2538083E-15
 1.5935 1.2284926E-15
 1.594 1.2520708E-15
 1.5945 1.267654E-15
 1.595 1.2568191E-15
 1.5955 1.2578617E-15
 1.596 1.2421643E-15
 1.5965 1.2563756E-15
 1.597 1.3421437E-15
 1.5975 1.3045686E-15
 1.598 1.2631826E-15
 1.5985 1.2487098E-15
 1.599 1.294545E-15
 1.5995 1.2506E-15
 1.6 1.254398E-15
 1.6005 1.2846476E-15
 1.601 1.2450027E-15
 1.6015 1.3095804E-15
 1.602 1.2910314E-15
 1.6025 1.2166546E-15
 1.603 1.2907958E-15
 1.6035 1.2516568E-15
 1.604 1.2196035E-15
 1.6045 1.2281364E-15
 1.605 1.2763378E-15
 1.6055 1.2464276E-15
 1.606 1.2871688E-15
 1.6065 1.2684116E-15
 1.607 1.3165987E-15
 1.6075 1.2834578E-15
 1.608 1.2984221E-15
 1.6085 1.3093562E-15
 1.609 1.2998257E-15
 1.6095 1.3250942E-15
 1.61 1.2574358E-15
 1.6105 1.2501337E-15
 1.611 1.2870741E-15
 1.6115 1.2470896E-15
 1.612 1.2298877E-15
 1.6125 1.3030259E-15
 1.613 1.2501739E-15
 1.6135 1.2933889E-15
 1.614 1.2150588E-15
 1.6145 1.2921254E-15
 1.615 1.3128238E-15
 1.6155 1.2255447E-15
 1.616 1.227063E-15
 1.6165 1.2842626E-15
 1.617 1.2689841E-15
 1.6175 1.3318293E-15
 1.618 1.3489713E-15
 1.6185 1.302644E-15
 1.619 1.2847998E-15
 1.6195 1.327144E-15
 1.62 1.230846E-15
 1.6205 1.2869441E-15
 1.621 1.2843954E-15
 1.6215 1.2659635E-15
 1.622 1.2742492E-15
 1.6225 1.3617551E-15
 1.623 1.3436685E-15
 1.6235 1.3705173E-15
 1.624 1.3871714E-15
 1.6245 1.3455703E-15
 1.625 1.3074174E-15
 1.6255 1.2489827E-15
 1.626 1.2358551E-15
 1.6265 1.2252097E-15
 1.627 1.2913755E-15
 1.6275 1.2958427E-15
 1.628 1.27504E-15
 1.6285 1.3025504E-15
 1.629 1.3044651E-15
 1.6295 1.2784265E-15
 1.63 1.2698442E-15
 1.6305 1.3159645E-15
 1.631 1.2650268E-15
 1.6315 1.2617633E-15
 1.632 1.2683859E-15
 1.6325 1.3294114E-15
 1.633 1.3363225E-15
 1.6335 1.3373152E-15
 1.634 1.3358835E-15
 1.6345 1.3515743E-15
 1.635 1.3318208E-15
 1.6355 1.3402453E-15
 1.636 1.320106E-15
 1.6365 1.3139857E-15
 1.637 1.3059002E-15
 1.6375 1.3484027E-15
 1.638 1.3579663E-15
 1.6385 1.2204403E-15
 1.639 1.3860654E-15
 1.6395 1.3584779E-15
 1.64 1.2902221E-15
 1.6405 1.3227226E-15
 1.641 1.275759E-15
 1.6415 1.3475367E-15
 1.642 1.3045127E-15
 1.6425 1.3566172E-15
 1.643 1.3439036E-15
 1.6435 1.3347362E-15
 1.644 1.3204601E-15
 1.6445 1.3101503E-15
 1.645 1.3048836E-15
 1.6455 1.3854052E-15
 1.646 1.3730085E-15
 1.6465 1.3552556E-15
 1.647 1.3306372E-15
 1.6475 1.3490409E-15
 1.648 1.332388E-15
 1.6485 1.3622197E-15
 1.649 1.3020503E-15
 1.6495 1.3180687E-15
 1.65 1.3212814E-15
 1.6505 1.3312095E-15
 1.651 1.3331968E-15
 1.6515 1.3256199E-15
 1.652 1.2899951E-15
 1.6525 1.3073847E-15
 1.653 1.335493E-15
 1.6535 1.3998223E-15
 1.654 1.368721E-15
 1.6545 1.3060085E-15
 1.655 1.3217503E-15
 1.6555 1.279238E-15
 1.656 1.3168849E-15
 1.6565 1.3281342E-15
 1.657 1.3841173E-15
 1.6575 1.399262E-15
 1.658 1.3502087E-15
 1.6585 1.3493234E-15
 1.659 1.3529872E-15
 1.6595 1.3569879E-15
 1.66 1.3503301E-15
 1.6605 1.3198906E-15
 1.661 1.2894881E-15
 1.6615 1.2880851E-15
 1.662 1.3344721E-15
 1.6625 1.3481852E-15
 1.663 1.3358568E-15
 1.6635 1.3726482E-15
 1.664 1.3887784E-15
 1.6645 1.4131758E-15
 1.665 1.3775621E-15
 1.6655 1.4255475E-15
 1.666 1.4267282E-15
 1.6665 1.3447343E-15
 1.667 1.3401316E-15
 1.6675 1.3327441E-15
 1.668 1.2845749E-15
 1.6685 1.2197429E-15
 1.669 1.3878797E-15
 1.6695 1.3945427E-15
 1.67 1.3251834E-15
 1.6705 1.3432923E-15
 1.671 1.4154165E-15
 1.6715 1.41864E-15
 1.672 1.407104E-15
 1.6725 1.2882742E-15
 1.673 1.3368812E-15
 1.6735 1.3653769E-15
 1.674 1.3933381E-15
 1.6745 1.3846744E-15
 1.675 1.361839E-15
 1.6755 1.333984E-15
 1.676 1.4245438E-15
 1.6765 1.3658348E-15
 1.677 1.3346566E-15
 1.6775 1.3768573E-15
 1.678 1.3788058E-15
 1.6785 1.3996686E-15
 1.679 1.3792055E-15
 1.6795 1.4057792E-15
 1.68 1.3961012E-15
 1.6805 1.3960706E-15
 1.681 1.4501535E-15
 1.6815 1.4118882E-15
 1.682 1.4069857E-15
 1.6825 1.3920908E-15
 1.683 1.4138793E-15
 1.6835 1.4274468E-15
 1.684 1.4472852E-15
 1.6845 1.3958563E-15
 1.685 1.3491502E-15
 1.6855 1.3452922E-15
 1.686 1.3683198E-15
 1.6865 1.4105001E-15
 1.687 1.3570408E-15
 1.6875 1.3683502E-15
 1.688 1.3714248E-15
 1.6885 1.3607229E-15
 1.689 1.3112445E-15
 1.6895 1.2743205E-15
 1.69 1.3481278E-15
 1.6905 1.411893E-15
 1.691 1.4116168E-15
 1.6915 1.4075337E-15
 1.692 1.4270466E-15
 1.6925 1.3575587E-15
 1.693 1.3263587E-15
 1.6935 1.3786903E-15
 1.694 1.3885063E-15
 1.6945 1.370117E-15
 1.695 1.33822E-15
 1.6955 1.3638869E-15
 1.696 1.3246979E-15
 1.6965 1.3521015E-15
 1.697 1.3542182E-15
 1.6975 1.3020294E-15
 1.698 1.2947739E-15
 1.6985 1.3537763E-15
 1.699 1.3494812E-15
 1.6995 1.352983E-15
 1.7 1.3108919E-15
 1.7005 1.36535E-15
 1.701 1.3278747E-15
 1.7015 1.2647952E-15
 1.702 1.3023555E-15
 1.7025 1.3735836E-15
 1.703 1.3690651E-15
 1.7035 1.3581548E-15
 1.704 1.3369975E-15
 1.7045 1.3027474E-15
 1.705 1.3129065E-15
 1.7055 1.3234489E-15
 1.706 1.3171546E-15
 1.7065 1.361382E-15
 1.707 1.3026417E-15
 1.7075 1.3250443E-15
 1.708 1.2850641E-15
 1.7085 1.2780152E-15
 1.709 1.2311842E-15
 1.7095 1.2688015E-15
 1.71 1.3091722E-15
 1.7105 1.3273887E-15
 1.711 1.2751908E-15
 1.7115 1.1807407E-15
 1.712 1.3328473E-15
 1.7125 1.285537E-15
 1.713 1.3008373E-15
 1.7135 1.312666E-15
 1.714 1.3052387E-15
 1.7145 1.2149195E-15
 1.715 1.1970164E-15
 1.7155 1.2155157E-15
 1.716 1.2363343E-15
 1.7165 1.2135029E-15
 1.717 1.2527206E-15
 1.7175 1.2444422E-15
 1.718 1.2020558E-15
 1.7185 1.1493392E-15
 1.719 1.1374726E-15
 1.7195 1.1224996E-15
 1.72 1.1298759E-15
 1.7205 1.2128811E-15
 1.721 1.2597051E-15
 1.7215 1.2323874E-15
 1.722 1.1920682E-15
 1.7225 1.2584164E-15
 1.723 1.1865086E-15
 1.7235 1.1918602E-15
 1.724 1.1409137E-15
 1.7245 1.2207312E-15
 1.725 1.2232219E-15
 1.7255 1.2255394E-15
 1.726 1.2226745E-15
 1.7265 1.1796184E-15
 1.727 1.1314402E-15
 1.7275 1.1170339E-15
 1.728 1.173006E-15
 1.7285 1.230319E-15
 1.729 1.2181916E-15
 1.7295 1.1452579E-15
 1.73 1.1625975E-15
 1.7305 1.1589705E-15
 1.731 1.2466058E-15
 1.7315 1.1956767E-15
 1.732 1.1429962E-15
 1.7325 1.0770944E-15
 1.733 1.1022666E-15
 1.7335 1.1692885E-15
 1.734 1.1580978E-15
 1.7345 1.0996272E-15
 1.735 1.10221E-15
 1.7355 1.0853024E-15
 1.736 1.098827E-15
 1.7365 1.1273675E-15
 1.737 1.1643561E-15
 1.7375 1.1256139E-15
 1.738 1.1852014E-15
 1.7385 1.1419771E-15
 1.739 1.1895089E-15
 1.7395 1.2125856E-15
 1.74 1.1801569E-15
 1.7405 1.1242635E-15
 1.741 1.0474161E-15
 1.7415 1.1168418E-15
 1.742 1.1488071E-15
 1.7425 1.1611661E-15
 1.743 1.0934287E-15
 1.7435 1.1263801E-15
 1.744 1.1114502E-15
 1.7445 1.1139637E-15
 1.745 1.1292487E-15
 1.7455 1.0902902E-15
 1.746 1.1137951E-15
 1.7465 1.2051882E-15
 1.747 1.1608565E-15
 1.7475 1.0865364E-15
 1.748 1.045633E-15
 1.7485 1.0483796E-15
 1.749 1.0949536E-15
 1.7495 1.1466623E-15
 1.75 1.1177431E-15
 1.7505 1.0981874E-15
 1.751 9.808712E-16
 1.7515 1.0659338E-15
 1.752 1.062395E-15
 1.7525 1.0100402E-15
 1.753 1.0913507E-15
 1.7535 1.1563347E-15
 1.754 1.0645426E-15
 1.7545 1.0459286E-15
 1.755 1.0603742E-15
 1.7555 1.0656265E-15
 1.756 1.0085384E-15
 1.7565 1.0088301E-15
 1.757 9.850883E-16
 1.7575 9.947129E-16
 1.758 1.0381751E-15
 1.7585 9.700714E-16
 1.759 1.0111168E-15
 1.7595 1.0242826E-15
 1.76 1.0695192E-15
 1.7605 1.0663081E-15
 1.761 1.0388571E-15
 1.7615 9.911616E-16
 1.762 1.0326393E-15
 1.7625 1.0211953E-15
 1.763 9.641614E-16
 1.7635 9.547216E-16
 1.764 1.0244208E-15
 1.7645 1.0125213E-15
 1.765 1.0152126E-15
 1.7655 1.0950161E-15
 1.766 1.1248298E-15
 1.7665 1.0300102E-15
 1.767 1.0430528E-15
 1.7675 9.56036E-16
 1.768 9.553699E-16
 1.7685 9.354006E-16
 1.769 9.336252E-16
 1.7695 9.90725E-16
 1.77 1.0099661E-15
 1.7705 1.0383553E-15
 1.771 9.92235E-16
 1.7715 9.715881E-16
 1.772 9.891561E-16
 1.7725 9.452068E-16
 1.773 9.206857E-16
 1.7735 9.47516E-16
 1.774 1.0497168E-15
 1.7745 9.957337E-16
 1.775 9.066041E-16
 1.7755 9.078788E-16
 1.776 9.750429E-16
 1.7765 9.276729E-16
 1.777 8.7543994E-16
 1.7775 9.095726E-16
 1.778 9.651453E-16
 1.7785 9.924851E-16
 1.779 9.523237E-16
 1.7795 8.6392363E-16
 1.78 8.8259086E-16
 1.7805 9.54206E-16
 1.781 1.018498E-15
 1.7815 9.210434E-16
 1.782 8.404369E-16
 1.7825 9.167574E-16
 1.783 8.8730227E-16
 1.7835 9.314622E-16
 1.784 1.0001779E-15
 1.7845 1.0952885E-15
 1.785 1.0201198E-15
 1.7855 8.8445455E-16
 1.786 9.102618E-16
 1.7865 8.49835E-16
 1.787 8.8789646E-16
 1.7875 7.830493E-16
 1.788 8.047482E-16
 1.7885 8.649857E-16
 1.789 8.900721E-16
 1.7895 8.913928E-16
 1.79 9.33613E-16
 1.7905 9.509535E-16
 1.791 8.98629E-16
 1.7915 9.002079E-16
 1.792 8.904438E-16
 1.7925 8.957024E-16
 1.793 8.7583503E-16
 1.7935 8.967349E-16
 1.794 8.431835E-16
 1.7945 7.898856E-16
 1.795 8.3928487E-16
 1.7955 8.8629165E-16
 1.796 9.677838E-16
 1.7965 9.129036E-16
 1.797 9.249466E-16
 1.7975 9.091232E-16
 1.798 9.349217E-16
 1.7985 8.877834E-16
 1.799 8.845836E-16
 1.7995 8.948459E-16
 1.8 8.963547E-16
 1.8005 8.902496E-16
 1.801 8.983946E-16
 1.8015 8.350212E-16
 1.802 7.6072977E-16
 1.8025 8.2584013E-16
 1.803 7.8720563E-16
 1.8035 8.437969E-16
 1.804 8.4802996E-16
 1.8045 8.6993465E-16
 1.805 8.749455E-16
 1.8055 8.791892E-16
 1.806 9.791833E-16
 1.8065 8.760739E-16
 1.807 7.1156E-16
 1.8075 7.7334103E-16
 1.808 7.1728857E-16
 1.8085 7.6798746E-16
 1.809 8.466238E-16
 1.8095 7.932044E-16
 1.81 8.287416E-16
 1.8105 9.625382E-16
 1.811 9.389178E-16
 1.8115 6.977385E-16
 1.812 8.3218605E-16
 1.8125 9.224273E-16
 1.813 7.5514835E-16
 1.8135 6.6578897E-16
 1.814 7.705635E-16
 1.8145 8.77492E-16
 1.815 1.0584311E-15
 1.8155 1.092945E-15
 1.816 9.241075E-16
 1.8165 8.6557773E-16
 1.817 9.033074E-16
 1.8175 8.2517304E-16
 1.818 8.479356E-16
 1.8185 9.388858E-16
 1.819 8.1343147E-16
 1.8195 7.776038E-16
 1.82 8.7524894E-16
 1.8205 9.790873E-16
 1.821 6.274049E-16
 1.8215 7.6249774E-16
 1.822 9.041935E-16
 1.8225 6.623052E-16
 1.823 5.786687E-16
 1.8235 7.2092753E-16
 1.824 8.336776E-16
 1.8245 8.554006E-16
 1.825 8.541706E-16
 1.8255 7.860756E-16
 1.826 8.6849544E-16
 1.8265 9.387732E-16
 1.827 5.7788426E-16
 1.8275 6.941115E-16
 1.828 8.6714553E-16
 1.8285 9.555045E-16
 1.829 8.476327E-16
 1.8295 6.41379E-16
 1.83 9.64697E-16
 1.8305 9.421228E-16
 1.831 8.0380155E-16
 1.8315 8.124318E-16
 1.832 6.89945E-16
 1.8325 8.2416946E-16
 1.833 7.824745E-16
 1.8335 6.3661366E-16
 1.834 7.775703E-16
 1.8345 8.723354E-16
 1.835 9.675373E-16
 1.8355 8.1727594E-16
 1.836 7.9260605E-16
 1.8365 7.8644447E-16
 1.837 8.039901E-16
 1.8375 9.572951E-16
 1.838 9.925865E-16
 1.8385 5.0887325E-16
 1.839 6.9301763E-16
 1.8395 8.0560806E-16
 1.84 8.790011E-16
 1.8405 7.0766315E-16
 1.841 6.9016266E-16
 1.8415 1.048906E-15
 1.842 1.1990161E-15
 1.8425 6.431129E-16
 1.843 6.7000587E-16
 1.8435 7.8237077E-16
 1.844 7.082726E-16
 1.8445 5.9901127E-16
 1.845 6.370966E-16
 1.8455 7.5145285E-16
 1.846 7.5313675E-16
 1.8465 7.891814E-16
 1.847 1.4760767E-15
 1.8475 1.6314416E-15
 1.848 1.6401201E-15
 1.8485 3.024326E-15
 1.849 8.8516065E-16
 1.8495 5.4873177E-16
 1.85 6.380478E-16
 1.8505 8.41863E-16
 1.851 5.238903E-16
 1.8515 5.220688E-16
 1.852 7.344938E-16
 1.8525 8.6576995E-16
 1.853 9.949016E-16
 1.8535 1.0996764E-15
 1.854 8.82174E-16
 1.8545 7.1109215E-16
 1.855 5.0151545E-16
 1.8555 5.945793E-16
 1.856 8.0799235E-16
 1.8565 9.514967E-16
 1.857 8.981946E-16
 1.8575 4.0248417E-16
 1.858 3.36931E-16
 1.8585 4.928547E-16
 1.859 6.5010965E-16
 1.8595 8.295859E-16
 1.86 1.0530072E-15
 1.8605 9.38313E-16
 1.861 3.2069072E-16
 1.8615 4.894944E-16
 1.862 5.8150347E-16
 1.8625 6.795284E-16
 1.863 7.711048E-16
 1.8635 6.578643E-16
 1.864 8.0615953E-16
 1.8645 8.1999973E-16
 1.865 4.1615097E-16
 1.8655 4.8279957E-16
 1.866 5.7329615E-16
 1.8665 7.147267E-16
 1.867 8.371154E-16
 1.8675 9.278627E-16
 1.868 8.7612736E-16
 1.8685 5.844356E-16
 1.869 8.1987797E-16
 1.8695 8.152809E-16
 1.87 9.173966E-16
 1.8705 1.4969548E-15
 1.871 2.3855397E-16
 1.8715 -8.7762603E-16
 1.872 7.4763866E-17
 1.8725 7.2912644E-16
 1.873 7.717967E-16
 1.8735 1.6262614E-15
 1.874 1.2695055E-15
 1.8745 3.5763994E-16
 1.875 6.3721706E-16
 1.8755 7.3869357E-16
 1.876 9.980854E-16
 1.8765 9.279215E-16
 1.877 8.0980834E-16
 1.8775 2.9745833E-16
 1.878 5.0639394E-16
 1.8785 4.6858355E-16
 1.879 5.138799E-16
 1.8795 6.666903E-16
 1.88 6.129717E-16
 1.8805 8.1770136E-16
 1.881 8.0428547E-16
 1.8815 5.789083E-16
 1.882 5.0197094E-16
 1.8825 6.671154E-16
 1.883 8.941979E-16
 1.8835 8.1079635E-16
 1.884 9.174305E-16
 1.8845 6.5875616E-16
 1.885 5.681826E-16
 1.8855 6.666234E-16
 1.886 6.7795686E-16
 1.8865 7.3927966E-16
 1.887 8.7672203E-16
 1.8875 6.0013984E-16
 1.888 6.879044E-16
 1.8885 7.5629793E-16
 1.889 6.7266444E-16
 1.8895 7.3336017E-16
 1.89 9.110913E-16
 1.8905 7.1945004E-16
 1.891 5.5021174E-16
 1.8915 7.2025424E-16
 1.892 8.552393E-16
 1.8925 7.688144E-16
 1.893 6.482934E-16
 1.8935 9.473284E-16
 1.894 7.0402245E-16
 1.8945 5.1769516E-16
 1.895 5.6719274E-16
 1.8955 6.650095E-16
 1.896 8.1093944E-16
 1.8965 6.9106454E-16
 1.897 6.6741516E-16
 1.8975 8.4974276E-16
 1.898 9.028487E-16
 1.8985 5.979333E-16
 1.899 8.438671E-16
 1.8995 9.227774E-16
 1.9 3.9833138E-16
 1.9005 6.7278964E-16
 1.901 5.184421E-16
 1.9015 5.3388794E-16
 1.902 6.836032E-16
 1.9025 8.5849696E-16
 1.903 1.0706093E-15
 1.9035 4.0746925E-16
 1.904 5.58325E-16
 1.9045 8.3031103E-16
 1.905 1.0836382E-15
 1.9055 2.161288E-15
 1.906 1.1081127E-15
 1.9065 5.1167847E-16
 1.907 3.7063033E-16
 1.9075 5.536931E-16
 1.908 6.16882E-16
 1.9085 7.300961E-16
 1.909 8.046019E-16
 1.9095 6.2795433E-16
 1.91 6.8353997E-16
 1.9105 7.7420595E-16
 1.911 7.603295E-16
 1.9115 7.7284874E-16
 1.912 6.580098E-16
 1.9125 7.46116E-16
 1.913 8.5786263E-16
 1.9135 9.229366E-16
 1.914 9.557568E-16
 1.9145 4.4680194E-16
 1.915 5.38401E-16
 1.9155 6.950156E-16
 1.916 9.110209E-16
 1.9165 9.46593E-16
 1.917 4.8769563E-16
 1.9175 5.6223337E-16
 1.918 6.1750804E-16
 1.9185 6.829694E-16
 1.919 7.6673444E-16
 1.9195 9.117553E-16
 1.92 1.0178703E-15
 1.9205 9.053278E-16
 1.921 7.1326495E-16
 1.9215 4.468381E-16
 1.922 5.460525E-16
 1.9225 6.5201637E-16
 1.923 7.371046E-16
 1.9235 7.87485E-16
 1.924 9.03923E-16
 1.9245 7.0973695E-16
 1.925 5.490724E-16
 1.9255 6.52182E-16
 1.926 7.4735565E-16
 1.9265 7.6788847E-16
 1.927 7.982235E-16
 1.9275 7.0102797E-16
 1.928 6.9597055E-16
 1.9285 8.290831E-16
 1.929 6.062994E-16
 1.9295 5.774141E-16
 1.93 7.525224E-16
 1.9305 8.295168E-16
 1.931 7.6432394E-16
 1.9315 5.924686E-16
 1.932 5.809213E-16
 1.9325 6.4541105E-16
 1.933 7.4814333E-16
 1.9335 6.919439E-16
 1.934 7.818104E-16
 1.9345 6.749508E-16
 1.935 6.4457826E-16
 1.9355 7.483561E-16
 1.936 7.961098E-16
 1.9365 8.797548E-16
 1.937 7.119243E-16
 1.9375 6.894989E-16
 1.938 8.72866E-16
 1.9385 6.802618E-16
 1.939 6.447643E-16
 1.9395 6.636384E-16
 1.94 5.602618E-16
 1.9405 6.291795E-16
 1.941 7.553364E-16
 1.9415 7.425171E-16
 1.942 6.49633E-16
 1.9425 6.740909E-16
 1.943 7.4245646E-16
 1.9435 7.109246E-16
 1.944 7.24768E-16
 1.9445 8.067459E-16
 1.945 7.4962495E-16
 1.9455 6.191191E-16
 1.946 5.974339E-16
 1.9465 6.1869584E-16
 1.947 7.3111215E-16
 1.9475 8.0660433E-16
 1.948 7.389171E-16
 1.9485 7.2128297E-16
 1.949 6.6831874E-16
 1.9495 7.2353094E-16
 1.95 7.4183013E-16
 1.9505 7.366555E-16
 1.951 6.0924634E-16
 1.9515 6.2565665E-16
 1.952 7.118282E-16
 1.9525 7.101475E-16
 1.953 7.0673555E-16
 1.9535 6.9793456E-16
 1.954 7.21038E-16
 1.9545 7.9758406E-16
 1.955 7.2825426E-16
 1.9555 7.624385E-16
 1.956 6.975422E-16
 1.9565 6.9018696E-16
 1.957 6.7542206E-16
 1.9575 7.0983484E-16
 1.958 7.6468324E-16
 1.9585 6.7033425E-16
 1.959 7.537639E-16
 1.9595 7.207244E-16
 1.96 6.3969813E-16
 1.9605 6.4192355E-16
 1.961 6.734616E-16
 1.9615 6.4824956E-16
 1.962 6.8041574E-16
 1.9625 7.543615E-16
 1.963 7.9332497E-16
 1.9635 7.288642E-16
 1.964 6.5664996E-16
 1.9645 7.0830526E-16
 1.965 6.9196176E-16
 1.9655 6.974783E-16
 1.966 6.944126E-16
 1.9665 6.99966E-16
 1.967 6.8378386E-16
 1.9675 6.751664E-16
 1.968 6.5905145E-16
 1.9685 6.6220146E-16
 1.969 6.8384443E-16
 1.9695 7.075844E-16
 1.97 6.9151765E-16
 1.9705 7.367323E-16
 1.971 7.394366E-16
 1.9715 6.9495273E-16
 1.972 6.418989E-16
 1.9725 6.8636345E-16
 1.973 6.912667E-16
 1.9735 6.7368225E-16
 1.974 6.781223E-16
 1.9745 6.921893E-16
 1.975 6.8135357E-16
 1.9755 7.156401E-16
 1.976 6.3657893E-16
 1.9765 5.7019675E-16
 1.977 6.4224447E-16
 1.9775 6.635978E-16
 1.978 5.9559037E-16
 1.9785 5.6697225E-16
 1.979 6.415921E-16
 1.9795 7.159929E-16
 1.98 7.305189E-16
 1.9805 6.5820347E-16
 1.981 5.996551E-16
 1.9815 6.4701083E-16
 1.982 6.5931223E-16
 1.9825 6.599102E-16
 1.983 6.4582853E-16
 1.9835 6.7386246E-16
 1.984 6.584204E-16
 1.9845 6.5670517E-16
 1.985 6.66292E-16
 1.9855 6.647461E-16
 1.986 6.513092E-16
 1.9865 6.6764916E-16
 1.987 6.6127253E-16
 1.9875 6.100853E-16
 1.988 6.163518E-16
 1.9885 6.4312374E-16
 1.989 6.674229E-16
 1.9895 6.7570396E-16
 1.99 6.8906384E-16
 1.9905 6.3326385E-16
 1.991 5.9308103E-16
 1.9915 6.378245E-16
 1.992 6.46641E-16
 1.9925 6.3817617E-16
 1.993 6.712574E-16
 1.9935 6.6197197E-16
 1.994 6.8900365E-16
 1.9945 6.826241E-16
 1.995 6.619371E-16
 1.9955 6.781749E-16
 1.996 6.752863E-16
 1.9965 6.8818256E-16
 1.997 6.9596695E-16
 1.9975 6.6286914E-16
 1.998 6.573108E-16
 1.9985 6.6843515E-16
 1.9990001 6.7622367E-16
 1.9995002 6.8905807E-16
 2. 6.207538E-16
 2.0005002 6.3884935E-16
 2.0010002 6.094026E-16
 2.0015001 6.0940797E-16
 2.002 6.595216E-16
 2.0025 6.4996856E-16
 2.003 5.8572233E-16
 2.0035 6.132785E-16
 2.0040002 6.3148694E-16
 2.0045002 6.0239877E-16
 2.005 6.0493764E-16
 2.0055 6.29153E-16
 2.006 6.645959E-16
 2.0065 5.707122E-16
 2.0070002 6.0217367E-16
 2.0075002 6.162531E-16
 2.0080001 6.7166626E-16
 2.0085 6.586735E-16
 2.009 5.8285676E-16
 2.0095 6.247262E-16
 2.01 6.4954685E-16
 2.0105002 6.5181647E-16
 2.0110002 6.5032114E-16
 2.0115001 6.4086825E-16
 2.012 6.1453394E-16
 2.0125 6.248953E-16
 2.013 6.3445775E-16
 2.0135002 6.189559E-16
 2.0140002 5.8542894E-16
 2.0145001 5.8902084E-16
 2.015 6.6360934E-16
 2.0155 5.9728634E-16
 2.016 5.9117166E-16
 2.0165 6.1724524E-16
 2.0170002 5.7582814E-16
 2.0175002 5.7742824E-16
 2.0180001 6.1842553E-16
 2.0185 6.2920117E-16
 2.019 6.2046545E-16
 2.0195 5.991642E-16
 2.02 5.899884E-16
 2.0205002 5.8543995E-16
 2.0210001 6.2439E-16
 2.0215 6.7773896E-16
 2.022 6.2914404E-16
 2.0225 6.204768E-16
 2.023 6.453342E-16
 2.0235002 6.155656E-16
 2.0240002 6.2961785E-16
 2.0245001 6.6296056E-16
 2.025 6.576315E-16
 2.0255 6.415488E-16
 2.026 6.043801E-16
 2.0265 6.006702E-16
 2.0270002 6.0263514E-16
 2.0275002 5.946059E-16
 2.028 6.217932E-16
 2.0285 6.6087607E-16
 2.029 6.3123214E-16
 2.0295 5.810572E-16
 2.0300002 6.161077E-16
 2.0305002 6.44037E-16
 2.0310001 6.095575E-16
 2.0315 6.1951354E-16
 2.032 6.8204586E-16
 2.0325 6.889557E-16
 2.033 6.599229E-16
 2.0335002 6.493253E-16
 2.0340002 6.339593E-16
 2.0345001 6.39096E-16
 2.035 6.324414E-16
 2.0355 6.332342E-16
 2.036 5.9342234E-16
 2.0365002 6.142567E-16
 2.0370002 6.91572E-16
 2.0375001 6.6732464E-16
 2.038 6.846934E-16
 2.0385 6.6341415E-16
 2.039 6.389415E-16
 2.0395 6.3615695E-16
 2.0400002 6.105907E-16
 2.0405002 6.073557E-16
 2.0410001 5.9075656E-16
 2.0415 5.9838616E-16
 2.042 6.5770515E-16
 2.0425 6.466399E-16
 2.043 6.7398083E-16
 2.0435002 6.907133E-16
 2.0440001 6.456287E-16
 2.0445 6.1890813E-16
 2.045 5.9896585E-16
 2.0455 6.0991624E-16
 2.046 6.2096557E-16
 2.0465002 6.4551094E-16
 2.0470002 6.7851394E-16
 2.0475001 6.542359E-16
 2.048 6.983119E-16
 2.0485 6.869598E-16
 2.049 6.330795E-16
 2.0495 6.109533E-16
 2.0500002 6.1944197E-16
 2.0505002 6.417521E-16
 2.051 6.6620777E-16
 2.0515 6.9445696E-16
 2.052 6.3416785E-16
 2.0525 6.25455E-16
 2.0530002 6.5607053E-16
 2.0535002 6.8508496E-16
 2.0540001 6.515373E-16
 2.0545 6.3362596E-16
 2.055 6.010883E-16
 2.0555 6.2276583E-16
 2.056 6.350826E-16
 2.0565002 6.1493586E-16
 2.0570002 6.525216E-16
 2.0575001 6.3530404E-16
 2.058 6.3415393E-16
 2.0585 6.6316105E-16
 2.059 6.5277833E-16
 2.0595002 6.347902E-16
 2.0600002 6.5370694E-16
 2.0605001 6.607839E-16
 2.061 6.407122E-16
 2.0615 6.320806E-16
 2.062 6.7238725E-16
 2.0625 6.392277E-16
 2.0630002 6.544348E-16
 2.0635002 6.2098765E-16
 2.0640001 6.1561227E-16
 2.0645 5.799196E-16
 2.065 6.022301E-16
 2.0655 6.35582E-16
 2.066 6.187819E-16
 2.0665002 6.154364E-16
 2.0670002 7.0705133E-16
 2.0675 6.6425324E-16
 2.068 6.089745E-16
 2.0685 6.4623315E-16
 2.069 6.5578694E-16
 2.0695002 6.2087144E-16
 2.0700002 6.5208784E-16
 2.0705001 6.5054576E-16
 2.071 6.837046E-16
 2.0715 6.5734384E-16
 2.072 6.238223E-16
 2.0725 6.3304553E-16
 2.0730002 6.665009E-16
 2.0735002 6.396473E-16
 2.0740001 6.128952E-16
 2.0745 6.32984E-16
 2.075 6.4652707E-16
 2.0755 6.6019315E-16
 2.0760002 6.6009463E-16
 2.0765002 6.6340097E-16
 2.0770001 6.087507E-16
 2.0775 6.401636E-16
 2.078 6.5422607E-16
 2.0785 6.576294E-16
 2.079 6.3312235E-16
 2.0795002 6.5544076E-16
 2.0800002 6.50406E-16
 2.0805001 6.5565893E-16
 2.081 6.47331E-16
 2.0815 6.3535227E-16
 2.082 6.3090736E-16
 2.0825 6.5149904E-16
 2.0830002 6.572961E-16
 2.0835001 6.6136666E-16
 2.084 6.566869E-16
 2.0845 6.5639707E-16
 2.085 6.5391976E-16
 2.0855 6.4878806E-16
 2.0860002 6.6576684E-16
 2.0865002 6.8384067E-16
 2.0870001 6.4533143E-16
 2.0875 6.357132E-16
 2.088 6.57522E-16
 2.0885 6.6246E-16
 2.089 6.564732E-16
 2.0895002 6.614995E-16
 2.0900002 6.481212E-16
 2.0905 6.411512E-16
 2.091 6.7874783E-16
 2.0915 7.216628E-16
 2.092 6.7788227E-16
 2.0925002 6.4196627E-16
 2.0930002 6.999902E-16
 2.0935001 7.0215585E-16
 2.094 6.8507215E-16
 2.0945 6.622737E-16
 2.095 6.46537E-16
 2.0955 6.548911E-16
 2.0960002 6.5376925E-16
 2.0965002 6.3270555E-16
 2.0970001 6.3415234E-16
 2.0975 6.471039E-16
 2.098 6.669499E-16
 2.0985 6.8405343E-16
 2.0990002 6.9347466E-16
 2.0995002 6.716164E-16
 2.1000001 6.664324E-16
 2.1005 6.768665E-16
 2.101 6.983571E-16
 2.1015 7.156153E-16
 2.102 6.791767E-16
 2.1025002 6.683566E-16
 2.1030002 6.913413E-16
 2.1035001 6.694697E-16
 2.104 6.7795797E-16
 2.1045 6.780594E-16
 2.105 6.8261215E-16
 2.1055 6.56139E-16
 2.1060002 6.8612014E-16
 2.1065001 6.7197035E-16
 2.107 7.0611107E-16
 2.1075 7.1291936E-16
 2.108 6.9101514E-16
 2.1085 6.73257E-16
 2.1090002 6.507062E-16
 2.1095002 6.9059004E-16
 2.1100001 6.6585726E-16
 2.1105 6.9511086E-16
 2.111 7.1896707E-16
 2.1115 7.090005E-16
 2.112 6.633326E-16
 2.1125002 6.6527884E-16
 2.1130002 6.835646E-16
 2.1135 7.169495E-16
 2.114 7.178632E-16
 2.1145 7.233979E-16
 2.115 7.3712894E-16
 2.1155002 7.098922E-16
 2.1160002 6.965549E-16
 2.1165001 7.240052E-16
 2.117 6.9232444E-16
 2.1175 6.973102E-16
 2.118 6.6846464E-16
 2.1185 6.897574E-16
 2.1190002 6.8861423E-16
 2.1195002 6.918236E-16
 2.1200001 6.9362337E-16
 2.1205 7.0297805E-16
 2.121 6.993148E-16
 2.1215 6.882527E-16
 2.1220002 7.044872E-16
 2.1225002 7.26468E-16
 2.1230001 7.430892E-16
 2.1235 7.2573455E-16
 2.124 7.1918825E-16
 2.1245 7.236086E-16
 2.125 7.3943557E-16
 2.1255002 7.355587E-16
 2.1260002 7.0974585E-16
 2.1265001 6.9485585E-16
 2.127 7.010769E-16
 2.1275 7.0094465E-16
 2.128 6.7784945E-16
 2.1285 7.0192154E-16
 2.1290002 6.905859E-16
 2.1295002 6.9089455E-16
 2.13 6.926983E-16
 2.1305 7.0554366E-16
 2.131 7.0998026E-16
 2.1315 7.2198907E-16
 2.1320002 7.333086E-16
 2.1325002 7.0925383E-16
 2.1330001 7.0229085E-16
 2.1335 7.166842E-16
 2.134 7.362895E-16
 2.1345 7.064645E-16
 2.135 7.1784676E-16
 2.1355002 7.4180673E-16
 2.1360002 7.011696E-16
 2.1365001 7.284227E-16
 2.137 7.3042086E-16
 2.1375 7.197161E-16
 2.138 7.201127E-16
 2.1385002 7.0134355E-16
 2.1390002 6.9872897E-16
 2.1395001 7.121574E-16
 2.14 7.2899954E-16
 2.1405 7.143727E-16
 2.141 7.0937066E-16
 2.1415 7.100343E-16
 2.1420002 7.264893E-16
 2.1425002 7.1055085E-16
 2.1430001 7.061487E-16
 2.1435 7.0272834E-16
 2.144 7.5853023E-16
 2.1445 7.7285435E-16
 2.145 7.4259034E-16
 2.1455002 7.5948733E-16
 2.1460001 7.6225654E-16
 2.1465 7.602222E-16
 2.147 7.6082776E-16
 2.1475 7.523728E-16
 2.148 7.4098225E-16
 2.1485002 7.348117E-16
 2.1490002 7.292081E-16
 2.1495001 7.0606157E-16
 2.15 7.0645047E-16
 2.1505 6.979275E-16
 2.151 7.1693594E-16
 2.1515 7.4406693E-16
 2.1520002 7.4125627E-16
 2.1525002 7.2009627E-16
 2.153 7.2043477E-16
 2.1535 7.095667E-16
 2.154 7.4080755E-16
 2.1545 7.419793E-16
 2.1550002 7.44433E-16
 2.1555002 7.4986556E-16
 2.1560001 7.5241524E-16
 2.1565 7.40479E-16
 2.157 7.3067487E-16
 2.1575 7.4304E-16
 2.158 7.5528086E-16
 2.1585002 7.590545E-16
 2.1590002 7.65287E-16
 2.1595001 7.3304105E-16
 2.16 7.3457053E-16
 2.1605 7.316772E-16
 2.161 7.4391653E-16
 2.1615002 7.5531103E-16
 2.1620002 7.385377E-16
 2.1625001 7.4954697E-16
 2.163 7.397601E-16
 2.1635 7.4035767E-16
 2.164 7.383569E-16
 2.1645 7.4443026E-16
 2.1650002 7.5016933E-16
 2.1655002 7.3176394E-16
 2.1660001 7.3334726E-16
 2.1665 7.597928E-16
 2.167 7.596073E-16
 2.1675 7.4390076E-16
 2.168 7.526971E-16
 2.1685002 7.7018673E-16
 2.1690001 7.849754E-16
 2.1695 7.6724477E-16
 2.17 7.673072E-16
 2.1705 7.610747E-16
 2.171 7.2619216E-16
 2.1715002 7.306345E-16
 2.1720002 7.458416E-16
 2.1725001 7.5050407E-16
 2.173 7.3599963E-16
 2.1735 7.340062E-16
 2.174 7.451413E-16
 2.1745 7.48627E-16
 2.1750002 7.608102E-16
 2.1755002 7.5581385E-16
 2.176 7.4832253E-16
 2.1765 7.306417E-16
 2.177 7.2172914E-16
 2.1775 7.279221E-16
 2.1780002 7.441099E-16
 2.1785002 6.9420835E-16
 2.1790001 7.2847544E-16
 2.1795 7.457966E-16
 2.18 7.353121E-16
 2.1805 7.411799E-16
 2.181 7.514335E-16
 2.1815002 7.634082E-16
 2.1820002 7.6218306E-16
 2.1825001 7.214791E-16
 2.183 7.504594E-16
 2.1835 7.385666E-16
 2.184 7.327838E-16
 2.1845002 7.4034613E-16
 2.1850002 7.5027955E-16
 2.1855001 7.306806E-16
 2.186 7.3645444E-16
 2.1865 7.2280307E-16
 2.187 7.4414925E-16
 2.1875 7.4865325E-16
 2.1880002 7.4930303E-16
 2.1885002 7.174405E-16
 2.1890001 7.487726E-16
 2.1895 7.643446E-16
 2.19 7.435486E-16
 2.1905 7.4341504E-16
 2.191 7.5840053E-16
 2.1915002 7.668086E-16
 2.1920002 7.64494E-16
 2.1925 7.490899E-16
 2.193 7.287185E-16
 2.1935 7.0195574E-16
 2.194 7.2089577E-16
 2.1945002 7.3878367E-16
 2.1950002 7.392623E-16
 2.1955001 7.6380095E-16
 2.196 7.5971534E-16
 2.1965 7.648381E-16
 2.197 7.747056E-16
 2.1975 7.543278E-16
 2.1980002 7.464092E-16
 2.1985002 7.652454E-16
 2.1990001 7.564411E-16
 2.1995 7.639183E-16
 2.2 7.7961024E-16
 2.2005 7.560503E-16
 2.2010002 7.558971E-16
 2.2015002 7.645547E-16
 2.2020001 7.626532E-16
 2.2025 7.4628923E-16
 2.203 7.520494E-16
 2.2035 7.2712347E-16
 2.204 7.282139E-16
 2.2045002 7.340752E-16
 2.2050002 7.4357497E-16
 2.2055001 7.190033E-16
 2.206 7.243544E-16
 2.2065 7.0586067E-16
 2.207 6.966402E-16
 2.2075 7.548616E-16
 2.2080002 7.455917E-16
 2.2085001 7.3613717E-16
 2.209 6.859122E-16
 2.2095 7.3848213E-16
 2.21 7.4973597E-16
 2.2105 7.456881E-16
 2.2110002 7.3987544E-16
 2.2115002 7.321752E-16
 2.2120001 7.511647E-16
 2.2125 7.8721495E-16
 2.213 7.7254783E-16
 2.2135 7.654722E-16
 2.214 7.58457E-16
 2.2145002 7.766657E-16
 2.2150002 7.7332176E-16
 2.2155 7.7492143E-16
 2.216 7.6870945E-16
 2.2165 7.5053625E-16
 2.217 7.357278E-16
 2.2175002 7.4018514E-16
 2.2180002 7.537319E-16
 2.2185001 7.6872496E-16
 2.219 7.5957394E-16
 2.2195 7.3291527E-16
 2.22 7.2131584E-16
 2.2205 7.288244E-16
 2.2210002 7.389577E-16
 2.2215002 7.252356E-16
 2.2220001 7.3783547E-16
 2.2225 7.455736E-16
 2.223 7.651102E-16
 2.2235 7.615547E-16
 2.2240002 7.51234E-16
 2.2245002 7.77672E-16
 2.2250001 7.8369876E-16
 2.2255 7.752718E-16
 2.226 7.8350743E-16
 2.2265 7.5472033E-16
 2.227 7.5040555E-16
 2.2275002 7.520142E-16
 2.2280002 7.439779E-16
 2.2285001 7.4509444E-16
 2.229 7.3985385E-16
 2.2295 7.2138974E-16
 2.23 7.4953003E-16
 2.2305 7.4927476E-16
 2.2310002 7.6922307E-16
 2.2315001 7.8582275E-16
 2.232 7.636079E-16
 2.2325 7.730588E-16
 2.233 7.5033254E-16
 2.2335 7.4908725E-16
 2.2340002 7.4202E-16
 2.2345002 7.466376E-16
 2.2350001 7.467249E-16
 2.2355 7.2252106E-16
 2.236 7.3269843E-16
 2.2365 7.314259E-16
 2.237 7.416775E-16
 2.2375002 7.737481E-16
 2.2380002 7.705456E-16
 2.2385 7.477524E-16
 2.239 7.442471E-16
 2.2395 7.4781167E-16
 2.24 7.6914435E-16
 2.2405002 7.7648844E-16
 2.2410002 7.7557375E-16
 2.2415001 7.672236E-16
 2.242 7.583793E-16
 2.2425 7.602892E-16
 2.243 7.39185E-16
 2.2435 7.343274E-16
 2.2440002 7.4497427E-16
 2.2445002 7.4607535E-16
 2.2450001 7.266583E-16
 2.2455 7.69911E-16
 2.246 8.1297444E-16
 2.2465 7.676843E-16
 2.2470002 7.58848E-16
 2.2475002 7.487985E-16
 2.2480001 7.2506105E-16
 2.2485 7.598416E-16
 2.249 7.436802E-16
 2.2495 7.7521657E-16
 2.25 7.567711E-16
 2.2505002 7.3934165E-16
 2.2510002 7.433737E-16
 2.2515001 7.4864435E-16
 2.252 7.588963E-16
 2.2525 7.440762E-16
 2.253 7.5061196E-16
 2.2535 7.783009E-16
 2.2540002 7.738426E-16
 2.2545002 7.089539E-16
 2.255 7.2410676E-16
 2.2555 7.368452E-16
 2.256 7.500106E-16
 2.2565 7.5598246E-16
 2.2570002 7.605502E-16
 2.2575002 7.3979566E-16
 2.2580001 7.218491E-16
 2.2585 7.3362037E-16
 2.259 7.606417E-16
 2.2595 7.674989E-16
 2.26 7.5045457E-16
 2.2605002 7.4550657E-16
 2.2610002 7.5864755E-16
 2.2615001 7.3786337E-16
 2.262 7.2433287E-16
 2.2625 7.0473665E-16
 2.263 7.324228E-16
 2.2635002 7.362498E-16
 2.2640002 7.2280837E-16
 2.2645001 7.419242E-16
 2.265 7.240879E-16
 2.2655 7.187333E-16
 2.266 7.200487E-16
 2.2665 7.3571704E-16
 2.2670002 7.2537413E-16
 2.2675002 7.4934654E-16
 2.2680001 7.7838564E-16
 2.2685 8.120193E-16
 2.269 7.2587706E-16
 2.2695 7.256139E-16
 2.27 7.635793E-16
 2.2705002 7.445969E-16
 2.2710001 7.228624E-16
 2.2715 7.461958E-16
 2.272 7.384326E-16
 2.2725 7.29427E-16
 2.273 7.183513E-16
 2.2735002 7.426049E-16
 2.2740002 7.399803E-16
 2.2745001 7.1004077E-16
 2.275 7.3355314E-16
 2.2755 7.720035E-16
 2.276 7.466873E-16
 2.2765 7.191799E-16
 2.2770002 7.5032894E-16
 2.2775002 7.4324764E-16
 2.278 7.382723E-16
 2.2785 7.4031257E-16
 2.279 7.2064266E-16
 2.2795 7.2721304E-16
 2.2800002 7.4178503E-16
 2.2805002 7.241562E-16
 2.2810001 7.120857E-16
 2.2815 6.712452E-16
 2.282 7.4767127E-16
 2.2825 7.737213E-16
 2.283 7.6576903E-16
 2.2835002 6.996285E-16
 2.2840002 7.2345216E-16
 2.2845001 7.065576E-16
 2.285 7.169109E-16
 2.2855 7.304137E-16
 2.286 7.2901516E-16
 2.2865002 7.4399494E-16
 2.2870002 7.173331E-16
 2.2875001 7.27324E-16
 2.288 7.4642544E-16
 2.2885 7.5137794E-16
 2.289 7.265758E-16
 2.2895 7.489007E-16
 2.2900002 7.4420685E-16
 2.2905002 7.1533203E-16
 2.2910001 7.7149333E-16
 2.2915 7.562723E-16
 2.292 7.255864E-16
 2.2925 7.1711953E-16
 2.293 7.004944E-16
 2.2935002 6.7529373E-16
 2.2940001 5.729335E-16
 2.2945 5.77912E-16
 2.295 6.1587554E-16
 2.2955 6.1215103E-16
 2.296 6.2796323E-16
 2.2965002 6.216609E-16
 2.2970002 6.234589E-16
 2.2975001 6.425631E-16
 2.298 6.777539E-16
 2.2985 6.731877E-16
 2.299 6.484923E-16
 2.2995 6.6495877E-16
 2.3000002 6.885176E-16
 2.3005002 6.750088E-16
 2.301 6.542512E-16
 2.3015 6.433064E-16
 2.302 6.727481E-16
 2.3025 7.0406575E-16
 2.3030002 6.822296E-16
 2.3035002 6.812004E-16
 2.3040001 6.640634E-16
 2.3045 6.8787503E-16
 2.305 6.8091544E-16
 2.3055 6.7059683E-16
 2.306 6.6082043E-16
 2.3065002 6.6963153E-16
 2.3070002 6.681116E-16
 2.3075001 6.9814414E-16
 2.308 6.5732144E-16
 2.3085 7.067422E-16
 2.309 7.1284726E-16
 2.3095002 6.697323E-16
 2.3100002 6.4297546E-16
 2.3105001 6.467051E-16
 2.311 6.6793704E-16
 2.3115 6.370135E-16
 2.312 6.4653204E-16
 2.3125 6.5476774E-16
 2.3130002 6.530759E-16
 2.3135002 6.7831087E-16
 2.3140001 6.739025E-16
 2.3145 6.668389E-16
 2.315 6.2150714E-16
 2.3155 6.457093E-16
 2.316 6.915086E-16
 2.3165002 6.547008E-16
 2.3170002 6.687346E-16
 2.3175 6.463148E-16
 2.318 6.051075E-16
 2.3185 6.4285634E-16
 2.319 6.667811E-16
 2.3195002 6.649499E-16
 2.3200002 6.634344E-16
 2.3205001 6.579171E-16
 2.321 6.189287E-16
 2.3215 6.41994E-16
 2.322 6.758328E-16
 2.3225 6.168562E-16
 2.3230002 5.513905E-16
 2.3235002 5.284306E-16
 2.3240001 5.5669763E-16
 2.3245 5.944309E-16
 2.325 5.893256E-16
 2.3255 6.0815303E-16
 2.3260002 5.9492545E-16
 2.3265002 5.7587573E-16
 2.3270001 6.3592417E-16
 2.3275 6.2421775E-16
 2.328 6.2328575E-16
 2.3285 6.142474E-16
 2.329 5.9197904E-16
 2.3295002 6.1236496E-16
 2.3300002 6.4798026E-16
 2.3305001 5.8819847E-16
 2.331 5.7438125E-16
 2.3315 6.048315E-16
 2.332 6.092298E-16
 2.3325 6.084643E-16
 2.3330002 6.3054763E-16
 2.3335001 6.214017E-16
 2.334 6.2023506E-16
 2.3345 6.0646924E-16
 2.335 6.011435E-16
 2.3355 5.689891E-16
 2.3360002 6.020592E-16
 2.3365002 6.273441E-16
 2.3370001 6.0997214E-16
 2.3375 6.1374636E-16
 2.338 6.3810354E-16
 2.3385 6.075487E-16
 2.339 5.951916E-16
 2.3395002 6.0340954E-16
 2.3400002 6.3285855E-16
 2.3405 5.821742E-16
 2.341 6.142364E-16
 2.3415 5.9409493E-16
 2.342 5.8959984E-16
 2.3425002 6.1148886E-16
 2.3430002 6.2438727E-16
 2.3435001 6.268428E-16
 2.344 5.8992414E-16
 2.3445 6.119937E-16
 2.345 5.761032E-16
 2.3455 5.595553E-16
 2.3460002 6.047441E-16
 2.3465002 6.352026E-16
 2.3470001 6.376348E-16
 2.3475 6.306855E-16
 2.348 6.240933E-16
 2.3485 6.297617E-16
 2.3490002 6.132852E-16
 2.3495002 6.063421E-16
 2.3500001 5.934418E-16
 2.3505 6.228721E-16
 2.351 5.876342E-16
 2.3515 5.564757E-16
 2.352 6.00587E-16
 2.3525002 5.7090614E-16
 2.3530002 4.989997E-16
 2.3535001 5.212914E-16
 2.354 5.1480635E-16
 2.3545 5.2184006E-16
 2.355 5.6126653E-16
 2.3555 5.7705687E-16
 2.3560002 5.7990994E-16
 2.3565001 5.2709653E-16
 2.357 5.542214E-16
 2.3575 5.681216E-16
 2.358 5.6837234E-16
 2.3585 6.0187975E-16
 2.3590002 5.342182E-16
 2.3595002 5.260886E-16
 2.3600001 5.828717E-16
 2.3605 5.7825605E-16
 2.361 5.5384806E-16
 2.3615 5.7132695E-16
 2.362 5.5820795E-16
 2.3625002 5.4978405E-16
 2.3630002 5.601467E-16
 2.3635 5.64655E-16
 2.364 5.856927E-16
 2.3645 5.656887E-16
 2.365 5.5239614E-16
 2.3655002 5.77755E-16
 2.3660002 6.0505543E-16
 2.3665001 5.8863146E-16
 2.367 5.976258E-16
 2.3675 5.7085044E-16
 2.368 5.0425804E-16
 2.3685 5.545544E-16
 2.3690002 5.4749833E-16
 2.3695002 5.6817297E-16
 2.3700001 6.047277E-16
 2.3705 6.366523E-16
 2.371 5.7171135E-16
 2.3715 5.5110986E-16
 2.3720002 5.782412E-16
 2.3725002 5.850313E-16
 2.3730001 5.6327733E-16
 2.3735 5.5880595E-16
 2.374 5.561064E-16
 2.3745 5.500054E-16
 2.375 5.771732E-16
 2.3755002 5.481933E-16
 2.3760002 5.456428E-16
 2.3765001 5.796272E-16
 2.377 5.4762094E-16
 2.3775 5.6937147E-16
 2.378 6.1591916E-16
 2.3785 5.427703E-16
 2.3790002 5.0904933E-16
 2.3795002 5.4804387E-16
 2.38 5.5237877E-16
 2.3805 5.5879896E-16
 2.381 5.264118E-16
 2.3815 5.165944E-16
 2.3820002 5.4366444E-16
 2.3825002 5.5848366E-16
 2.3830001 5.444557E-16
 2.3835 5.138165E-16
 2.384 5.1095606E-16
 2.3845 4.7551434E-16
 2.385 5.215961E-16
 2.3855002 5.792192E-16
 2.3860002 5.655589E-16
 2.3865001 4.965347E-16
 2.387 4.7344647E-16
 2.3875 4.925784E-16
 2.388 5.31533E-16
 2.3885002 5.092491E-16
 2.3890002 5.113282E-16
 2.3895001 5.250492E-16
 2.39 5.51499E-16
 2.3905 5.5485433E-16
 2.391 5.7172077E-16
 2.3915 5.670237E-16
 2.3920002 5.0076286E-16
 2.3925002 4.8853933E-16
 2.3930001 5.057245E-16
 2.3935 5.217891E-16
 2.394 5.585454E-16
 2.3945 5.8514794E-16
 2.395 5.2948284E-16
 2.3955002 5.073575E-16
 2.3960001 5.2962006E-16
 2.3965 5.6401595E-16
 2.397 5.4128905E-16
 2.3975 4.962159E-16
 2.398 4.9916467E-16
 2.3985002 5.0232553E-16
 2.3990002 5.164101E-16
 2.3995001 5.1117867E-16
 2.4 5.2557494E-16
 2.4005 5.3637234E-16
 2.401 4.978313E-16
 2.4015 5.0945575E-16
 2.4020002 5.154077E-16
 2.4025002 5.0565564E-16
 2.403 4.874357E-16
 2.4035 5.2695333E-16
 2.404 5.6999166E-16
 2.4045 5.150518E-16
 2.4050002 4.8621136E-16
 2.4055002 5.036185E-16
 2.4060001 5.189905E-16
 2.4065 5.317602E-16
 2.407 5.3399323E-16
 2.4075 4.9913275E-16
 2.408 4.8605175E-16
 2.4085002 4.6264945E-16
 2.4090002 4.7451013E-16
 2.4095001 5.20808E-16
 2.41 5.0833115E-16
 2.4105 4.7134535E-16
 2.411 4.857134E-16
 2.4115002 5.0382907E-16
 2.4120002 4.904485E-16
 2.4125001 4.7871443E-16
 2.413 4.7396263E-16
 2.4135 4.8222554E-16
 2.414 4.850859E-16
 2.4145 4.8393083E-16
 2.4150002 4.528235E-16
 2.4155002 5.105722E-16
 2.4160001 5.840482E-16
 2.4165 4.671337E-16
 2.417 4.045923E-16
 2.4175 4.6721453E-16
 2.418 4.731075E-16
 2.4185002 5.1567874E-16
 2.4190001 5.5020973E-16
 2.4195 5.060794E-16
 2.42 4.090413E-16
 2.4205 4.5876935E-16
 2.421 4.9411635E-16
 2.4215002 4.715254E-16
 2.4220002 4.6717123E-16
 2.4225001 4.4231626E-16
 2.423 4.6427596E-16
 2.4235 4.7517754E-16
 2.424 4.8860455E-16
 2.4245 4.840156E-16
 2.4250002 4.7370863E-16
 2.4255002 4.5827526E-16
 2.426 4.583289E-16
 2.4265 4.7334356E-16
 2.427 4.5189896E-16
 2.4275 4.577673E-16
 2.4280002 4.655848E-16
 2.4285002 4.3819026E-16
 2.4290001 4.422074E-16
 2.4295 4.7157776E-16
 2.43 4.720948E-16
 2.4305 4.7634645E-16
 2.431 4.5800257E-16
 2.4315002 4.455148E-16
 2.4320002 4.6369665E-16
 2.4325001 4.8800803E-16
 2.433 5.210597E-16
 2.4335 5.0694493E-16
 2.434 4.2309915E-16
 2.4345002 4.361885E-16
 2.4350002 4.893157E-16
 2.4355001 4.983634E-16
 2.436 4.7544616E-16
 2.4365 4.1913117E-16
 2.437 3.513819E-16
 2.4375 3.7047741E-16
 2.4380002 4.1101998E-16
 2.4385002 4.478519E-16
 2.4390001 4.698634E-16
 2.4395 4.7099886E-16
 2.44 4.768756E-16
 2.4405 4.611489E-16
 2.441 4.5143426E-16
 2.4415002 4.523468E-16
 2.4420002 4.438874E-16
 2.4425 4.6435416E-16
 2.443 4.1838118E-16
 2.4435 4.378857E-16
 2.444 4.433268E-16
 2.4445002 4.055821E-16
 2.4450002 4.117203E-16
 2.4455001 4.7420303E-16
 2.446 5.032682E-16
 2.4465 4.60807E-16
 2.447 4.455205E-16
 2.4475 4.6422234E-16
 2.4480002 3.8341388E-16
 2.4485002 3.8925876E-16
 2.4490001 4.04746E-16
 2.4495 4.4206184E-16
 2.45 4.838278E-16
 2.4505 4.7368354E-16
 2.4510002 4.6828645E-16
 2.4515002 5.5536377E-16
 2.4520001 3.6202752E-16
 2.4525 4.0197725E-16
 2.453 4.0151037E-16
 2.4535 3.8980835E-16
 2.454 4.0016227E-16
 2.4545002 3.9904342E-16
 2.4550002 3.8760294E-16
 2.4555001 3.8902916E-16
 2.456 4.4751435E-16
 2.4565 4.3337358E-16
 2.457 4.052457E-16
 2.4575 3.9732404E-16
 2.4580002 4.1117716E-16
 2.4585001 0.
 2.459 0.
 2.4595 0.
 2.46 0.
 2.4605 0.
 2.4610002 0.
 2.4615002 0.
 2.4620001 0.
 2.4625 0.
 2.463 0.
 2.4635 0.
 2.464 0.
 2.4645002 0.
 2.4650002 0.
 2.4655 0.
 2.466 0.
 2.4665 0.
 2.467 0.
 2.4675002 0.
 2.4680002 0.
 2.4685001 0.
 2.469 0.
 2.4695 0.
 2.47 0.
 2.4705 0.
 2.4710002 0.
 2.4715002 0.
 2.4720001 0.
 2.4725 0.
 2.473 0.
 2.4735 0.
 2.4740002 0.
 2.4745002 0.
 2.4750001 0.
 2.4755 0.
 2.476 0.
 2.4765 0.
 2.477 0.
 2.4775002 0.
 2.4780002 0.
 2.4785001 0.
 2.479 0.
 2.4795 0.
 2.48 0.
 2.4805 0.
 2.4810002 0.
 2.4815001 0.
 2.482 0.
 2.4825 0.
 2.483 0.
 2.4835 0.
 2.4840002 0.
 2.4845002 0.
 2.4850001 0.
 2.4855 0.
 2.486 0.
 2.4865 0.
 2.487 0.
 2.4875002 0.
 2.4880002 0.
 2.4885 0.
 2.489 0.
 2.4895 0.
 2.49 0.
 2.4905002 0.
 2.4910002 0.
 2.4915001 0.
 2.492 0.
 2.4925 0.
 2.493 0.
