 1.088035 0.
 1.08818 0.
 1.088325 0.
 1.08847 0.
 1.088615 0.
 1.08876 0.
 1.088905 0.
 1.08905 0.
 1.089195 0.
 1.08934 0.
 1.089485 0.
 1.08963 0.
 1.089775 0.
 1.08992 0.
 1.090065 0.
 1.09021 0.
 1.090355 0.
 1.0905 0.
 1.090645 0.
 1.09079 0.
 1.090935 0.
 1.09108 0.
 1.091225 0.
 1.09137 0.
 1.091515 0.
 1.09166 0.
 1.091805 0.
 1.09195 0.
 1.092095 0.
 1.09224 0.
 1.092385 0.
 1.09253 0.
 1.092675 0.
 1.09282 0.
 1.092965 0.
 1.09311 0.
 1.093255 0.
 1.0934 0.
 1.093545 0.
 1.09369 0.
 1.093835 0.
 1.09398 0.
 1.094125 0.
 1.09427 0.
 1.094415 0.
 1.09456 0.
 1.094705 0.
 1.09485 0.
 1.094995 0.
 1.09514 0.
 1.095285 0.
 1.09543 0.
 1.095575 0.
 1.09572 0.
 1.095865 0.
 1.09601 0.
 1.096155 0.
 1.0963 0.
 1.096445 0.
 1.09659 0.
 1.096735 0.
 1.09688 0.
 1.097025 0.
 1.09717 0.
 1.097315 0.
 1.09746 0.
 1.097605 0.
 1.09775 0.
 1.097895 0.
 1.09804 0.
 1.098185 0.
 1.09833 0.
 1.098475 0.
 1.09862 0.
 1.098765 0.
 1.09891 0.
 1.099055 0.
 1.0992 0.
 1.099345 0.
 1.09949 0.
 1.099635 2.2380233E-15
 1.09978 1.7567978E-15
 1.099925 1.8646037E-15
 1.10007 1.9517824E-15
 1.100215 2.0485488E-15
 1.10036 2.3000362E-15
 1.100505 1.6957144E-15
 1.10065 1.818063E-15
 1.100795 1.5482227E-15
 1.10094 1.5190666E-15
 1.101085 1.8988418E-15
 1.10123 1.1531063E-15
 1.101375 1.9692457E-15
 1.10152 1.5548575E-15
 1.101665 1.575187E-15
 1.10181 1.5045276E-15
 1.101955 1.6075214E-15
 1.1021 1.7953829E-15
 1.102245 2.0075087E-15
 1.10239 1.2375342E-15
 1.102535 1.6893262E-15
 1.10268 2.6356754E-15
 1.102825 1.928903E-15
 1.10297 1.3750796E-15
 1.103115 1.6917656E-15
 1.10326 1.858918E-15
 1.103405 1.5004337E-15
 1.10355 1.3402213E-15
 1.103695 1.6499965E-15
 1.10384 1.0100624E-15
 1.103985 6.289621E-16
 1.10413 1.116187E-15
 1.104275 6.8519243E-16
 1.10442 2.3038576E-15
 1.104565 2.386092E-15
 1.10471 1.1777139E-15
 1.104855 1.6267595E-15
 1.105 1.7557193E-15
 1.105145 1.2435334E-15
 1.10529 2.0617775E-15
 1.105435 1.4205131E-15
 1.10558 1.5051954E-15
 1.105725 1.837967E-15
 1.10587 1.3021321E-15
 1.106015 1.4751948E-15
 1.10616 1.3587838E-15
 1.106305 1.8689443E-15
 1.10645 1.0688089E-15
 1.106595 1.2938051E-15
 1.10674 6.8029684E-16
 1.106885 1.3477619E-15
 1.10703 1.5118488E-15
 1.107175 1.0755755E-15
 1.10732 1.420505E-15
 1.107465 1.7568342E-15
 1.10761 1.7012171E-15
 1.107755 1.1223049E-15
 1.1079 8.309694E-16
 1.108045 1.4560756E-15
 1.10819 1.9043046E-15
 1.108335 1.6238057E-15
 1.10848 8.977392E-16
 1.108625 1.1691725E-15
 1.10877 1.283051E-15
 1.108915 1.9983955E-15
 1.10906 1.2857603E-15
 1.109205 1.206388E-15
 1.10935 1.5568571E-15
 1.109495 2.4511302E-15
 1.10964 1.9437162E-15
 1.109785 2.006785E-15
 1.10993 1.3002464E-15
 1.110075 1.0797373E-15
 1.11022 1.1061079E-15
 1.110365 1.5525343E-15
 1.11051 1.3465367E-15
 1.110655 2.5414406E-15
 1.1108 1.5622469E-15
 1.110945 1.6264241E-15
 1.11109 1.2528524E-15
 1.111235 1.4783126E-15
 1.11138 1.1701923E-15
 1.111525 1.2958301E-15
 1.11167 1.3911285E-15
 1.111815 1.0153409E-15
 1.11196 1.2691638E-15
 1.112105 1.2592788E-15
 1.11225 1.442223E-15
 1.112395 1.3383703E-15
 1.11254 1.8579822E-15
 1.112685 1.3102202E-15
 1.11283 1.7779611E-15
 1.112975 1.8923178E-15
 1.11312 2.1600003E-15
 1.113265 2.232353E-15
 1.11341 1.6273427E-15
 1.113555 1.1453252E-15
 1.1137 1.2381548E-15
 1.113845 1.94969E-15
 1.11399 2.2718906E-15
 1.114135 1.5024801E-15
 1.11428 1.6268391E-15
 1.114425 1.3041253E-15
 1.11457 1.3792286E-15
 1.114715 2.019259E-15
 1.11486 1.8337137E-15
 1.115005 2.1752888E-15
 1.11515 1.7305924E-15
 1.115295 7.239685E-16
 1.11544 1.3861843E-15
 1.115585 1.937835E-15
 1.11573 1.7163453E-15
 1.115875 1.5965243E-15
 1.11602 1.9894079E-15
 1.116165 1.268597E-15
 1.11631 1.0179442E-15
 1.116455 3.1132935E-15
 1.1166 4.435602E-15
 1.116745 3.0593735E-15
 1.11689 1.7984754E-15
 1.117035 1.6009417E-15
 1.11718 2.8224138E-16
 1.117325 1.9292533E-15
 1.11747 2.903551E-16
 1.117615 2.0437272E-15
 1.11776 1.1354715E-15
 1.117905 1.859936E-15
 1.11805 1.4216037E-15
 1.118195 1.1827509E-15
 1.11834 1.5011208E-15
 1.118485 1.7874733E-15
 1.11863 1.2526248E-15
 1.118775 1.145055E-15
 1.11892 3.106783E-15
 1.119065 2.1882012E-15
 1.11921 2.0146736E-15
 1.119355 2.7533685E-15
 1.1195 1.0923043E-15
 1.119645 1.3304394E-15
 1.11979 4.921397E-16
 1.119935 9.128874E-16
 1.12008 1.7491338E-15
 1.120225 1.8525671E-15
 1.12037 1.6206866E-16
 1.120515 1.146955E-15
 1.12066 1.1354371E-15
 1.120805 2.3461506E-15
 1.12095 2.2325497E-15
 1.121095 1.5008434E-15
 1.12124 1.7544602E-15
 1.121385 2.4715375E-15
 1.12153 1.7187828E-15
 1.121675 1.3944148E-15
 1.12182 8.927355E-16
 1.121965 1.2070103E-15
 1.12211 1.0248365E-15
 1.122255 1.7246236E-15
 1.1224 4.3781587E-15
 1.122545 1.0343439E-15
 1.12269 1.9704864E-15
 1.122835 3.252031E-15
 1.12298 -5.046728E-16
 1.123125 1.1779717E-15
 1.12327 2.0812862E-15
 1.123415 2.0957986E-15
 1.12356 1.888076E-15
 1.123705 1.6220904E-15
 1.12385 2.3394872E-15
 1.123995 1.1940256E-15
 1.12414 1.6199963E-15
 1.124285 1.8119026E-15
 1.12443 2.1333863E-15
 1.124575 1.5121728E-15
 1.12472 1.0130801E-15
 1.124865 1.0394937E-15
 1.12501 1.5788064E-15
 1.125155 2.0802301E-15
 1.1253 2.4478771E-15
 1.125445 1.6211593E-15
 1.12559 9.315811E-16
 1.125735 4.3977997E-15
 1.12588 2.6453879E-15
 1.126025 1.3901888E-15
 1.12617 2.4496733E-15
 1.126315 3.489685E-15
 1.12646 1.6736891E-15
 1.126605 8.4720945E-16
 1.12675 1.1626984E-15
 1.126895 1.8000037E-15
 1.12704 1.9651975E-15
 1.127185 2.0060582E-15
 1.12733 2.1700076E-15
 1.127475 3.0731154E-15
 1.12762 1.7404757E-15
 1.127765 2.5410768E-15
 1.12791 1.4260264E-15
 1.128055 1.5103386E-15
 1.1282 1.1571888E-15
 1.128345 1.3534648E-15
 1.12849 8.820766E-16
 1.128635 1.1119027E-15
 1.12878 1.7516376E-15
 1.128925 2.7969208E-15
 1.12907 2.0563512E-15
 1.129215 1.294803E-15
 1.12936 1.4703487E-15
 1.129505 1.6505324E-15
 1.12965 2.1741637E-15
 1.129795 1.3285902E-15
 1.12994 6.1824993E-16
 1.130085 1.0492764E-15
 1.13023 1.5232317E-15
 1.130375 1.955922E-15
 1.13052 2.0869213E-15
 1.130665 1.0199676E-15
 1.13081 1.313201E-15
 1.130955 1.4964895E-15
 1.1311 1.0715496E-15
 1.131245 1.7657373E-15
 1.13139 1.7359849E-15
 1.131535 1.8632031E-15
 1.13168 7.4576185E-16
 1.131825 1.2109309E-15
 1.13197 1.8630517E-15
 1.132115 1.4000528E-15
 1.13226 2.0151026E-15
 1.132405 1.7174E-15
 1.13255 1.6195413E-15
 1.132695 1.3861541E-15
 1.13284 1.9124795E-15
 1.132985 2.0893412E-15
 1.13313 1.6871015E-15
 1.133275 1.7628855E-15
 1.13342 3.1189447E-15
 1.133565 9.829133E-16
 1.13371 3.3448293E-15
 1.133855 7.6647445E-16
 1.134 1.94332E-15
 1.134145 2.9419072E-15
 1.13429 2.0708465E-15
 1.134435 2.736305E-15
 1.13458 2.3680542E-15
 1.134725 2.8082793E-15
 1.13487 3.2824293E-15
 1.135015 1.6939698E-14
 1.13516 1.3009712E-15
 1.135305 -4.589319E-15
 1.13545 2.045327E-15
 1.135595 5.617387E-16
 1.13574 -1.0450731E-16
 1.135885 1.6507532E-15
 1.13603 1.7669095E-15
 1.136175 1.3291861E-15
 1.13632 1.0867284E-15
 1.136465 1.0949493E-15
 1.13661 9.536947E-16
 1.136755 1.3683044E-15
 1.1369 1.3363797E-15
 1.137045 1.1598718E-15
 1.13719 1.4228689E-15
 1.137335 1.0647461E-15
 1.13748 1.8282122E-15
 1.137625 1.3494701E-15
 1.13777 1.9980237E-15
 1.137915 2.0074463E-15
 1.13806 2.4934693E-15
 1.138205 1.7131119E-15
 1.13835 1.6834227E-15
 1.138495 1.8016429E-15
 1.13864 1.5419122E-15
 1.138785 1.2187587E-15
 1.13893 1.3684797E-15
 1.139075 1.5634262E-15
 1.13922 1.7406926E-15
 1.139365 1.6639551E-15
 1.13951 1.5575172E-15
 1.139655 2.346329E-15
 1.1398 1.8988082E-15
 1.139945 2.7245918E-15
 1.14009 1.7185412E-15
 1.140235 8.2371736E-16
 1.14038 1.1477714E-15
 1.140525 1.5653812E-15
 1.14067 1.5811834E-15
 1.140815 5.9774427E-16
 1.14096 3.6534437E-16
 1.141105 4.8037547E-16
 1.14125 4.0928042E-16
 1.141395 1.8491396E-15
 1.14154 1.9201009E-15
 1.141685 1.2632303E-15
 1.14183 1.3068252E-15
 1.141975 1.3876497E-15
 1.14212 2.3480115E-15
 1.142265 1.7608004E-15
 1.14241 2.1212602E-15
 1.142555 1.2946346E-15
 1.1427 1.6398419E-15
 1.142845 2.2628816E-15
 1.14299 1.8941984E-15
 1.143135 1.790146E-15
 1.14328 1.7273262E-15
 1.143425 1.858446E-15
 1.14357 1.1540675E-15
 1.143715 1.6190015E-15
 1.14386 1.7420093E-15
 1.144005 1.3191753E-15
 1.14415 2.1835129E-15
 1.144295 2.3639178E-16
 1.14444 2.0928115E-15
 1.144585 1.777118E-15
 1.14473 1.4808151E-15
 1.144875 6.527161E-16
 1.14502 2.4207359E-15
 1.145165 1.5715217E-15
 1.14531 1.9405703E-15
 1.145455 1.8157875E-15
 1.1456 1.3991933E-15
 1.145745 1.4786531E-15
 1.14589 9.932161E-16
 1.146035 1.4485444E-15
 1.14618 1.3955384E-15
 1.146325 1.4571815E-15
 1.14647 2.2435262E-15
 1.146615 1.5308777E-15
 1.14676 9.443765E-16
 1.146905 2.7364814E-15
 1.14705 2.061032E-15
 1.147195 1.1152592E-15
 1.14734 2.4612395E-15
 1.147485 1.9897196E-15
 1.14763 1.9084677E-15
 1.147775 1.9326473E-15
 1.14792 1.5952879E-15
 1.148065 1.5175253E-15
 1.14821 1.2958104E-15
 1.148355 1.3645286E-15
 1.1485 1.1845622E-15
 1.148645 1.6661688E-15
 1.14879 1.573276E-15
 1.148935 1.7312701E-15
 1.14908 1.4407097E-15
 1.149225 1.2889966E-15
 1.14937 1.5010253E-15
 1.149515 2.3163778E-15
 1.14966 2.4523448E-15
 1.149805 2.292099E-15
 1.14995 1.2718081E-15
 1.150095 2.7925437E-15
 1.15024 1.9256394E-15
 1.150385 1.5147164E-15
 1.15053 1.4191408E-15
 1.150675 1.487348E-15
 1.15082 2.0002317E-15
 1.150965 1.3931924E-15
 1.15111 1.1866736E-15
 1.151255 2.3074495E-15
 1.1514 1.9905206E-15
 1.151545 1.9263564E-15
 1.15169 2.083976E-15
 1.151835 1.958198E-15
 1.15198 2.248863E-15
 1.152125 1.0873191E-15
 1.15227 1.0945415E-15
 1.152415 2.2489123E-15
 1.15256 1.4648672E-15
 1.152705 1.5176331E-15
 1.15285 1.0393565E-15
 1.152995 1.7083171E-15
 1.15314 1.3533255E-15
 1.153285 1.3288634E-15
 1.15343 1.5188015E-15
 1.153575 1.6924368E-15
 1.15372 2.2798214E-15
 1.153865 2.058363E-15
 1.15401 1.5642972E-15
 1.154155 7.5337773E-16
 1.1543 1.5643945E-15
 1.154445 1.5545284E-15
 1.15459 1.1948893E-15
 1.154735 1.7621649E-15
 1.15488 2.14674E-15
 1.155025 1.9047996E-15
 1.15517 1.7240512E-15
 1.155315 1.449196E-15
 1.15546 1.72428E-15
 1.155605 1.8666107E-15
 1.15575 1.9629794E-15
 1.155895 1.3213019E-15
 1.15604 1.3269011E-15
 1.156185 1.6400662E-15
 1.15633 1.174418E-15
 1.156475 1.3077565E-15
 1.15662 1.7044976E-15
 1.156765 1.6403873E-15
 1.15691 1.5950254E-15
 1.157055 1.461401E-15
 1.1572 1.6241736E-15
 1.157345 2.114318E-15
 1.15749 1.781498E-15
 1.157635 1.7534349E-15
 1.15778 1.2355096E-15
 1.157925 1.929908E-15
 1.15807 1.7572657E-15
 1.158215 1.4957197E-15
 1.15836 1.206462E-15
 1.158505 1.5918777E-15
 1.15865 1.5717748E-15
 1.158795 1.2550056E-15
 1.15894 1.5594777E-15
 1.159085 1.6694345E-15
 1.15923 1.6601174E-15
 1.159375 1.2388835E-15
 1.15952 1.3667718E-15
 1.159665 1.5848524E-15
 1.15981 1.4479573E-15
 1.159955 1.218659E-15
 1.1601 2.2079119E-15
 1.160245 1.1627879E-15
 1.16039 1.2043997E-15
 1.160535 1.5278971E-15
 1.16068 1.0673494E-15
 1.160825 1.0304448E-15
 1.16097 1.422929E-15
 1.161115 1.800141E-15
 1.16126 1.8746057E-15
 1.161405 1.7931203E-15
 1.16155 1.3554516E-15
 1.161695 1.4974441E-15
 1.16184 1.588711E-15
 1.161985 1.677335E-15
 1.16213 1.9682532E-15
 1.162275 1.5509459E-15
 1.16242 1.6312045E-15
 1.162565 1.417292E-15
 1.16271 1.842998E-15
 1.162855 1.6597209E-15
 1.163 1.2762796E-15
 1.163145 1.1917357E-15
 1.16329 1.4348163E-15
 1.163435 1.5263279E-15
 1.16358 1.5768645E-15
 1.163725 1.7318555E-15
 1.16387 1.7798026E-15
 1.164015 1.5090284E-15
 1.16416 1.3300224E-15
 1.164305 1.08681E-15
 1.16445 1.3197309E-15
 1.164595 1.556685E-15
 1.16474 2.087669E-15
 1.164885 1.9671696E-15
 1.16503 1.5719086E-15
 1.165175 1.6901045E-15
 1.16532 1.8374442E-15
 1.165465 1.9420795E-15
 1.16561 1.4072215E-15
 1.165755 1.6229056E-15
 1.1659 1.537061E-15
 1.166045 1.5162784E-15
 1.16619 1.432976E-15
 1.166335 1.529298E-15
 1.16648 1.5058034E-15
 1.166625 1.8011842E-15
 1.16677 1.5786281E-15
 1.166915 1.7204023E-15
 1.16706 1.4934026E-15
 1.167205 1.4566475E-15
 1.16735 1.3325012E-15
 1.167495 1.7273735E-15
 1.16764 1.6632858E-15
 1.167785 1.3148774E-15
 1.16793 1.4202309E-15
 1.168075 1.5982057E-15
 1.16822 1.5689225E-15
 1.168365 1.999865E-15
 1.16851 1.534353E-15
 1.168655 1.4640846E-15
 1.1688 1.0765679E-15
 1.168945 1.065283E-15
 1.16909 1.2881351E-15
 1.169235 1.3851677E-15
 1.16938 1.5754347E-15
 1.169525 1.0186233E-15
 1.16967 1.0847616E-15
 1.169815 1.1388568E-15
 1.16996 1.3098738E-15
 1.170105 1.5133945E-15
 1.17025 1.3257669E-15
 1.170395 1.5616918E-15
 1.17054 1.5055223E-15
 1.170685 1.6943777E-15
 1.17083 1.6883746E-15
 1.170975 1.6889757E-15
 1.17112 1.7887657E-15
 1.171265 1.4015445E-15
 1.17141 1.6345202E-15
 1.171555 1.3382163E-15
 1.1717 1.1821416E-15
 1.171845 1.5623362E-15
 1.17199 1.6816757E-15
 1.172135 1.479993E-15
 1.17228 1.6282533E-15
 1.172425 1.3621261E-15
 1.17257 1.4074092E-15
 1.172715 1.3264985E-15
 1.17286 1.6770256E-15
 1.173005 1.7828947E-15
 1.17315 1.697549E-15
 1.173295 1.5584668E-15
 1.17344 1.1285141E-15
 1.173585 1.5055873E-15
 1.17373 1.7533559E-15
 1.173875 1.2585464E-15
 1.17402 1.2266868E-15
 1.174165 1.3383093E-15
 1.17431 1.889803E-15
 1.174455 1.6858452E-15
 1.1746 1.6701758E-15
 1.174745 1.6435675E-15
 1.17489 1.4557214E-15
 1.175035 1.3947725E-15
 1.17518 1.2994094E-15
 1.175325 1.3608944E-15
 1.17547 1.5518123E-15
 1.175615 1.5800693E-15
 1.17576 1.5667506E-15
 1.175905 1.8896862E-15
 1.17605 1.6675292E-15
 1.176195 1.2020637E-15
 1.17634 1.2071598E-15
 1.176485 1.3932002E-15
 1.17663 1.585793E-15
 1.176775 1.4442148E-15
 1.17692 1.5368283E-15
 1.177065 1.5290839E-15
 1.17721 1.3226623E-15
 1.177355 1.2780648E-15
 1.1775 1.1263035E-15
 1.177645 1.4432055E-15
 1.17779 7.977373E-16
 1.177935 7.7916184E-16
 1.17808 8.34868E-16
 1.178225 1.1552857E-15
 1.17837 1.0954836E-15
 1.178515 1.14935E-15
 1.17866 1.2639199E-15
 1.178805 1.5724207E-15
 1.17895 1.2802306E-15
 1.179095 1.0530971E-15
 1.17924 1.4898124E-15
 1.179385 1.4514147E-15
 1.17953 1.4426349E-15
 1.179675 1.5180066E-15
 1.17982 1.2957465E-15
 1.179965 1.6116485E-15
 1.18011 1.4191186E-15
 1.180255 1.6557854E-15
 1.1804 1.5274821E-15
 1.180545 1.527902E-15
 1.18069 1.2890522E-15
 1.180835 1.4691009E-15
 1.18098 1.6434024E-15
 1.181125 1.445162E-15
 1.18127 1.3278914E-15
 1.181415 1.6316044E-15
 1.18156 1.4949002E-15
 1.181705 1.2385904E-15
 1.18185 1.6268407E-15
 1.181995 1.7754218E-15
 1.18214 2.1321628E-15
 1.182285 1.7395284E-15
 1.18243 1.1864971E-15
 1.182575 1.3319503E-15
 1.18272 1.4326765E-15
 1.182865 1.5826602E-15
 1.18301 1.6376296E-15
 1.183155 1.4154331E-15
 1.1833 1.7000378E-15
 1.183445 1.4995436E-15
 1.18359 1.5419824E-15
 1.183735 1.5532213E-15
 1.18388 1.34385E-15
 1.184025 1.4264968E-15
 1.18417 1.2492118E-15
 1.184315 1.3043896E-15
 1.18446 1.3922771E-15
 1.184605 1.5436979E-15
 1.18475 1.7752218E-15
 1.184895 1.529267E-15
 1.18504 1.4604048E-15
 1.185185 1.6529143E-15
 1.18533 1.355719E-15
 1.185475 1.0020686E-15
 1.18562 1.1025177E-15
 1.185765 1.4596453E-15
 1.18591 1.487725E-15
 1.186055 1.0034837E-15
 1.1862 1.2689564E-15
 1.186345 1.2227978E-15
 1.18649 1.3689461E-15
 1.186635 1.532597E-15
 1.18678 1.4302046E-15
 1.186925 1.4835647E-15
 1.18707 1.3998712E-15
 1.187215 1.5554332E-15
 1.18736 1.5859296E-15
 1.187505 1.7064982E-15
 1.18765 1.4491446E-15
 1.187795 1.2053116E-15
 1.18794 1.2797818E-15
 1.188085 1.2322645E-15
 1.18823 1.3415108E-15
 1.188375 1.2656381E-15
 1.18852 1.1376644E-15
 1.188665 1.1243894E-15
 1.18881 1.2220283E-15
 1.188955 1.3423637E-15
 1.1891 1.3673279E-15
 1.189245 1.2904246E-15
 1.18939 1.2857317E-15
 1.189535 1.5742966E-15
 1.18968 1.2836321E-15
 1.189825 1.4081188E-15
 1.18997 1.4713212E-15
 1.190115 1.4891535E-15
 1.19026 1.5595373E-15
 1.190405 1.3946043E-15
 1.19055 1.3702233E-15
 1.190695 1.207569E-15
 1.19084 1.2322271E-15
 1.190985 1.7096779E-15
 1.19113 1.1867876E-15
 1.191275 1.5251473E-15
 1.19142 1.6373607E-15
 1.191565 1.4829709E-15
 1.19171 1.7799745E-15
 1.191855 1.4798526E-15
 1.192 1.2132973E-15
 1.192145 1.5483543E-15
 1.19229 1.1106651E-15
 1.192435 1.1316603E-15
 1.19258 1.3405011E-15
 1.192725 1.4398643E-15
 1.19287 1.5386355E-15
 1.193015 1.5030632E-15
 1.19316 1.7236731E-15
 1.193305 1.5449719E-15
 1.19345 1.499464E-15
 1.193595 1.5636014E-15
 1.19374 1.4149563E-15
 1.193885 1.3211281E-15
 1.19403 1.6617422E-15
 1.194175 1.5184269E-15
 1.19432 1.2277505E-15
 1.194465 1.4838826E-15
 1.19461 1.4711736E-15
 1.194755 1.3660569E-15
 1.1949 1.3249515E-15
 1.195045 1.3439037E-15
 1.19519 1.240168E-15
 1.195335 1.4278739E-15
 1.19548 1.4870389E-15
 1.195625 1.3595873E-15
 1.19577 1.3741572E-15
 1.195915 1.2144655E-15
 1.19606 1.3357473E-15
 1.196205 1.4833986E-15
 1.19635 1.0661905E-15
 1.196495 1.3129357E-15
 1.19664 1.2425169E-15
 1.196785 1.2496484E-15
 1.19693 1.1053795E-15
 1.197075 1.1406767E-15
 1.19722 1.3202429E-15
 1.197365 1.4491624E-15
 1.19751 1.5314859E-15
 1.197655 1.1440852E-15
 1.1978 1.617795E-15
 1.197945 1.3588759E-15
 1.19809 1.1222502E-15
 1.198235 1.2382036E-15
 1.19838 1.256139E-15
 1.198525 1.5920014E-15
 1.19867 1.2689114E-15
 1.198815 1.3738385E-15
 1.19896 1.2143709E-15
 1.199105 1.1810753E-15
 1.19925 1.3259379E-15
 1.199395 1.002321E-15
 1.19954 1.1144993E-15
 1.199685 1.3732906E-15
 1.19983 1.3817835E-15
 1.199975 1.2710075E-15
 1.20012 1.2578249E-15
 1.200265 1.428816E-15
 1.20041 1.0338335E-15
 1.200555 1.2759066E-15
 1.2007 1.2766499E-15
 1.200845 1.1614796E-15
 1.20099 1.133342E-15
 1.201135 1.5125287E-15
 1.20128 1.3234282E-15
 1.201425 1.1601408E-15
 1.20157 1.2260743E-15
 1.201715 1.1713315E-15
 1.20186 1.0682505E-15
 1.202005 1.3067561E-15
 1.20215 1.3176863E-15
 1.202295 1.4616729E-15
 1.20244 1.0726101E-15
 1.202585 9.988075E-16
 1.20273 1.1711156E-15
 1.202875 1.1894623E-15
 1.20302 1.1421744E-15
 1.203165 1.3665598E-15
 1.20331 1.2326122E-15
 1.203455 1.3569607E-15
 1.2036 1.1446589E-15
 1.203745 1.5253653E-15
 1.20389 1.170009E-15
 1.204035 1.1510326E-15
 1.20418 1.0922167E-15
 1.204325 1.1706626E-15
 1.20447 1.4839799E-15
 1.204615 1.4028274E-15
 1.20476 1.3901004E-15
 1.204905 1.3215785E-15
 1.20505 1.3952196E-15
 1.205195 1.506652E-15
 1.20534 1.1550135E-15
 1.205485 1.3900388E-15
 1.20563 1.0471893E-15
 1.205775 1.2429219E-15
 1.20592 1.2983862E-15
 1.206065 1.5051178E-15
 1.20621 1.2397517E-15
 1.206355 1.3635274E-15
 1.2065 1.3943478E-15
 1.206645 1.3894787E-15
 1.20679 1.5128259E-15
 1.206935 1.5091447E-15
 1.20708 1.3046513E-15
 1.207225 1.3211848E-15
 1.20737 1.5743508E-15
 1.207515 1.258956E-15
 1.20766 1.2371061E-15
 1.207805 1.2911494E-15
 1.20795 1.3888567E-15
 1.208095 1.6907094E-15
 1.20824 1.0111768E-15
 1.208385 9.258306E-16
 1.20853 1.5687009E-15
 1.208675 1.3933046E-15
 1.20882 1.2108829E-15
 1.208965 1.4797282E-15
 1.20911 1.6402242E-15
 1.209255 1.6973578E-15
 1.2094 1.1927655E-15
 1.209545 1.323988E-15
 1.20969 1.1533531E-15
 1.209835 1.3872639E-15
 1.20998 1.5425913E-15
 1.210125 1.5987297E-15
 1.21027 1.626241E-15
 1.210415 1.7361937E-15
 1.21056 1.4644469E-15
 1.210705 1.35519E-15
 1.21085 1.2444653E-15
 1.210995 1.2791669E-15
 1.21114 1.191609E-15
 1.211285 1.1534784E-15
 1.21143 1.0492208E-15
 1.211575 9.747982E-16
 1.21172 1.1130986E-15
 1.211865 1.1008379E-15
 1.21201 1.3221843E-15
 1.212155 1.3600144E-15
 1.2123 1.5975268E-15
 1.212445 1.7343087E-15
 1.21259 1.230896E-15
 1.212735 1.5902743E-15
 1.21288 1.4689629E-15
 1.213025 1.2830833E-15
 1.21317 1.6471983E-15
 1.213315 1.4705747E-15
 1.21346 1.3706638E-15
 1.213605 1.1940977E-15
 1.21375 1.1772608E-15
 1.213895 1.1761219E-15
 1.21404 1.3224474E-15
 1.214185 1.6182429E-15
 1.21433 1.6112583E-15
 1.214475 1.4330094E-15
 1.21462 1.4932487E-15
 1.214765 1.3594201E-15
 1.21491 1.5250212E-15
 1.215055 1.6487032E-15
 1.2152 1.4399785E-15
 1.215345 1.4677089E-15
 1.21549 1.4143058E-15
 1.215635 1.4235514E-15
 1.21578 1.2972095E-15
 1.215925 1.311122E-15
 1.21607 1.377047E-15
 1.216215 1.3484443E-15
 1.21636 1.5391789E-15
 1.216505 1.3871471E-15
 1.21665 1.3035372E-15
 1.216795 1.2207466E-15
 1.21694 1.3616565E-15
 1.217085 1.2213179E-15
 1.21723 1.2531146E-15
 1.217375 1.3820829E-15
 1.21752 1.5552999E-15
 1.217665 1.155292E-15
 1.21781 1.3526412E-15
 1.217955 1.1173541E-15
 1.2181 1.3103897E-15
 1.218245 1.4916213E-15
 1.21839 1.34966E-15
 1.218535 1.4227792E-15
 1.21868 1.5487274E-15
 1.218825 1.5982666E-15
 1.21897 1.5533594E-15
 1.219115 1.5352342E-15
 1.21926 1.691911E-15
 1.219405 1.7655553E-15
 1.21955 1.4197198E-15
 1.219695 1.3927605E-15
 1.21984 1.5463167E-15
 1.219985 1.6551989E-15
 1.22013 1.7043693E-15
 1.220275 1.4713012E-15
 1.22042 1.4881381E-15
 1.220565 1.5570638E-15
 1.22071 1.5678485E-15
 1.220855 1.5823487E-15
 1.221 1.6046531E-15
 1.221145 1.4023885E-15
 1.22129 1.3499918E-15
 1.221435 1.5346071E-15
 1.22158 1.527012E-15
 1.221725 1.3797164E-15
 1.22187 1.279789E-15
 1.222015 1.4197594E-15
 1.22216 1.5930838E-15
 1.222305 1.6369743E-15
 1.22245 1.217067E-15
 1.222595 1.4729072E-15
 1.22274 1.5441581E-15
 1.222885 1.5080463E-15
 1.22303 1.4731985E-15
 1.223175 1.4866565E-15
 1.22332 1.32459E-15
 1.223465 1.3747282E-15
 1.22361 1.5158198E-15
 1.223755 1.5679522E-15
 1.2239 1.5500847E-15
 1.224045 1.3180929E-15
 1.22419 1.7778891E-15
 1.224335 1.6750395E-15
 1.22448 1.4315213E-15
 1.224625 1.3116669E-15
 1.22477 1.5889885E-15
 1.224915 1.6827452E-15
 1.22506 1.2583519E-15
 1.225205 1.3739788E-15
 1.22535 1.6539725E-15
 1.225495 1.5372238E-15
 1.22564 1.7053592E-15
 1.225785 1.5698991E-15
 1.22593 1.4912979E-15
 1.226075 1.3858634E-15
 1.22622 1.319379E-15
 1.226365 1.4836752E-15
 1.22651 1.5163692E-15
 1.226655 1.8224992E-15
 1.2268 1.5014886E-15
 1.226945 1.4326083E-15
 1.22709 1.662801E-15
 1.227235 1.5141033E-15
 1.22738 1.4850427E-15
 1.227525 1.5347143E-15
 1.22767 1.5095646E-15
 1.227815 1.5729201E-15
 1.22796 1.6670507E-15
 1.228105 1.4936586E-15
 1.22825 1.4724367E-15
 1.228395 1.4985024E-15
 1.22854 1.5802809E-15
 1.228685 1.5099653E-15
 1.22883 1.6894902E-15
 1.228975 1.6141379E-15
 1.22912 1.5877869E-15
 1.229265 1.798861E-15
 1.22941 1.6573036E-15
 1.229555 1.6955758E-15
 1.2297 1.4041936E-15
 1.229845 1.3063813E-15
 1.22999 1.4521645E-15
 1.230135 1.3004894E-15
 1.23028 1.4750971E-15
 1.230425 1.5800097E-15
 1.23057 1.5305966E-15
 1.230715 1.7053803E-15
 1.23086 1.8105185E-15
 1.231005 1.6554283E-15
 1.23115 1.4422052E-15
 1.231295 1.5459491E-15
 1.23144 1.3594767E-15
 1.231585 1.8291844E-15
 1.23173 1.5715947E-15
 1.231875 1.6321238E-15
 1.23202 1.7129811E-15
 1.232165 1.638713E-15
 1.23231 1.6886341E-15
 1.232455 1.5345098E-15
 1.2326 1.5100054E-15
 1.232745 1.4446163E-15
 1.23289 1.385217E-15
 1.233035 1.4790481E-15
 1.23318 1.4662214E-15
 1.233325 1.4124685E-15
 1.23347 1.4869389E-15
 1.233615 1.4538662E-15
 1.23376 1.3755786E-15
 1.233905 1.5845223E-15
 1.23405 1.5008929E-15
 1.234195 1.4567494E-15
 1.23434 1.4922796E-15
 1.234485 1.4771866E-15
 1.23463 1.3942282E-15
 1.234775 1.4713371E-15
 1.23492 1.5993048E-15
 1.235065 1.2725734E-15
 1.23521 1.2718614E-15
 1.235355 1.5156957E-15
 1.2355 1.8307366E-15
 1.235645 1.4088394E-15
 1.23579 1.5251058E-15
 1.235935 1.614151E-15
 1.23608 1.4693728E-15
 1.236225 1.6142462E-15
 1.23637 1.4311923E-15
 1.236515 1.6620768E-15
 1.23666 1.5438298E-15
 1.236805 1.5496969E-15
 1.23695 1.5052917E-15
 1.237095 1.5901021E-15
 1.23724 1.5715723E-15
 1.237385 1.6041313E-15
 1.23753 1.6655289E-15
 1.237675 1.4879667E-15
 1.23782 1.6907138E-15
 1.237965 1.693253E-15
 1.23811 1.5403838E-15
 1.238255 1.5974597E-15
 1.2384 1.4022587E-15
 1.238545 1.4273031E-15
 1.23869 1.4693946E-15
 1.238835 1.6523826E-15
 1.23898 1.7692008E-15
 1.239125 1.4880484E-15
 1.23927 1.2375789E-15
 1.239415 1.3541609E-15
 1.23956 1.3223553E-15
 1.239705 1.2963588E-15
 1.23985 1.4444252E-15
 1.239995 1.3961695E-15
 1.24014 1.4922391E-15
 1.240285 1.5609989E-15
 1.24043 1.5038625E-15
 1.240575 1.4711262E-15
 1.24072 1.3474025E-15
 1.240865 1.252133E-15
 1.24101 1.3266789E-15
 1.241155 1.4074491E-15
 1.2413 1.4620361E-15
 1.241445 1.5835053E-15
 1.24159 1.8066715E-15
 1.241735 1.6920144E-15
 1.24188 1.5276219E-15
 1.242025 1.6002783E-15
 1.24217 1.4949553E-15
 1.242315 1.3709788E-15
 1.24246 1.3620181E-15
 1.242605 1.2359586E-15
 1.24275 1.1207546E-15
 1.242895 1.3939241E-15
 1.24304 1.1898137E-15
 1.243185 1.2803141E-15
 1.24333 1.3385253E-15
 1.243475 1.2329063E-15
 1.24362 1.1001182E-15
 1.243765 9.206507E-16
 1.24391 9.283926E-16
 1.244055 1.1412625E-15
 1.2442 1.2067707E-15
 1.244345 1.303701E-15
 1.24449 1.4470967E-15
 1.244635 1.310547E-15
 1.24478 1.3389894E-15
 1.244925 1.3973364E-15
 1.24507 1.3868604E-15
 1.245215 1.3312246E-15
 1.24536 1.3393138E-15
 1.245505 1.4028026E-15
 1.24565 1.4781988E-15
 1.245795 1.5384234E-15
 1.24594 1.6487328E-15
 1.246085 1.4894909E-15
 1.24623 1.5161037E-15
 1.246375 1.4793027E-15
 1.24652 1.4264154E-15
 1.246665 1.4888041E-15
 1.24681 1.3548243E-15
 1.246955 1.3830192E-15
 1.2471 1.5476902E-15
 1.247245 1.6468144E-15
 1.24739 1.834304E-15
 1.247535 1.5444502E-15
 1.24768 1.3380738E-15
 1.247825 1.5001309E-15
 1.24797 1.3353377E-15
 1.248115 1.2626218E-15
 1.24826 1.4203843E-15
 1.248405 1.4429896E-15
 1.24855 1.4690764E-15
 1.248695 1.5460734E-15
 1.24884 1.459116E-15
 1.248985 1.4907031E-15
 1.24913 1.6173763E-15
 1.249275 1.3911419E-15
 1.24942 1.4868109E-15
 1.249565 1.6937803E-15
 1.24971 1.598915E-15
 1.249855 1.5579087E-15
 1.25 1.3756986E-15
 1.250145 1.468964E-15
 1.25029 1.6020629E-15
 1.250435 1.5272978E-15
 1.25058 1.4182598E-15
 1.250725 1.7968519E-15
 1.25087 1.6734825E-15
 1.251015 1.6924778E-15
 1.25116 1.404998E-15
 1.251305 1.5925016E-15
 1.25145 1.5675831E-15
 1.251595 1.444892E-15
 1.25174 1.1146926E-15
 1.251885 1.4294891E-15
 1.25203 1.2921922E-15
 1.252175 1.4343046E-15
 1.25232 1.4355244E-15
 1.252465 1.3627279E-15
 1.25261 1.2283423E-15
 1.252755 1.2074631E-15
 1.2529 9.723189E-16
 1.253045 9.844151E-16
 1.25319 1.2212629E-15
 1.253335 1.3923389E-15
 1.25348 1.3805368E-15
 1.253625 1.4118956E-15
 1.25377 1.670204E-15
 1.253915 1.581973E-15
 1.25406 1.6926004E-15
 1.254205 1.5741902E-15
 1.25435 1.6515662E-15
 1.254495 1.476728E-15
 1.25464 1.6561211E-15
 1.254785 1.789844E-15
 1.25493 1.3743574E-15
 1.255075 1.4199292E-15
 1.25522 1.6799797E-15
 1.255365 1.679392E-15
 1.25551 1.6023932E-15
 1.255655 1.504926E-15
 1.2558 1.7253943E-15
 1.255945 1.5096276E-15
 1.25609 1.6167915E-15
 1.256235 1.7370429E-15
 1.25638 1.7364148E-15
 1.256525 1.60938E-15
 1.25667 1.6217075E-15
 1.256815 1.7248717E-15
 1.25696 1.598129E-15
 1.257105 1.3866521E-15
 1.25725 1.414162E-15
 1.257395 1.4099016E-15
 1.25754 1.5104852E-15
 1.257685 1.3896185E-15
 1.25783 1.4544328E-15
 1.257975 1.5923559E-15
 1.25812 1.3799391E-15
 1.258265 1.2658257E-15
 1.25841 1.5794074E-15
 1.258555 1.7541991E-15
 1.2587 1.6210514E-15
 1.258845 1.7091862E-15
 1.25899 1.6460002E-15
 1.259135 1.7379934E-15
 1.25928 1.6152403E-15
 1.259425 1.6087022E-15
 1.25957 1.5231361E-15
 1.259715 1.4676285E-15
 1.25986 1.5216717E-15
 1.260005 1.3781545E-15
 1.26015 1.422406E-15
 1.260295 1.3915223E-15
 1.26044 1.434768E-15
 1.260585 1.5445811E-15
 1.26073 1.6148355E-15
 1.260875 1.6056011E-15
 1.26102 1.4711151E-15
 1.261165 1.6057387E-15
 1.26131 1.6690455E-15
 1.261455 1.5775273E-15
 1.2616 1.575865E-15
 1.261745 1.5680289E-15
 1.26189 1.7151898E-15
 1.262035 1.630148E-15
 1.26218 1.7006049E-15
 1.262325 1.6547513E-15
 1.26247 1.2705879E-15
 1.262615 1.6112708E-15
 1.26276 1.8674667E-15
 1.262905 1.8036425E-15
 1.26305 1.6987335E-15
 1.263195 1.8406045E-15
 1.26334 1.8939119E-15
 1.263485 1.5909961E-15
 1.26363 1.7587101E-15
 1.263775 1.6906967E-15
 1.26392 1.7083947E-15
 1.264065 1.7685167E-15
 1.26421 1.6426524E-15
 1.264355 1.5009876E-15
 1.2645 1.4923231E-15
 1.264645 1.6374669E-15
 1.26479 1.6507228E-15
 1.264935 1.6867654E-15
 1.26508 1.6108093E-15
 1.265225 1.2800054E-15
 1.26537 1.3188157E-15
 1.265515 1.1113885E-15
 1.26566 1.6632551E-15
 1.265805 1.6351302E-15
 1.26595 1.6867642E-15
 1.266095 1.4689491E-15
 1.26624 1.512463E-15
 1.266385 1.6480594E-15
 1.26653 1.6362122E-15
 1.266675 1.609574E-15
 1.26682 1.510865E-15
 1.266965 1.7133936E-15
 1.26711 1.683679E-15
 1.267255 1.6488767E-15
 1.2674 1.5192597E-15
 1.267545 1.6204513E-15
 1.26769 1.7724682E-15
 1.267835 1.786135E-15
 1.26798 1.6355708E-15
 1.268125 1.7065182E-15
 1.26827 1.6596662E-15
 1.268415 1.9731813E-15
 1.26856 1.9471773E-15
 1.268705 1.8466769E-15
 1.26885 1.6572023E-15
 1.268995 2.0208493E-15
 1.26914 1.6886374E-15
 1.269285 1.6850987E-15
 1.26943 1.7335042E-15
 1.269575 1.5674147E-15
 1.26972 1.892673E-15
 1.269865 1.6810251E-15
 1.27001 1.6820118E-15
 1.270155 1.458508E-15
 1.2703 1.6590149E-15
 1.270445 1.5588737E-15
 1.27059 1.8513506E-15
 1.270735 1.6367328E-15
 1.27088 1.6401369E-15
 1.271025 1.5756923E-15
 1.27117 1.543944E-15
 1.271315 1.4877764E-15
 1.27146 1.6387432E-15
 1.271605 1.6966248E-15
 1.27175 1.622031E-15
 1.271895 1.6124841E-15
 1.27204 1.777634E-15
 1.272185 1.7294721E-15
 1.27233 1.7650786E-15
 1.272475 1.8519285E-15
 1.27262 1.7796111E-15
 1.272765 1.5449245E-15
 1.27291 1.7496513E-15
 1.273055 1.7391796E-15
 1.2732 1.5505436E-15
 1.273345 1.6093186E-15
 1.27349 1.7232014E-15
 1.273635 1.6420694E-15
 1.27378 1.5174914E-15
 1.273925 1.3749456E-15
 1.27407 1.7002006E-15
 1.274215 1.7668737E-15
 1.27436 1.5846477E-15
 1.274505 1.4424045E-15
 1.27465 1.5606268E-15
 1.274795 1.6054164E-15
 1.27494 1.6984521E-15
 1.275085 1.732249E-15
 1.27523 1.6802399E-15
 1.275375 1.925937E-15
 1.27552 1.890684E-15
 1.275665 1.6932672E-15
 1.27581 1.5828008E-15
 1.275955 1.5551532E-15
 1.2761 1.8087861E-15
 1.276245 1.6793521E-15
 1.27639 1.7701237E-15
 1.276535 1.7394699E-15
 1.27668 1.7338411E-15
 1.276825 1.7398636E-15
 1.27697 1.7146677E-15
 1.277115 1.5172224E-15
 1.27726 1.7017423E-15
 1.277405 1.774021E-15
 1.27755 1.6590636E-15
 1.277695 1.7044398E-15
 1.27784 1.7766927E-15
 1.277985 1.7645838E-15
 1.27813 1.682085E-15
 1.278275 1.6108862E-15
 1.27842 1.7896343E-15
 1.278565 1.8292975E-15
 1.27871 1.7615607E-15
 1.278855 1.5994464E-15
 1.279 1.7555875E-15
 1.279145 1.7157368E-15
 1.27929 1.6360671E-15
 1.279435 1.8324105E-15
 1.27958 2.0978876E-15
 1.279725 1.8603397E-15
 1.27987 1.9365403E-15
 1.280015 1.873035E-15
 1.28016 1.7861274E-15
 1.280305 1.7036776E-15
 1.28045 1.7712343E-15
 1.280595 1.7637582E-15
 1.28074 1.9319625E-15
 1.280885 1.648137E-15
 1.28103 1.7631855E-15
 1.281175 1.745977E-15
 1.28132 1.7695462E-15
 1.281465 1.6481798E-15
 1.28161 1.6097837E-15
 1.281755 1.6398151E-15
 1.2819 1.7181124E-15
 1.282045 1.7096736E-15
 1.28219 1.8009138E-15
 1.282335 1.7412041E-15
 1.28248 1.8268493E-15
 1.282625 1.7729409E-15
 1.28277 1.8059503E-15
 1.282915 1.9133481E-15
 1.28306 1.7485387E-15
 1.283205 1.6174293E-15
 1.28335 1.7977643E-15
 1.283495 1.7702328E-15
 1.28364 1.8334841E-15
 1.283785 1.8149506E-15
 1.28393 1.6455385E-15
 1.284075 1.7486691E-15
 1.28422 1.7014187E-15
 1.284365 1.8307846E-15
 1.28451 1.766776E-15
 1.284655 1.8059225E-15
 1.2848 1.7931334E-15
 1.284945 1.6874239E-15
 1.28509 1.7153564E-15
 1.285235 1.7095706E-15
 1.28538 1.7524625E-15
 1.285525 1.8254064E-15
 1.28567 1.8524837E-15
 1.285815 1.7717507E-15
 1.28596 1.7655799E-15
 1.286105 1.6653915E-15
 1.28625 1.6308193E-15
 1.286395 1.6673887E-15
 1.28654 1.6711895E-15
 1.286685 1.6539975E-15
 1.28683 1.5649249E-15
 1.286975 1.641053E-15
 1.28712 1.7576968E-15
 1.287265 1.7062662E-15
 1.28741 1.6050328E-15
 1.287555 1.7879493E-15
 1.2877 1.7418425E-15
 1.287845 1.851641E-15
 1.28799 1.56697E-15
 1.288135 1.5596337E-15
 1.28828 1.6067869E-15
 1.288425 1.2960023E-15
 1.28857 1.5264691E-15
 1.288715 1.4968863E-15
 1.28886 1.5240896E-15
 1.289005 1.66705E-15
 1.28915 1.6270239E-15
 1.289295 1.5958495E-15
 1.28944 1.846098E-15
 1.289585 1.7441402E-15
 1.28973 1.5867478E-15
 1.289875 1.6478481E-15
 1.29002 1.7553163E-15
 1.290165 1.836334E-15
 1.29031 1.7612134E-15
 1.290455 1.8496995E-15
 1.2906 1.9011282E-15
 1.290745 1.8080702E-15
 1.29089 1.6070103E-15
 1.291035 1.5615071E-15
 1.29118 1.5559515E-15
 1.291325 1.6657277E-15
 1.29147 1.7224458E-15
 1.291615 1.6959081E-15
 1.29176 1.6743404E-15
 1.291905 1.693418E-15
 1.29205 1.5797243E-15
 1.292195 1.5786833E-15
 1.29234 1.6028694E-15
 1.292485 1.4783265E-15
 1.29263 1.6588101E-15
 1.292775 1.8635697E-15
 1.29292 1.734721E-15
 1.293065 1.7888078E-15
 1.29321 1.5988344E-15
 1.293355 1.5030546E-15
 1.2935 1.451164E-15
 1.293645 1.4917216E-15
 1.29379 1.7133072E-15
 1.293935 1.4830561E-15
 1.29408 1.5756222E-15
 1.294225 1.839764E-15
 1.29437 1.683326E-15
 1.294515 1.6418741E-15
 1.29466 1.5092952E-15
 1.294805 1.6029006E-15
 1.29495 1.8143158E-15
 1.295095 1.7668681E-15
 1.29524 1.8253179E-15
 1.295385 1.5471555E-15
 1.29553 1.764196E-15
 1.295675 1.8090277E-15
 1.29582 1.716195E-15
 1.295965 1.74868E-15
 1.29611 1.7178001E-15
 1.296255 1.6229563E-15
 1.2964 1.5902075E-15
 1.296545 1.5791506E-15
 1.29669 1.6806716E-15
 1.296835 1.7224867E-15
 1.29698 1.7770285E-15
 1.297125 1.680232E-15
 1.29727 1.7081302E-15
 1.297415 1.6141424E-15
 1.29756 1.6270148E-15
 1.297705 1.7482019E-15
 1.29785 1.7486175E-15
 1.297995 1.7777684E-15
 1.29814 1.6559875E-15
 1.298285 1.6614452E-15
 1.29843 1.6933957E-15
 1.298575 1.8664363E-15
 1.29872 1.6071182E-15
 1.298865 1.8333293E-15
 1.29901 1.82066E-15
 1.299155 1.8261613E-15
 1.2993 1.6852399E-15
 1.299445 1.7171818E-15
 1.29959 1.582703E-15
 1.299735 1.5728206E-15
 1.29988 1.6414105E-15
 1.300025 1.8549744E-15
 1.30017 1.6679002E-15
 1.300315 1.6467427E-15
 1.30046 1.736622E-15
 1.300605 1.7383766E-15
 1.30075 1.65755E-15
 1.300895 1.6293073E-15
 1.30104 1.8218245E-15
 1.301185 1.7891223E-15
 1.30133 1.6704546E-15
 1.301475 1.6046903E-15
 1.30162 1.6977455E-15
 1.301765 1.6649013E-15
 1.30191 1.6530711E-15
 1.302055 1.7411027E-15
 1.3022 1.7500497E-15
 1.302345 1.7076276E-15
 1.30249 1.7851622E-15
 1.302635 1.5522311E-15
 1.30278 1.5849354E-15
 1.302925 1.5575343E-15
 1.30307 1.5514639E-15
 1.303215 1.5509632E-15
 1.30336 1.594937E-15
 1.303505 1.6947011E-15
 1.30365 1.6870298E-15
 1.303795 1.6510823E-15
 1.30394 1.7222945E-15
 1.304085 1.6993234E-15
 1.30423 1.6063234E-15
 1.304375 1.5377038E-15
 1.30452 1.4762467E-15
 1.304665 1.5415632E-15
 1.30481 1.3237786E-15
 1.304955 1.4965314E-15
 1.3051 1.7386517E-15
 1.305245 1.7025329E-15
 1.30539 1.6459631E-15
 1.305535 1.6866944E-15
 1.30568 1.7867283E-15
 1.305825 1.7142067E-15
 1.30597 1.73301E-15
 1.306115 1.7460078E-15
 1.30626 1.7077145E-15
 1.306405 1.7327553E-15
 1.30655 1.5080165E-15
 1.306695 1.6590479E-15
 1.30684 1.5932912E-15
 1.306985 1.6261004E-15
 1.30713 1.5972661E-15
 1.307275 1.7233335E-15
 1.30742 1.6086822E-15
 1.307565 1.5791102E-15
 1.30771 1.6404547E-15
 1.307855 1.7275664E-15
 1.308 1.7449856E-15
 1.308145 1.6695487E-15
 1.30829 1.6071053E-15
 1.308435 1.5738812E-15
 1.30858 1.6214433E-15
 1.308725 1.708472E-15
 1.30887 1.537595E-15
 1.309015 1.6439574E-15
 1.30916 1.6723438E-15
 1.309305 1.640925E-15
 1.30945 1.6270694E-15
 1.309595 1.508447E-15
 1.30974 1.506199E-15
 1.309885 1.703431E-15
 1.31003 1.5317659E-15
 1.310175 1.3582229E-15
 1.31032 1.6252673E-15
 1.310465 1.6522667E-15
 1.31061 1.6667626E-15
 1.310755 1.3774122E-15
 1.3109 1.371228E-15
 1.311045 1.4363151E-15
 1.31119 1.5069651E-15
 1.311335 1.713526E-15
 1.31148 1.4214679E-15
 1.311625 1.6017642E-15
 1.31177 1.6663754E-15
 1.311915 1.6004901E-15
 1.31206 1.6474729E-15
 1.312205 1.5716354E-15
 1.31235 1.5162902E-15
 1.312495 1.4466332E-15
 1.31264 1.4184463E-15
 1.312785 1.6135875E-15
 1.31293 1.5232724E-15
 1.313075 1.5561388E-15
 1.31322 1.6311473E-15
 1.313365 1.6135996E-15
 1.31351 1.6714264E-15
 1.313655 1.7194199E-15
 1.3138 1.7953187E-15
 1.313945 1.726911E-15
 1.31409 1.6843693E-15
 1.314235 1.6593261E-15
 1.31438 1.5831088E-15
 1.314525 1.4132132E-15
 1.31467 1.4810221E-15
 1.314815 1.4849716E-15
 1.31496 1.5038599E-15
 1.315105 1.4712968E-15
 1.31525 1.6721562E-15
 1.315395 1.5177174E-15
 1.31554 1.6934068E-15
 1.315685 1.5003355E-15
 1.31583 1.5701281E-15
 1.315975 1.565944E-15
 1.31612 1.4162187E-15
 1.316265 1.4770068E-15
 1.31641 1.7953143E-15
 1.316555 1.6612848E-15
 1.3167 1.6284455E-15
 1.316845 1.5595758E-15
 1.31699 1.6674825E-15
 1.317135 1.4143617E-15
 1.31728 1.4914181E-15
 1.317425 1.2902013E-15
 1.31757 1.4194684E-15
 1.317715 1.6339834E-15
 1.31786 1.5910559E-15
 1.318005 1.6703498E-15
 1.31815 1.5476813E-15
 1.318295 1.4567362E-15
 1.31844 1.4682806E-15
 1.318585 1.5858386E-15
 1.31873 1.6518085E-15
 1.318875 1.6799383E-15
 1.31902 1.6876904E-15
 1.319165 1.6787396E-15
 1.31931 1.7292191E-15
 1.319455 1.6797555E-15
 1.3196 1.5239626E-15
 1.319745 1.5175552E-15
 1.31989 1.5925525E-15
 1.320035 1.6331783E-15
 1.32018 1.4791463E-15
 1.320325 1.703366E-15
 1.32047 1.647474E-15
 1.320615 1.3714114E-15
 1.32076 1.2842585E-15
 1.320905 1.404489E-15
 1.32105 1.6301233E-15
 1.321195 1.5477765E-15
 1.32134 1.3498354E-15
 1.321485 1.4713778E-15
 1.32163 1.6228851E-15
 1.321775 1.5104367E-15
 1.32192 1.4876538E-15
 1.322065 1.5407967E-15
 1.32221 1.54859E-15
 1.322355 1.5612337E-15
 1.3225 1.7024375E-15
 1.322645 1.5327621E-15
 1.32279 1.5053803E-15
 1.322935 1.5466578E-15
 1.32308 1.7631388E-15
 1.323225 1.8735518E-15
 1.32337 1.6865954E-15
 1.323515 1.6284049E-15
 1.32366 1.6013867E-15
 1.323805 1.4636853E-15
 1.32395 1.6447896E-15
 1.324095 1.682168E-15
 1.32424 1.5377284E-15
 1.324385 1.4828297E-15
 1.32453 1.5176191E-15
 1.324675 1.7183967E-15
 1.32482 1.5443151E-15
 1.324965 1.6135331E-15
 1.32511 1.591929E-15
 1.325255 1.5895575E-15
 1.3254 1.5359783E-15
 1.325545 1.2725006E-15
 1.32569 1.3096992E-15
 1.325835 1.2868658E-15
 1.32598 1.2787426E-15
 1.326125 1.4757759E-15
 1.32627 1.5170311E-15
 1.326415 1.5597731E-15
 1.32656 1.5259904E-15
 1.326705 1.50679E-15
 1.32685 1.4281775E-15
 1.326995 1.5493196E-15
 1.32714 1.6683023E-15
 1.327285 1.4351852E-15
 1.32743 1.3876329E-15
 1.327575 1.4267333E-15
 1.32772 1.6132818E-15
 1.327865 1.6754971E-15
 1.32801 1.5028622E-15
 1.328155 1.375582E-15
 1.3283 1.4715024E-15
 1.328445 1.4120724E-15
 1.32859 1.4732877E-15
 1.328735 1.6072839E-15
 1.32888 1.5505668E-15
 1.329025 1.464328E-15
 1.32917 1.5100263E-15
 1.329315 1.4224878E-15
 1.32946 1.2455592E-15
 1.329605 1.287701E-15
 1.32975 1.4683199E-15
 1.329895 1.2330492E-15
 1.33004 1.2530939E-15
 1.330185 1.155333E-15
 1.33033 1.3473366E-15
 1.330475 1.3362811E-15
 1.33062 1.325773E-15
 1.330765 1.4089691E-15
 1.33091 1.2610965E-15
 1.331055 1.2479859E-15
 1.3312 1.4043353E-15
 1.331345 1.5568826E-15
 1.33149 1.4448232E-15
 1.331635 1.3836418E-15
 1.33178 1.0452942E-15
 1.331925 1.2946453E-15
 1.33207 1.1665589E-15
 1.332215 1.1872283E-15
 1.33236 1.1790775E-15
 1.332505 1.1939388E-15
 1.33265 1.0632743E-15
 1.332795 1.1504317E-15
 1.33294 1.1456951E-15
 1.333085 1.0813157E-15
 1.33323 1.2792605E-15
 1.333375 1.2072576E-15
 1.33352 1.3150738E-15
 1.333665 1.3472432E-15
 1.33381 1.4213858E-15
 1.333955 1.3239188E-15
 1.3341 1.1154221E-15
 1.334245 9.928708E-16
 1.33439 9.382721E-16
 1.334535 1.1691173E-15
 1.33468 1.1278363E-15
 1.334825 1.1169167E-15
 1.33497 9.382411E-16
 1.335115 9.58742E-16
 1.33526 7.593004E-16
 1.335405 8.2315186E-16
 1.33555 8.637674E-16
 1.335695 8.6437817E-16
 1.33584 1.0005978E-15
 1.335985 8.5761885E-16
 1.33613 1.0695789E-15
 1.336275 1.1573434E-15
 1.33642 1.0011365E-15
 1.336565 1.0212125E-15
 1.33671 1.1255519E-15
 1.336855 1.0389121E-15
 1.337 1.0665622E-15
 1.337145 1.0280626E-15
 1.33729 1.1052532E-15
 1.337435 1.0103116E-15
 1.33758 8.7401656E-16
 1.337725 8.913103E-16
 1.33787 1.0512605E-15
 1.338015 9.314191E-16
 1.33816 8.5710565E-16
 1.338305 9.446564E-16
 1.33845 1.1004334E-15
 1.338595 1.1312599E-15
 1.33874 1.0367623E-15
 1.338885 1.0251802E-15
 1.33903 9.702319E-16
 1.339175 1.1401292E-15
 1.33932 9.864086E-16
 1.339465 1.0245491E-15
 1.33961 8.907728E-16
 1.339755 8.890693E-16
 1.3399 1.0958019E-15
 1.340045 1.1911151E-15
 1.34019 1.3214813E-15
 1.340335 1.405043E-15
 1.34048 1.1214599E-15
 1.340625 1.458699E-15
 1.34077 1.1080199E-15
 1.340915 9.247724E-16
 1.34106 9.364402E-16
 1.341205 1.1904577E-15
 1.34135 1.0326833E-15
 1.341495 9.742175E-16
 1.34164 1.0778989E-15
 1.341785 8.978793E-16
 1.34193 8.453439E-16
 1.342075 8.8524954E-16
 1.34222 7.442859E-16
 1.342365 9.199855E-16
 1.34251 7.297033E-16
 1.342655 1.0171924E-15
 1.3428 9.568025E-16
 1.342945 1.0344783E-15
 1.34309 1.1561389E-15
 1.343235 9.370853E-16
 1.34338 9.25997E-16
 1.343525 6.9405684E-16
 1.34367 7.2550643E-16
 1.343815 9.234614E-16
 1.34396 1.1009475E-15
 1.344105 1.1182871E-15
 1.34425 9.031437E-16
 1.344395 9.35155E-16
 1.34454 7.0807275E-16
 1.344685 4.0680854E-16
 1.34483 1.6247814E-16
 1.344975 8.603743E-16
 1.34512 6.122045E-16
 1.345265 1.0159654E-15
 1.34541 9.696756E-16
 1.345555 8.496958E-16
 1.3457 1.1519588E-15
 1.345845 7.3425644E-16
 1.34599 6.835805E-16
 1.346135 6.8459606E-16
 1.34628 1.0496815E-15
 1.346425 9.323195E-16
 1.34657 1.1883891E-15
 1.346715 1.0187501E-15
 1.34686 5.3504636E-16
 1.347005 5.137502E-16
 1.34715 9.252852E-16
 1.347295 1.0375507E-15
 1.34744 7.992781E-16
 1.347585 9.979593E-16
 1.34773 1.0298829E-15
 1.347875 3.0859832E-16
 1.34802 1.5053568E-15
 1.348165 3.2030585E-15
 1.34831 4.679552E-16
 1.348455 2.5691365E-15
 1.3486 1.8743234E-15
 1.348745 1.4629862E-15
 1.34889 1.96701E-15
 1.349035 1.6226696E-15
 1.34918 1.1237616E-15
 1.349325 7.191871E-16
 1.34947 6.3007875E-16
 1.349615 1.0409094E-15
 1.34976 1.1860027E-15
 1.349905 1.1295945E-15
 1.35005 5.2405526E-16
 1.350195 0.
 1.35034 0.
 1.350485 0.
 1.35063 0.
 1.350775 0.
 1.35092 0.
 1.351065 0.
 1.35121 0.
 1.351355 0.
 1.3515 0.
 1.351645 0.
 1.35179 0.
 1.351935 0.
 1.35208 0.
 1.352225 0.
 1.35237 0.
 1.352515 0.
 1.35266 0.
 1.352805 0.
 1.35295 0.
 1.353095 0.
 1.35324 0.
 1.353385 0.
 1.35353 0.
 1.353675 0.
 1.35382 0.
 1.353965 0.
 1.35411 0.
 1.354255 0.
 1.3544 0.
 1.354545 0.
 1.35469 0.
 1.354835 0.
 1.35498 0.
 1.355125 0.
 1.35527 0.
 1.355415 0.
 1.35556 0.
 1.355705 0.
 1.35585 0.
 1.355995 0.
 1.35614 0.
 1.356285 0.
 1.35643 0.
 1.356575 0.
 1.35672 0.
 1.356865 0.
 1.35701 0.
 1.357155 0.
 1.3573 0.
 1.357445 0.
 1.35759 0.
 1.357735 0.
 1.35788 0.
 1.358025 0.
 1.35817 0.
 1.358315 0.
 1.35846 0.
 1.358605 0.
 1.35875 0.
 1.358895 0.
 1.35904 0.
 1.359185 0.
 1.35933 0.
 1.359475 0.
 1.35962 0.
 1.359765 0.
 1.35991 0.
 1.360055 0.
 1.3602 0.
 1.360345 0.
 1.36049 0.
 1.360635 0.
 1.36078 0.
 1.360925 0.
 1.36107 0.
 1.361215 0.
 1.36136 0.
 1.361505 0.
 1.36165 0.
 1.361795 0.
 1.36194 0.
 1.362085 0.
 1.36223 0.
 1.362375 0.
 1.36252 0.
 1.362665 0.
 1.36281 0.
 1.362955 0.
 1.3631 0.
 1.363245 0.
 1.36339 0.
 1.363535 0.
 1.36368 0.
 1.363825 0.
 1.36397 0.
 1.364115 0.
 1.36426 0.
 1.364405 0.
 1.36455 0.
 1.364695 0.
 1.36484 0.
 1.364985 0.
 1.36513 0.
 1.365275 0.
 1.36542 0.
 1.365565 0.
 1.36571 0.
 1.365855 0.
 1.366 0.
 1.366145 0.
 1.36629 0.
 1.366435 0.
 1.36658 0.
 1.366725 0.
 1.36687 0.
 1.367015 0.
 1.36716 0.
 1.367305 0.
 1.36745 0.
 1.367595 0.
 1.36774 0.
 1.367885 0.
 1.36803 0.
 1.368175 0.
 1.36832 0.
 1.368465 0.
 1.36861 0.
 1.368755 0.
 1.3689 0.
 1.369045 0.
 1.36919 0.
 1.369335 0.
 1.36948 0.
 1.369625 0.
 1.36977 0.
 1.369915 0.
 1.37006 0.
 1.370205 0.
 1.37035 0.
 1.370495 0.
 1.37064 0.
 1.370785 0.
 1.37093 0.
 1.371075 0.
 1.37122 0.
 1.371365 0.
 1.37151 0.
 1.371655 0.
 1.3718 0.
 1.371945 0.
 1.37209 0.
 1.372235 0.
 1.37238 0.
 1.372525 0.
 1.37267 0.
 1.372815 0.
 1.37296 0.
 1.373105 0.
 1.37325 0.
 1.373395 0.
 1.37354 0.
 1.373685 0.
 1.37383 0.
 1.373975 0.
 1.37412 0.
 1.374265 0.
 1.37441 0.
 1.374555 0.
 1.3747 0.
 1.374845 0.
 1.37499 0.
 1.375135 0.
 1.37528 0.
 1.375425 0.
 1.37557 0.
 1.375715 0.
 1.37586 0.
 1.376005 0.
 1.37615 0.
 1.376295 0.
 1.37644 0.
 1.376585 0.
 1.37673 0.
 1.376875 0.
 1.37702 0.
 1.377165 0.
 1.37731 0.
 1.377455 0.
 1.3776 0.
 1.377745 0.
 1.37789 0.
 1.378035 0.
 1.37818 0.
 1.378325 0.
 1.37847 0.
 1.378615 0.
 1.37876 0.
 1.378905 0.
 1.37905 0.
 1.379195 0.
 1.37934 0.
 1.379485 0.
 1.37963 0.
 1.379775 0.
 1.37992 0.
 1.380065 0.
 1.38021 0.
 1.380355 0.
 1.3805 0.
 1.380645 0.
 1.38079 0.
 1.380935 0.
 1.38108 0.
 1.381225 0.
 1.38137 0.
 1.381515 0.
 1.38166 0.
 1.381805 0.
 1.38195 0.
 1.382095 0.
 1.38224 0.
 1.382385 0.
 1.38253 0.
 1.382675 0.
 1.38282 0.
 1.382965 0.
 1.38311 0.
 1.383255 0.
 1.3834 0.
 1.383545 0.
 1.38369 0.
 1.383835 0.
 1.38398 0.
 1.384125 0.
 1.38427 0.
 1.384415 0.
 1.38456 0.
 1.384705 0.
 1.38485 0.
 1.384995 0.
 1.38514 0.
 1.385285 0.
 1.38543 0.
 1.385575 0.
 1.38572 0.
 1.385865 0.
 1.38601 0.
 1.386155 0.
 1.3863 0.
 1.386445 0.
 1.38659 0.
 1.386735 0.
 1.38688 0.
 1.387025 0.
 1.38717 0.
 1.387315 0.
 1.38746 0.
 1.387605 0.
 1.38775 0.
 1.387895 0.
 1.38804 0.
 1.388185 0.
 1.38833 0.
 1.388475 0.
 1.38862 0.
 1.388765 0.
 1.38891 0.
 1.389055 0.
 1.3892 0.
 1.389345 0.
 1.38949 0.
 1.389635 0.
 1.38978 0.
 1.389925 0.
 1.39007 0.
 1.390215 0.
 1.39036 0.
 1.390505 0.
 1.39065 0.
 1.390795 0.
 1.39094 0.
 1.391085 0.
 1.39123 0.
 1.391375 0.
 1.39152 0.
 1.391665 0.
 1.39181 0.
 1.391955 0.
 1.3921 0.
 1.392245 0.
 1.39239 0.
 1.392535 0.
 1.39268 0.
 1.392825 0.
 1.39297 0.
 1.393115 0.
 1.39326 0.
 1.393405 0.
 1.39355 0.
 1.393695 0.
 1.39384 0.
 1.393985 0.
 1.39413 0.
 1.394275 0.
 1.39442 0.
 1.394565 0.
 1.39471 0.
 1.394855 0.
 1.395 0.
 1.395145 0.
 1.39529 0.
 1.395435 0.
 1.39558 0.
 1.395725 0.
 1.39587 0.
 1.396015 0.
 1.39616 0.
 1.396305 0.
 1.39645 0.
 1.396595 0.
 1.39674 0.
 1.396885 0.
 1.39703 0.
 1.397175 0.
 1.39732 0.
 1.397465 0.
 1.39761 0.
 1.397755 0.
 1.3979 0.
 1.398045 0.
 1.39819 0.
 1.398335 0.
 1.39848 0.
 1.398625 0.
 1.39877 0.
 1.398915 0.
 1.39906 0.
 1.399205 0.
 1.39935 0.
 1.399495 0.
 1.39964 0.
 1.399785 0.
 1.39993 0.
 1.400075 0.
 1.40022 0.
 1.400365 0.
 1.40051 0.
 1.400655 0.
 1.4008 0.
 1.400945 0.
 1.40109 0.
 1.401235 0.
 1.40138 0.
 1.401525 0.
 1.40167 0.
 1.401815 0.
 1.40196 0.
 1.402105 0.
 1.40225 0.
 1.402395 0.
 1.40254 0.
 1.402685 0.
 1.40283 0.
 1.402975 0.
 1.40312 0.
 1.403265 0.
 1.40341 0.
 1.403555 0.
 1.4037 0.
 1.403845 0.
 1.40399 0.
 1.404135 0.
 1.40428 0.
 1.404425 0.
 1.40457 0.
 1.404715 0.
 1.40486 0.
 1.405005 0.
 1.40515 0.
 1.405295 0.
 1.40544 0.
 1.405585 0.
 1.40573 0.
 1.405875 0.
 1.40602 0.
 1.406165 0.
 1.40631 0.
 1.406455 0.
 1.4066 0.
 1.406745 0.
 1.40689 0.
 1.407035 0.
 1.40718 0.
 1.407325 0.
 1.40747 0.
 1.407615 0.
 1.40776 0.
 1.407905 0.
 1.40805 0.
 1.408195 0.
 1.40834 0.
 1.408485 0.
 1.40863 0.
 1.408775 0.
 1.40892 0.
 1.409065 0.
 1.40921 0.
 1.409355 0.
 1.4095 0.
 1.409645 0.
 1.40979 0.
 1.409935 0.
 1.41008 0.
 1.410225 0.
 1.41037 0.
 1.410515 0.
 1.41066 0.
 1.410805 0.
 1.41095 0.
 1.411095 0.
 1.41124 0.
 1.411385 0.
 1.41153 0.
 1.411675 0.
 1.41182 0.
 1.411965 0.
 1.41211 0.
 1.4075 0.
 1.408 0.
 1.4085 0.
 1.409 0.
 1.4095 0.
 1.41 0.
 1.4105 0.
 1.411 0.
 1.4115 0.
 1.412 0.
 1.4125 0.
 1.413 0.
 1.4135 0.
 1.414 0.
 1.4145 0.
 1.415 0.
 1.4155 0.
 1.416 0.
 1.4165 0.
 1.417 0.
 1.4175 0.
 1.418 0.
 1.4185 0.
 1.419 0.
 1.4195 0.
 1.42 0.
 1.4205 0.
 1.421 0.
 1.4215 0.
 1.422 0.
 1.4225 0.
 1.423 0.
 1.4235 0.
 1.424 0.
 1.4245 0.
 1.425 0.
 1.4255 0.
 1.426 0.
 1.4265 0.
 1.427 0.
 1.4275 0.
 1.428 0.
 1.4285 0.
 1.429 0.
 1.4295 0.
 1.43 0.
 1.4305 0.
 1.431 0.
 1.4315 0.
 1.432 0.
 1.4325 0.
 1.433 0.
 1.4335 0.
 1.434 0.
 1.4345 0.
 1.435 0.
 1.4355 0.
 1.436 0.
 1.4365 0.
 1.437 0.
 1.4375 0.
 1.438 0.
 1.4385 0.
 1.439 0.
 1.4395 0.
 1.44 0.
 1.4405 0.
 1.441 0.
 1.4415 0.
 1.442 0.
 1.4425 0.
 1.443 0.
 1.4435 0.
 1.444 0.
 1.4445 0.
 1.445 0.
 1.4455 0.
 1.446 0.
 1.4465 0.
 1.447 0.
 1.4475 0.
 1.448 0.
 1.4485 0.
 1.449 0.
 1.4495 0.
 1.45 0.
 1.4505 0.
 1.451 0.
 1.4515 4.9483723E-16
 1.452 5.81853E-16
 1.4525 5.954075E-16
 1.453 5.748593E-16
 1.4535 5.777743E-16
 1.454 5.453195E-16
 1.4545 5.8282294E-16
 1.455 5.396808E-16
 1.4555 5.4594106E-16
 1.456 6.3791396E-16
 1.4565 6.0950124E-16
 1.457 5.809174E-16
 1.4575 6.1241964E-16
 1.458 5.9909587E-16
 1.4585 6.3732204E-16
 1.459 6.2971987E-16
 1.4595 5.6791775E-16
 1.46 5.835524E-16
 1.4605 6.4828355E-16
 1.461 6.3000807E-16
 1.4615 5.939307E-16
 1.462 5.372638E-16
 1.4625 6.1337886E-16
 1.463 5.3844307E-16
 1.4635 5.4158773E-16
 1.464 5.712805E-16
 1.4645 6.250294E-16
 1.465 6.084765E-16
 1.4655 5.65566E-16
 1.466 5.7835293E-16
 1.4665 6.1146657E-16
 1.467 5.9040007E-16
 1.4675 6.3095463E-16
 1.468 6.3777023E-16
 1.4685 5.72076E-16
 1.469 5.973447E-16
 1.4695 5.2435347E-16
 1.47 6.499544E-16
 1.4705 6.1504857E-16
 1.471 5.732616E-16
 1.4715 4.8344914E-16
 1.472 6.293593E-16
 1.4725 6.816577E-16
 1.473 7.479041E-16
 1.4735 6.6347614E-16
 1.474 5.9651803E-16
 1.4745 5.922931E-16
 1.475 6.021516E-16
 1.4755 6.0144305E-16
 1.476 5.9584856E-16
 1.4765 5.783113E-16
 1.477 5.647723E-16
 1.4775 6.204049E-16
 1.478 5.968498E-16
 1.4785 6.478139E-16
 1.479 6.284796E-16
 1.4795 6.140612E-16
 1.48 6.5080337E-16
 1.4805 5.827562E-16
 1.481 4.9701135E-16
 1.4815 5.55403E-16
 1.482 5.781718E-16
 1.4825 5.3825487E-16
 1.483 6.0778404E-16
 1.4835 6.261455E-16
 1.484 6.301955E-16
 1.4845 5.817668E-16
 1.485 5.4251407E-16
 1.4855 5.680231E-16
 1.486 6.11596E-16
 1.4865 5.842441E-16
 1.487 5.241896E-16
 1.4875 5.5927717E-16
 1.488 6.233448E-16
 1.4885 6.348845E-16
 1.489 6.230203E-16
 1.4895 5.7950564E-16
 1.49 5.6737337E-16
 1.4905 5.9042463E-16
 1.491 6.149359E-16
 1.4915 6.269335E-16
 1.492 6.125945E-16
 1.4925 6.0140393E-16
 1.493 6.2871756E-16
 1.4935 6.1605723E-16
 1.494 6.108337E-16
 1.4945 5.729711E-16
 1.495 6.020086E-16
 1.4955 5.9204527E-16
 1.496 6.1967877E-16
 1.4965 6.316385E-16
 1.497 6.144912E-16
 1.4975 6.355686E-16
 1.498 6.253637E-16
 1.4985 6.384525E-16
 1.499 6.391895E-16
 1.4995 6.6209103E-16
 1.5 6.238497E-16
 1.5005 6.354586E-16
 1.501 6.317426E-16
 1.5015 6.490234E-16
 1.502 6.3760665E-16
 1.5025 6.02358E-16
 1.503 6.2173224E-16
 1.5035 6.355812E-16
 1.504 6.823206E-16
 1.5045 6.668091E-16
 1.505 6.4376415E-16
 1.5055 7.118816E-16
 1.506 6.760335E-16
 1.5065 6.372911E-16
 1.507 6.9755953E-16
 1.5075 6.7631123E-16
 1.508 6.2725077E-16
 1.5085 6.3172543E-16
 1.509 6.534198E-16
 1.5095 6.453228E-16
 1.51 6.645575E-16
 1.5105 6.574172E-16
 1.511 6.6138985E-16
 1.5115 6.5723346E-16
 1.512 6.389517E-16
 1.5125 6.671019E-16
 1.513 6.543256E-16
 1.5135 6.4725673E-16
 1.514 6.2466965E-16
 1.5145 6.271511E-16
 1.515 6.5185056E-16
 1.5155 7.07645E-16
 1.516 6.9172453E-16
 1.5165 6.8483593E-16
 1.517 6.1472537E-16
 1.5175 6.513992E-16
 1.518 6.5288156E-16
 1.5185 6.4330135E-16
 1.519 6.7885366E-16
 1.5195 6.9720267E-16
 1.52 6.743567E-16
 1.5205 6.682858E-16
 1.521 6.9539997E-16
 1.5215 7.2092626E-16
 1.522 7.116125E-16
 1.5225 6.866469E-16
 1.523 6.513955E-16
 1.5235 7.0862946E-16
 1.524 7.737326E-16
 1.5245 7.823335E-16
 1.525 6.8173537E-16
 1.5255 6.464173E-16
 1.526 6.7847085E-16
 1.5265 6.872092E-16
 1.527 6.763279E-16
 1.5275 6.9047246E-16
 1.528 6.344218E-16
 1.5285 6.52663E-16
 1.529 7.201416E-16
 1.5295 7.0465417E-16
 1.53 7.1702917E-16
 1.5305 7.1170106E-16
 1.531 7.0772334E-16
 1.5315 7.2203005E-16
 1.532 6.9486136E-16
 1.5325 6.825834E-16
 1.533 6.369694E-16
 1.5335 7.301494E-16
 1.534 7.492537E-16
 1.5345 7.286759E-16
 1.535 7.2392703E-16
 1.5355 7.087617E-16
 1.536 7.1659967E-16
 1.5365 6.856595E-16
 1.537 6.979123E-16
 1.5375 6.987414E-16
 1.538 6.968546E-16
 1.5385 6.7393483E-16
 1.539 6.837137E-16
 1.5395 7.393285E-16
 1.54 7.5539955E-16
 1.5405 7.3201964E-16
 1.541 6.787615E-16
 1.5415 6.7140374E-16
 1.542 7.0358797E-16
 1.5425 7.1489184E-16
 1.543 6.8291846E-16
 1.5435 7.4559826E-16
 1.544 7.379704E-16
 1.5445 6.8156347E-16
 1.545 7.0359157E-16
 1.5455 7.148392E-16
 1.546 7.479939E-16
 1.5465 7.493582E-16
 1.547 7.7157623E-16
 1.5475 7.220229E-16
 1.548 7.0242473E-16
 1.5485 7.057346E-16
 1.549 7.028048E-16
 1.5495 6.953259E-16
 1.55 7.5731956E-16
 1.5505 7.4669517E-16
 1.551 7.186125E-16
 1.5515 7.172855E-16
 1.552 7.3384134E-16
 1.5525 7.5583286E-16
 1.553 7.7805794E-16
 1.5535 7.447476E-16
 1.554 7.603594E-16
 1.5545 7.384226E-16
 1.555 7.365009E-16
 1.5555 7.388421E-16
 1.556 7.638378E-16
 1.5565 7.4009927E-16
 1.557 7.601987E-16
 1.5575 7.8594334E-16
 1.558 7.0196765E-16
 1.5585 7.1387614E-16
 1.559 7.451374E-16
 1.5595 7.7367995E-16
 1.56 7.9984104E-16
 1.5605 7.6885615E-16
 1.561 7.4745946E-16
 1.5615 7.3427454E-16
 1.562 7.5635474E-16
 1.5625 7.420468E-16
 1.563 7.5924555E-16
 1.5635 7.4492905E-16
 1.564 7.349003E-16
 1.5645 7.4343145E-16
 1.565 7.569151E-16
 1.5655 7.81184E-16
 1.566 7.4304007E-16
 1.5665 6.9599866E-16
 1.567 7.1937725E-16
 1.5675 8.039326E-16
 1.568 8.0095716E-16
 1.5685 8.132106E-16
 1.569 8.109637E-16
 1.5695 7.9194044E-16
 1.57 7.596104E-16
 1.5705 8.0211336E-16
 1.571 8.1827486E-16
 1.5715 7.5642573E-16
 1.572 7.4366803E-16
 1.5725 7.9481654E-16
 1.573 7.475137E-16
 1.5735 7.8156196E-16
 1.574 8.0737407E-16
 1.5745 7.7564633E-16
 1.575 8.0443063E-16
 1.5755 8.1812075E-16
 1.576 7.924931E-16
 1.5765 8.0276753E-16
 1.577 7.818691E-16
 1.5775 7.61885E-16
 1.578 7.781634E-16
 1.5785 7.696301E-16
 1.579 7.7310873E-16
 1.5795 7.6714196E-16
 1.58 7.6256635E-16
 1.5805 7.8064335E-16
 1.581 7.9285137E-16
 1.5815 8.2632474E-16
 1.582 7.972725E-16
 1.5825 7.684989E-16
 1.583 8.220561E-16
 1.5835 8.943385E-16
 1.584 7.857746E-16
 1.5845 7.313294E-16
 1.585 7.6069313E-16
 1.5855 8.072831E-16
 1.586 7.9625046E-16
 1.5865 7.745101E-16
 1.587 7.876315E-16
 1.5875 7.9163615E-16
 1.588 7.5815537E-16
 1.5885 7.8754323E-16
 1.589 8.0662905E-16
 1.5895 8.3974746E-16
 1.59 8.051239E-16
 1.5905 7.4240977E-16
 1.591 8.234181E-16
 1.5915 8.379664E-16
 1.592 8.306161E-16
 1.5925 7.6039154E-16
 1.593 7.402726E-16
 1.5935 8.217565E-16
 1.594 7.9252775E-16
 1.5945 8.2923234E-16
 1.595 8.0038573E-16
 1.5955 7.5547107E-16
 1.596 7.8901E-16
 1.5965 8.1517985E-16
 1.597 8.5104974E-16
 1.5975 7.698298E-16
 1.598 7.680167E-16
 1.5985 8.1823796E-16
 1.599 7.800493E-16
 1.5995 7.7767524E-16
 1.6 7.623624E-16
 1.6005 8.093814E-16
 1.601 8.3856945E-16
 1.6015 8.2550513E-16
 1.602 8.18011E-16
 1.6025 7.800556E-16
 1.603 8.4603726E-16
 1.6035 8.7855867E-16
 1.604 7.7966455E-16
 1.6045 8.472277E-16
 1.605 8.062914E-16
 1.6055 7.676998E-16
 1.606 7.6139453E-16
 1.6065 7.606843E-16
 1.607 7.79788E-16
 1.6075 7.79088E-16
 1.608 7.521087E-16
 1.6085 7.634501E-16
 1.609 8.0766095E-16
 1.6095 8.2998466E-16
 1.61 7.7963194E-16
 1.6105 7.711125E-16
 1.611 8.1767674E-16
 1.6115 7.6590535E-16
 1.612 7.686385E-16
 1.6125 7.8919404E-16
 1.613 8.082348E-16
 1.6135 7.854073E-16
 1.614 7.4908936E-16
 1.6145 7.2882823E-16
 1.615 7.358671E-16
 1.6155 7.806078E-16
 1.616 7.4019594E-16
 1.6165 7.8740813E-16
 1.617 8.250561E-16
 1.6175 7.897979E-16
 1.618 8.3021347E-16
 1.6185 9.090993E-16
 1.619 8.2400837E-16
 1.6195 8.0892255E-16
 1.62 8.6402935E-16
 1.6205 8.024272E-16
 1.621 8.324505E-16
 1.6215 8.2993665E-16
 1.622 8.0860264E-16
 1.6225 8.668929E-16
 1.623 8.445288E-16
 1.6235 8.4038543E-16
 1.624 8.902352E-16
 1.6245 7.9272543E-16
 1.625 8.365183E-16
 1.6255 7.8538457E-16
 1.626 7.464347E-16
 1.6265 7.0410694E-16
 1.627 7.808886E-16
 1.6275 7.832336E-16
 1.628 8.1953783E-16
 1.6285 8.119614E-16
 1.629 7.957869E-16
 1.6295 7.8207764E-16
 1.63 7.570519E-16
 1.6305 8.1309917E-16
 1.631 7.811204E-16
 1.6315 7.7633095E-16
 1.632 8.2453194E-16
 1.6325 8.2192043E-16
 1.633 8.429629E-16
 1.6335 8.506443E-16
 1.634 8.3551753E-16
 1.6345 8.4612773E-16
 1.635 8.799734E-16
 1.6355 8.731305E-16
 1.636 8.3776784E-16
 1.6365 8.067102E-16
 1.637 8.365572E-16
 1.6375 8.508245E-16
 1.638 8.363444E-16
 1.6385 8.2359655E-16
 1.639 8.0930123E-16
 1.6395 8.6086685E-16
 1.64 8.2542503E-16
 1.6405 8.116139E-16
 1.641 8.186032E-16
 1.6415 8.405953E-16
 1.642 8.2280913E-16
 1.6425 8.4572185E-16
 1.643 8.555528E-16
 1.6435 8.46545E-16
 1.644 8.2478234E-16
 1.6445 8.67968E-16
 1.645 7.9883137E-16
 1.6455 8.301549E-16
 1.646 9.075002E-16
 1.6465 9.187673E-16
 1.647 8.8213034E-16
 1.6475 8.7397675E-16
 1.648 8.7964234E-16
 1.6485 8.398995E-16
 1.649 8.676433E-16
 1.6495 8.3217054E-16
 1.65 8.1539923E-16
 1.6505 8.776024E-16
 1.651 8.776505E-16
 1.6515 8.5548004E-16
 1.652 8.590658E-16
 1.6525 8.493854E-16
 1.653 8.426263E-16
 1.6535 9.16275E-16
 1.654 8.6963036E-16
 1.6545 8.719185E-16
 1.655 8.1485205E-16
 1.6555 7.827527E-16
 1.656 7.860412E-16
 1.6565 8.529962E-16
 1.657 8.5543906E-16
 1.6575 9.104548E-16
 1.658 8.854829E-16
 1.6585 8.7549246E-16
 1.659 8.572223E-16
 1.6595 8.515226E-16
 1.66 8.628755E-16
 1.6605 8.5622013E-16
 1.661 8.245443E-16
 1.6615 7.944134E-16
 1.662 7.7933077E-16
 1.6625 8.5228566E-16
 1.663 8.323813E-16
 1.6635 8.6218166E-16
 1.664 8.5960106E-16
 1.6645 8.8448096E-16
 1.665 8.721588E-16
 1.6655 8.945331E-16
 1.666 9.240235E-16
 1.6665 8.977255E-16
 1.667 8.5103687E-16
 1.6675 8.3985164E-16
 1.668 8.295721E-16
 1.6685 7.816659E-16
 1.669 8.233143E-16
 1.6695 8.7505587E-16
 1.67 8.67569E-16
 1.6705 8.2030715E-16
 1.671 8.421746E-16
 1.6715 9.321058E-16
 1.672 8.913088E-16
 1.6725 8.961057E-16
 1.673 8.525406E-16
 1.6735 8.409756E-16
 1.674 8.536892E-16
 1.6745 8.444736E-16
 1.675 8.7420063E-16
 1.6755 8.883097E-16
 1.676 8.929086E-16
 1.6765 9.176259E-16
 1.677 8.680005E-16
 1.6775 8.7349606E-16
 1.678 8.713882E-16
 1.6785 8.7199003E-16
 1.679 8.4996903E-16
 1.6795 8.541623E-16
 1.68 8.806654E-16
 1.6805 8.7762603E-16
 1.681 9.153311E-16
 1.6815 9.31457E-16
 1.682 8.547589E-16
 1.6825 8.943821E-16
 1.683 8.7130605E-16
 1.6835 8.987526E-16
 1.684 9.371845E-16
 1.6845 9.529416E-16
 1.685 9.252663E-16
 1.6855 8.522828E-16
 1.686 8.4364063E-16
 1.6865 9.14525E-16
 1.687 9.004859E-16
 1.6875 8.45449E-16
 1.688 8.815769E-16
 1.6885 8.843325E-16
 1.689 8.705576E-16
 1.6895 8.555562E-16
 1.69 7.973074E-16
 1.6905 8.774539E-16
 1.691 9.345954E-16
 1.6915 8.997609E-16
 1.692 9.19837E-16
 1.6925 9.080598E-16
 1.693 8.585398E-16
 1.6935 8.4439216E-16
 1.694 8.7957733E-16
 1.6945 8.6318767E-16
 1.695 8.4079736E-16
 1.6955 8.5729004E-16
 1.696 8.7039036E-16
 1.6965 8.6173887E-16
 1.697 8.714453E-16
 1.6975 8.275743E-16
 1.698 8.0175385E-16
 1.6985 8.4077004E-16
 1.699 8.929553E-16
 1.6995 8.654243E-16
 1.7 8.7374757E-16
 1.7005 8.8189947E-16
 1.701 9.300096E-16
 1.7015 8.3739985E-16
 1.702 8.2097064E-16
 1.7025 8.905312E-16
 1.703 8.87785E-16
 1.7035 8.955979E-16
 1.704 8.679071E-16
 1.7045 8.4328165E-16
 1.705 8.4393196E-16
 1.7055 8.792944E-16
 1.706 8.7988766E-16
 1.7065 8.613888E-16
 1.707 8.6986827E-16
 1.7075 8.5369883E-16
 1.708 8.4218337E-16
 1.7085 8.303982E-16
 1.709 7.9010164E-16
 1.7095 7.976186E-16
 1.71 8.4709674E-16
 1.7105 8.80546E-16
 1.711 8.963602E-16
 1.7115 8.616553E-16
 1.712 8.23351E-16
 1.7125 8.5996423E-16
 1.713 8.1642287E-16
 1.7135 8.44195E-16
 1.714 8.4246665E-16
 1.7145 7.7748847E-16
 1.715 7.606547E-16
 1.7155 7.529223E-16
 1.716 8.2265846E-16
 1.7165 8.3424227E-16
 1.717 8.455247E-16
 1.7175 8.479443E-16
 1.718 8.038244E-16
 1.7185 7.747881E-16
 1.719 7.2091234E-16
 1.7195 7.269956E-16
 1.72 7.379185E-16
 1.7205 7.690045E-16
 1.721 8.2287255E-16
 1.7215 8.673481E-16
 1.722 7.7528677E-16
 1.7225 8.202062E-16
 1.723 8.3498973E-16
 1.7235 7.7491254E-16
 1.724 7.7582543E-16
 1.7245 7.426936E-16
 1.725 8.0281465E-16
 1.7255 7.9358046E-16
 1.726 7.8554137E-16
 1.7265 7.9020233E-16
 1.727 7.611397E-16
 1.7275 7.4225974E-16
 1.728 7.385226E-16
 1.7285 8.058521E-16
 1.729 7.704504E-16
 1.7295 8.0951426E-16
 1.73 7.65271E-16
 1.7305 7.503978E-16
 1.731 7.714381E-16
 1.7315 8.390484E-16
 1.732 7.936946E-16
 1.7325 6.9946647E-16
 1.733 7.0851686E-16
 1.7335 8.0835133E-16
 1.734 8.320701E-16
 1.7345 8.2554976E-16
 1.735 7.8514136E-16
 1.7355 7.609343E-16
 1.736 7.3469197E-16
 1.7365 6.8018943E-16
 1.737 6.8069775E-16
 1.7375 7.301398E-16
 1.738 7.869179E-16
 1.7385 8.411554E-16
 1.739 8.3486463E-16
 1.7395 7.926881E-16
 1.74 7.6273056E-16
 1.7405 7.4668707E-16
 1.741 7.1512715E-16
 1.7415 6.9701637E-16
 1.742 7.077678E-16
 1.7425 8.0008233E-16
 1.743 7.8192973E-16
 1.7435 7.454206E-16
 1.744 7.522355E-16
 1.7445 7.229605E-16
 1.745 7.1699915E-16
 1.7455 7.702455E-16
 1.746 7.356302E-16
 1.7465 7.7538037E-16
 1.747 7.804329E-16
 1.7475 6.8500354E-16
 1.748 7.118825E-16
 1.7485 7.3489944E-16
 1.749 7.070917E-16
 1.7495 7.392278E-16
 1.75 7.334423E-16
 1.7505 7.404615E-16
 1.751 6.8727645E-16
 1.7515 6.3629697E-16
 1.752 6.829282E-16
 1.7525 6.893037E-16
 1.753 7.1271306E-16
 1.7535 7.716104E-16
 1.754 7.313478E-16
 1.7545 7.107205E-16
 1.755 6.7496143E-16
 1.7555 6.7834125E-16
 1.756 7.088004E-16
 1.7565 6.767061E-16
 1.757 6.5986323E-16
 1.7575 6.3433424E-16
 1.758 6.737168E-16
 1.7585 6.758711E-16
 1.759 6.697879E-16
 1.7595 6.456119E-16
 1.76 6.806422E-16
 1.7605 6.8945115E-16
 1.761 7.054017E-16
 1.7615 6.33092E-16
 1.762 6.568869E-16
 1.7625 7.058025E-16
 1.763 6.347055E-16
 1.7635 6.024986E-16
 1.764 6.4478615E-16
 1.7645 7.053251E-16
 1.765 6.522493E-16
 1.7655 6.900462E-16
 1.766 6.2387857E-16
 1.7665 6.254141E-16
 1.767 7.272972E-16
 1.7675 6.9499117E-16
 1.768 6.0766684E-16
 1.7685 6.0150615E-16
 1.769 5.8138716E-16
 1.7695 6.2202923E-16
 1.77 6.4016707E-16
 1.7705 6.4061324E-16
 1.771 6.2693557E-16
 1.7715 6.3513114E-16
 1.772 6.310855E-16
 1.7725 6.4264723E-16
 1.773 6.23198E-16
 1.7735 5.9907475E-16
 1.774 6.3263006E-16
 1.7745 6.298801E-16
 1.775 5.9529105E-16
 1.7755 6.1268736E-16
 1.776 5.8137245E-16
 1.7765 6.031233E-16
 1.777 5.7608103E-16
 1.7775 6.0111816E-16
 1.778 6.154089E-16
 1.7785 6.0593227E-16
 1.779 5.812831E-16
 1.7795 5.689737E-16
 1.78 5.7492446E-16
 1.7805 6.153976E-16
 1.781 6.71655E-16
 1.7815 6.1123226E-16
 1.782 5.605986E-16
 1.7825 6.110471E-16
 1.783 6.145354E-16
 1.7835 6.012851E-16
 1.784 6.3301133E-16
 1.7845 6.262802E-16
 1.785 6.035202E-16
 1.7855 6.119956E-16
 1.786 5.638019E-16
 1.7865 5.7912484E-16
 1.787 5.5172126E-16
 1.7875 5.53411E-16
 1.788 6.075949E-16
 1.7885 6.238759E-16
 1.789 5.628193E-16
 1.7895 5.9695473E-16
 1.79 6.068325E-16
 1.7905 6.174023E-16
 1.791 5.6770785E-16
 1.7915 5.2247306E-16
 1.792 5.13871E-16
 1.7925 5.5706234E-16
 1.793 6.0127994E-16
 1.7935 5.8451896E-16
 1.794 5.3035083E-16
 1.7945 4.9897536E-16
 1.795 5.490874E-16
 1.7955 5.657584E-16
 1.796 5.692009E-16
 1.7965 5.764957E-16
 1.797 4.8412094E-16
 1.7975 5.5547674E-16
 1.798 5.8842246E-16
 1.7985 5.6746914E-16
 1.799 5.8159193E-16
 1.7995 6.472067E-16
 1.8 5.8274623E-16
 1.8005 5.7566164E-16
 1.801 5.68776E-16
 1.8015 4.6709087E-16
 1.802 6.1274813E-16
 1.8025 4.2375576E-16
 1.803 5.1299396E-16
 1.8035 5.578125E-16
 1.804 5.5320405E-16
 1.8045 6.002305E-16
 1.805 5.7625165E-16
 1.8055 6.459742E-16
 1.806 5.554973E-16
 1.8065 4.791164E-16
 1.807 5.564802E-16
 1.8075 5.525287E-16
 1.808 4.759211E-16
 1.8085 5.701229E-16
 1.809 5.601731E-16
 1.8095 5.491659E-16
 1.81 5.6676944E-16
 1.8105 5.619491E-16
 1.811 5.044944E-16
 1.8115 5.8916144E-16
 1.812 6.9370537E-16
 1.8125 4.8267685E-16
 1.813 3.857753E-16
 1.8135 5.228143E-16
 1.814 6.081215E-16
 1.8145 6.752467E-16
 1.815 6.923592E-16
 1.8155 6.413427E-16
 1.816 6.2495065E-16
 1.8165 3.7599806E-16
 1.817 5.345022E-16
 1.8175 6.60849E-16
 1.818 6.5770197E-16
 1.8185 5.9095673E-16
 1.819 4.1072416E-16
 1.8195 6.6603434E-16
 1.82 6.6574127E-16
 1.8205 7.0240784E-16
 1.821 5.679562E-16
 1.8215 2.404235E-15
 1.822 1.5066763E-15
 1.8225 -2.1122218E-16
 1.823 6.972868E-16
 1.8235 5.864361E-16
 1.824 6.3714025E-16
 1.8245 6.056147E-16
 1.825 5.9462544E-16
 1.8255 4.710218E-16
 1.826 4.805086E-16
 1.8265 6.0001336E-16
 1.827 8.4553195E-16
 1.8275 5.257703E-16
 1.828 3.9920218E-16
 1.8285 5.3761557E-16
 1.829 3.2462697E-16
 1.8295 -4.6140463E-16
 1.83 2.618715E-16
 1.8305 -1.7124161E-16
 1.831 -5.119983E-16
 1.8315 -4.887338E-16
 1.832 1.8355494E-15
 1.8325 4.8128285E-16
 1.833 2.9139575E-16
 1.8335 -3.5290407E-17
 1.834 6.7586114E-16
 1.8345 3.105786E-16
 1.835 7.409535E-17
 1.8355 6.3016994E-15
 1.836 6.3902105E-15
 1.8365 -3.4119025E-15
 1.837 -6.791593E-15
 1.8375 -1.5190726E-14
 1.838 -5.3259475E-15
 1.8385 -5.961495E-15
 1.839 2.8165739E-15
 1.8395 9.182192E-16
 1.84 1.6113893E-15
 1.8405 1.8941708E-14
 1.841 -5.461353E-15
 1.8415 -6.3180086E-15
 1.842 -1.6072573E-15
 1.8425 -1.5785232E-15
 1.843 -1.0311556E-14
 1.8435 8.0583713E-16
 1.844 7.626873E-17
 1.8445 1.8560695E-16
 1.845 6.2932055E-16
 1.8455 6.238929E-16
 1.846 4.3887064E-16
 1.8465 1.1674352E-16
 1.847 -5.4070745E-16
 1.8475 -1.3413925E-14
 1.848 -2.2835054E-14
 1.8485 -2.851824E-14
 1.849 -1.00284565E-16
 1.8495 -8.7664315E-16
 1.85 4.972279E-16
 1.8505 2.4179246E-15
 1.851 4.2028885E-16
 1.8515 1.2578074E-16
 1.852 1.8364111E-16
 1.8525 3.5897275E-16
 1.853 1.1290233E-15
 1.8535 -3.2157225E-16
 1.854 -7.087764E-16
 1.8545 -3.1649073E-15
 1.855 -3.4559948E-15
 1.8555 -1.4264385E-15
 1.856 1.2195652E-16
 1.8565 1.0391083E-15
 1.857 -4.3324597E-16
 1.8575 1.7655975E-15
 1.858 1.04183435E-14
 1.8585 -5.6066E-16
 1.859 5.031239E-16
 1.8595 2.0605968E-16
 1.86 -2.1570761E-15
 1.8605 -9.697516E-15
 1.861 -3.000809E-15
 1.8615 8.4578664E-16
 1.862 2.450158E-16
 1.8625 3.126541E-16
 1.863 3.680012E-16
 1.8635 1.418645E-16
 1.864 1.355216E-16
 1.8645 -2.680209E-16
 1.865 1.4869719E-16
 1.8655 2.0562422E-16
 1.866 3.1682272E-16
 1.8665 5.469607E-16
 1.867 6.4739956E-16
 1.8675 6.5460395E-16
 1.868 6.174682E-16
 1.8685 -1.7271877E-15
 1.869 1.6351324E-15
 1.8695 -6.0101778E-15
 1.87 -1.062711E-14
 1.8705 -1.4520811E-14
 1.871 -2.2131665E-14
 1.8715 1.764442E-15
 1.872 1.6340523E-14
 1.8725 2.8295295E-14
 1.873 -4.6926464E-15
 1.8735 -3.9691212E-14
 1.874 4.480017E-15
 1.8745 -1.09962774E-14
 1.875 -7.207595E-15
 1.8755 9.667345E-15
 1.876 -1.9257173E-15
 1.8765 -3.60938E-14
 1.877 2.2650019E-15
 1.8775 4.1297756E-15
 1.878 -7.8371825E-15
 1.8785 -9.407045E-16
 1.879 6.1848504E-16
 1.8795 4.6672294E-16
 1.88 5.4281196E-16
 1.8805 4.8631724E-16
 1.881 3.0203535E-16
 1.8815 2.7529238E-16
 1.882 1.0583865E-16
 1.8825 2.1521147E-16
 1.883 4.3779565E-16
 1.8835 3.9395878E-16
 1.884 6.0145893E-16
 1.8845 -3.8726672E-16
 1.885 2.7749952E-17
 1.8855 2.8637554E-16
 1.886 1.364829E-16
 1.8865 4.0536575E-16
 1.887 7.5285625E-17
 1.8875 1.6796956E-16
 1.888 5.586368E-16
 1.8885 5.3486187E-16
 1.889 5.2018347E-16
 1.8895 4.2238243E-16
 1.89 5.4138487E-16
 1.8905 -8.598472E-17
 1.891 -1.1400214E-15
 1.8915 4.447147E-16
 1.892 1.0262667E-15
 1.8925 -9.033929E-16
 1.893 -3.579829E-15
 1.8935 3.9013506E-16
 1.894 9.012035E-16
 1.8945 9.899889E-16
 1.895 7.246333E-16
 1.8955 4.8394486E-16
 1.896 4.9087523E-16
 1.8965 4.649439E-16
 1.897 4.474346E-16
 1.8975 3.800397E-16
 1.898 1.7228846E-16
 1.8985 1.4985226E-15
 1.899 2.7726035E-15
 1.8995 3.5589207E-15
 1.9 -4.2381853E-15
 1.9005 -1.6447809E-15
 1.901 1.7757919E-15
 1.9015 4.148739E-15
 1.902 8.8633644E-16
 1.9025 -4.842638E-16
 1.903 -6.868477E-17
 1.9035 2.5927176E-16
 1.904 9.196241E-16
 1.9045 2.4220828E-16
 1.905 -6.806468E-16
 1.9055 -6.0609045E-16
 1.906 2.8734125E-15
 1.9065 2.4701924E-16
 1.907 -5.4107834E-15
 1.9075 -5.90767E-16
 1.908 5.2122527E-16
 1.9085 4.789129E-16
 1.909 5.8012747E-16
 1.9095 6.9902474E-16
 1.91 3.131715E-16
 1.9105 6.1537415E-16
 1.911 1.4408582E-15
 1.9115 4.2862572E-16
 1.912 -4.3623366E-15
 1.9125 -2.3793657E-15
 1.913 2.6969777E-15
 1.9135 -4.5400048E-14
 1.914 -1.6650018E-16
 1.9145 -2.5629703E-15
 1.915 -1.5903538E-15
 1.9155 6.840582E-17
 1.916 4.9114263E-16
 1.9165 5.400407E-16
 1.917 1.6552428E-16
 1.9175 5.0661644E-16
 1.918 5.0340094E-16
 1.9185 4.7779773E-16
 1.919 4.8527613E-16
 1.9195 5.124387E-16
 1.92 1.4365537E-16
 1.9205 8.2734986E-16
 1.921 6.3794795E-16
 1.9215 -3.6799468E-16
 1.922 2.1137535E-16
 1.9225 4.1526836E-16
 1.923 6.01074E-16
 1.9235 5.7360944E-16
 1.924 4.9660986E-16
 1.9245 4.322245E-16
 1.925 1.7304859E-16
 1.9255 5.0025056E-16
 1.926 5.04102E-16
 1.9265 4.804754E-16
 1.927 4.3893687E-16
 1.9275 4.436646E-16
 1.928 4.009661E-16
 1.9285 5.310429E-16
 1.929 -2.0270135E-16
 1.9295 4.971679E-16
 1.93 5.406102E-16
 1.9305 4.6990286E-16
 1.931 2.4624015E-16
 1.9315 3.3220996E-17
 1.932 5.0148056E-16
 1.9325 4.213059E-16
 1.933 5.3132264E-16
 1.9335 5.4507036E-16
 1.934 5.6289765E-16
 1.9345 3.6001878E-16
 1.935 5.3508834E-16
 1.9355 5.163026E-16
 1.936 4.944999E-16
 1.9365 5.315521E-16
 1.937 4.609597E-16
 1.9375 4.889794E-16
 1.938 6.0380955E-16
 1.9385 5.299005E-16
 1.939 5.9208567E-16
 1.9395 4.361031E-16
 1.94 2.553863E-16
 1.9405 3.9982636E-16
 1.941 4.467117E-16
 1.9415 4.18363E-16
 1.942 4.0316963E-16
 1.9425 5.6144335E-16
 1.943 5.456763E-16
 1.9435 5.516559E-16
 1.944 5.2783366E-16
 1.9445 5.8233923E-16
 1.945 3.911921E-16
 1.9455 3.7663206E-16
 1.946 5.4899323E-16
 1.9465 5.1162034E-16
 1.947 5.67755E-16
 1.9475 5.4697544E-16
 1.948 4.622277E-16
 1.9485 4.937743E-16
 1.949 4.3529902E-16
 1.9495 4.8667877E-16
 1.95 5.175231E-16
 1.9505 4.996426E-16
 1.951 4.7632225E-16
 1.9515 4.9396563E-16
 1.952 5.045905E-16
 1.9525 5.06165E-16
 1.953 5.24597E-16
 1.9535 4.3965285E-16
 1.954 5.064599E-16
 1.9545 5.0017047E-16
 1.955 5.507837E-16
 1.9555 5.6624025E-16
 1.956 5.407707E-16
 1.9565 4.7437466E-16
 1.957 4.9100975E-16
 1.9575 4.634724E-16
 1.958 5.21584E-16
 1.9585 4.914965E-16
 1.959 4.943401E-16
 1.9595 4.518177E-16
 1.96 4.795851E-16
 1.9605 5.0975544E-16
 1.961 4.5536576E-16
 1.9615 4.2235072E-16
 1.962 4.8912754E-16
 1.9625 5.0034485E-16
 1.963 4.8635234E-16
 1.9635 5.316659E-16
 1.964 4.7705907E-16
 1.9645 4.801434E-16
 1.965 4.894331E-16
 1.9655 4.571369E-16
 1.966 4.724831E-16
 1.9665 4.802824E-16
 1.967 4.448992E-16
 1.9675 4.9056797E-16
 1.968 4.695161E-16
 1.9685 4.8351007E-16
 1.969 4.4016173E-16
 1.9695 4.5805943E-16
 1.97 5.255611E-16
 1.9705 5.3809224E-16
 1.971 5.3924145E-16
 1.9715 4.9132517E-16
 1.972 4.993074E-16
 1.9725 4.8479375E-16
 1.973 5.079963E-16
 1.9735 5.0340666E-16
 1.974 4.775709E-16
 1.9745 4.519746E-16
 1.975 4.9954716E-16
 1.9755 5.0426714E-16
 1.976 4.522491E-16
 1.9765 4.270354E-16
 1.977 4.557825E-16
 1.9775 4.7862253E-16
 1.978 4.3674244E-16
 1.9785 4.253087E-16
 1.979 4.154921E-16
 1.9795 4.7439954E-16
 1.98 4.976251E-16
 1.9805 4.4894795E-16
 1.981 4.3724097E-16
 1.9815 4.7221923E-16
 1.982 4.684892E-16
 1.9825 4.519475E-16
 1.983 4.691276E-16
 1.9835 4.7036454E-16
 1.984 5.2165255E-16
 1.9845 4.580707E-16
 1.985 4.90921E-16
 1.9855 4.791195E-16
 1.986 4.6487445E-16
 1.9865 4.882111E-16
 1.987 4.6351305E-16
 1.9875 4.556529E-16
 1.988 4.9693094E-16
 1.9885 4.601169E-16
 1.989 4.712643E-16
 1.9895 4.892782E-16
 1.99 4.4928025E-16
 1.9905 4.4112184E-16
 1.991 4.04681E-16
 1.9915 4.511467E-16
 1.992 4.6304496E-16
 1.9925 4.5494404E-16
 1.993 4.5997605E-16
 1.9935 4.7982214E-16
 1.994 4.825633E-16
 1.9945 4.9996787E-16
 1.995 4.781852E-16
 1.9955 4.8951024E-16
 1.996 4.624182E-16
 1.9965 5.0477213E-16
 1.997 5.157919E-16
 1.9975 5.272654E-16
 1.998 4.460945E-16
 1.9985 4.4422463E-16
 1.9990001 4.675345E-16
 1.9995002 4.8351843E-16
 2. 4.842183E-16
 2.0005002 5.0077954E-16
 2.0010002 5.4413757E-16
 2.0015001 5.174104E-16
 2.002 4.5668237E-16
 2.0025 4.844532E-16
 2.003 4.3215806E-16
 2.0035 4.4498717E-16
 2.0040002 4.6658646E-16
 2.0045002 5.384973E-16
 2.005 5.334618E-16
 2.0055 5.440404E-16
 2.006 4.69761E-16
 2.0065 4.215187E-16
 2.0070002 4.2280793E-16
 2.0075002 4.3588122E-16
 2.0080001 4.551008E-16
 2.0085 4.884217E-16
 2.009 4.428832E-16
 2.0095 4.142506E-16
 2.01 4.7708554E-16
 2.0105002 4.8525395E-16
 2.0110002 4.744754E-16
 2.0115001 4.4054255E-16
 2.012 4.450703E-16
 2.0125 4.5679513E-16
 2.013 4.595911E-16
 2.0135002 5.005019E-16
 2.0140002 4.4876997E-16
 2.0145001 4.5042454E-16
 2.015 4.895068E-16
 2.0155 5.038392E-16
 2.016 4.8526983E-16
 2.0165 4.7295964E-16
 2.0170002 4.3064775E-16
 2.0175002 4.5695707E-16
 2.0180001 4.5402565E-16
 2.0185 4.705605E-16
 2.019 4.980082E-16
 2.0195 4.88689E-16
 2.02 5.00996E-16
 2.0205002 4.450084E-16
 2.0210001 4.44473E-16
 2.0215 4.800624E-16
 2.022 5.15723E-16
 2.0225 4.864556E-16
 2.023 4.9739866E-16
 2.0235002 5.032388E-16
 2.0240002 4.7400377E-16
 2.0245001 5.2016013E-16
 2.025 5.0582436E-16
 2.0255 5.1060226E-16
 2.026 4.781074E-16
 2.0265 4.4310996E-16
 2.0270002 4.5669105E-16
 2.0275002 4.3796124E-16
 2.028 4.552867E-16
 2.0285 4.580956E-16
 2.029 4.8179356E-16
 2.0295 4.3284112E-16
 2.0300002 4.4414665E-16
 2.0305002 4.800114E-16
 2.0310001 4.8950225E-16
 2.0315 4.709682E-16
 2.032 5.039252E-16
 2.0325 5.1610183E-16
 2.033 5.052332E-16
 2.0335002 4.913808E-16
 2.0340002 5.082092E-16
 2.0345001 4.774758E-16
 2.035 4.6808004E-16
 2.0355 4.7939285E-16
 2.036 4.631886E-16
 2.0365002 4.4170137E-16
 2.0370002 4.8568245E-16
 2.0375001 5.1481445E-16
 2.038 4.996079E-16
 2.0385 4.917657E-16
 2.039 4.8316104E-16
 2.0395 4.793863E-16
 2.0400002 4.656369E-16
 2.0405002 4.5772824E-16
 2.0410001 4.7838054E-16
 2.0415 4.9655565E-16
 2.042 4.6885635E-16
 2.0425 4.923913E-16
 2.043 5.0614877E-16
 2.0435002 5.421285E-16
 2.0440001 5.1919684E-16
 2.0445 4.8277575E-16
 2.045 4.6747007E-16
 2.0455 4.624322E-16
 2.046 4.697173E-16
 2.0465002 4.908141E-16
 2.0470002 4.939696E-16
 2.0475001 4.9855687E-16
 2.048 4.959544E-16
 2.0485 5.109546E-16
 2.049 4.8304754E-16
 2.0495 4.7770647E-16
 2.0500002 4.689707E-16
 2.0505002 4.4168864E-16
 2.051 4.704142E-16
 2.0515 5.0279076E-16
 2.052 4.965807E-16
 2.0525 4.949115E-16
 2.0530002 4.8558096E-16
 2.0535002 5.1551447E-16
 2.0540001 4.9982355E-16
 2.0545 4.88266E-16
 2.055 4.2642426E-16
 2.0555 4.4600726E-16
 2.056 4.9570597E-16
 2.0565002 5.330103E-16
 2.0570002 4.6574075E-16
 2.0575001 5.09715E-16
 2.058 5.176515E-16
 2.0585 4.998948E-16
 2.059 5.304255E-16
 2.0595002 5.1881043E-16
 2.0600002 5.15473E-16
 2.0605001 5.1323013E-16
 2.061 4.9559194E-16
 2.0615 4.914421E-16
 2.062 4.920383E-16
 2.0625 5.250905E-16
 2.0630002 5.032948E-16
 2.0635002 5.040931E-16
 2.0640001 4.904758E-16
 2.0645 4.6347864E-16
 2.065 4.730154E-16
 2.0655 4.957164E-16
 2.066 4.935891E-16
 2.0665002 5.049065E-16
 2.0670002 4.843925E-16
 2.0675 5.3210557E-16
 2.068 4.673447E-16
 2.0685 4.968452E-16
 2.069 5.2144936E-16
 2.0695002 5.206932E-16
 2.0700002 4.908082E-16
 2.0705001 5.080254E-16
 2.071 5.278685E-16
 2.0715 5.247299E-16
 2.072 5.134695E-16
 2.0725 4.805727E-16
 2.0730002 5.167107E-16
 2.0735002 5.166571E-16
 2.0740001 4.84613E-16
 2.0745 4.8814996E-16
 2.075 5.1789193E-16
 2.0755 5.1074906E-16
 2.0760002 4.7027105E-16
 2.0765002 5.259937E-16
 2.0770001 4.996398E-16
 2.0775 4.8196566E-16
 2.078 4.960687E-16
 2.0785 5.0665837E-16
 2.079 5.2334296E-16
 2.0795002 5.0951853E-16
 2.0800002 5.136442E-16
 2.0805001 4.9702316E-16
 2.081 5.1725353E-16
 2.0815 5.1013777E-16
 2.082 5.021737E-16
 2.0825 5.196707E-16
 2.0830002 5.1738175E-16
 2.0835001 5.2222143E-16
 2.084 5.0528385E-16
 2.0845 5.2129134E-16
 2.085 5.191499E-16
 2.0855 5.2329944E-16
 2.0860002 5.1457363E-16
 2.0865002 5.2747786E-16
 2.0870001 5.2095173E-16
 2.0875 4.91227E-16
 2.088 5.1593666E-16
 2.0885 5.1625313E-16
 2.089 5.1269406E-16
 2.0895002 5.215408E-16
 2.0900002 5.282897E-16
 2.0905 4.9737605E-16
 2.091 5.5220587E-16
 2.0915 5.507721E-16
 2.092 5.433491E-16
 2.0925002 5.213881E-16
 2.0930002 5.367152E-16
 2.0935001 5.5088E-16
 2.094 5.298215E-16
 2.0945 5.208225E-16
 2.095 5.185533E-16
 2.0955 5.1400903E-16
 2.0960002 5.193472E-16
 2.0965002 5.1574317E-16
 2.0970001 5.1966006E-16
 2.0975 5.213666E-16
 2.098 5.249891E-16
 2.0985 5.151254E-16
 2.0990002 5.3890777E-16
 2.0995002 5.4391225E-16
 2.1000001 5.252638E-16
 2.1005 5.2790026E-16
 2.101 5.290489E-16
 2.1015 5.5134375E-16
 2.102 5.5265903E-16
 2.1025002 5.3578587E-16
 2.1030002 5.247625E-16
 2.1035001 5.2980646E-16
 2.104 5.3018376E-16
 2.1045 5.36083E-16
 2.105 5.4923676E-16
 2.1055 5.29912E-16
 2.1060002 5.231223E-16
 2.1065001 5.326677E-16
 2.107 5.450861E-16
 2.1075 5.6027026E-16
 2.108 5.2738066E-16
 2.1085 5.194181E-16
 2.1090002 5.095212E-16
 2.1095002 5.1215545E-16
 2.1100001 5.2596447E-16
 2.1105 5.384214E-16
 2.111 5.583014E-16
 2.1115 5.603624E-16
 2.112 5.3268086E-16
 2.1125002 5.065837E-16
 2.1130002 5.2770846E-16
 2.1135 5.463836E-16
 2.114 5.5716774E-16
 2.1145 5.5706996E-16
 2.115 5.712676E-16
 2.1155002 5.437022E-16
 2.1160002 5.3557284E-16
 2.1165001 5.6716897E-16
 2.117 5.535807E-16
 2.1175 5.5565817E-16
 2.118 5.392071E-16
 2.1185 5.15766E-16
 2.1190002 5.452881E-16
 2.1195002 5.498127E-16
 2.1200001 5.4222724E-16
 2.1205 5.60839E-16
 2.121 5.463317E-16
 2.1215 5.3104286E-16
 2.1220002 5.48327E-16
 2.1225002 5.497166E-16
 2.1230001 5.617749E-16
 2.1235 5.584085E-16
 2.124 5.671629E-16
 2.1245 5.5953906E-16
 2.125 5.7828003E-16
 2.1255002 5.717886E-16
 2.1260002 5.696738E-16
 2.1265001 5.607238E-16
 2.127 5.599667E-16
 2.1275 5.5006267E-16
 2.128 5.7119153E-16
 2.1285 5.3108166E-16
 2.1290002 5.5338314E-16
 2.1295002 5.4611364E-16
 2.13 5.5661875E-16
 2.1305 5.482355E-16
 2.131 5.246573E-16
 2.1315 5.4663314E-16
 2.1320002 5.6250394E-16
 2.1325002 5.726812E-16
 2.1330001 5.453131E-16
 2.1335 5.54443E-16
 2.134 5.5791053E-16
 2.1345 5.605135E-16
 2.135 5.469828E-16
 2.1355002 5.590716E-16
 2.1360002 5.732074E-16
 2.1365001 5.7174237E-16
 2.137 5.8013117E-16
 2.1375 5.7225133E-16
 2.138 5.51211E-16
 2.1385002 5.518356E-16
 2.1390002 5.588698E-16
 2.1395001 5.430786E-16
 2.14 5.606858E-16
 2.1405 5.643898E-16
 2.141 5.413811E-16
 2.1415 5.384505E-16
 2.1420002 5.587261E-16
 2.1425002 5.562157E-16
 2.1430001 5.4971014E-16
 2.1435 5.5731756E-16
 2.144 5.566641E-16
 2.1445 5.645963E-16
 2.145 5.9790494E-16
 2.1455002 5.950099E-16
 2.1460001 5.96664E-16
 2.1465 5.81468E-16
 2.147 5.8040063E-16
 2.1475 5.9387815E-16
 2.148 5.921706E-16
 2.1485002 5.586671E-16
 2.1490002 5.5312035E-16
 2.1495001 5.765689E-16
 2.15 5.588449E-16
 2.1505 5.6609917E-16
 2.151 5.6134155E-16
 2.1515 5.60998E-16
 2.1520002 5.708613E-16
 2.1525002 5.590835E-16
 2.153 5.555269E-16
 2.1535 5.527807E-16
 2.154 5.6634624E-16
 2.1545 5.945888E-16
 2.1550002 5.7360087E-16
 2.1555002 5.8699034E-16
 2.1560001 5.846471E-16
 2.1565 5.699062E-16
 2.157 5.6032463E-16
 2.1575 5.7204074E-16
 2.158 5.9560615E-16
 2.1585002 5.9137045E-16
 2.1590002 5.9183854E-16
 2.1595001 5.932497E-16
 2.16 5.933851E-16
 2.1605 5.842307E-16
 2.161 5.5808677E-16
 2.1615002 5.8980333E-16
 2.1620002 5.8509246E-16
 2.1625001 5.621725E-16
 2.163 5.505108E-16
 2.1635 5.498162E-16
 2.164 5.46332E-16
 2.1645 5.6680893E-16
 2.1650002 5.5995183E-16
 2.1655002 5.649563E-16
 2.1660001 5.7901605E-16
 2.1665 5.8853697E-16
 2.167 6.07358E-16
 2.1675 5.799621E-16
 2.168 5.781459E-16
 2.1685002 5.965012E-16
 2.1690001 6.010134E-16
 2.1695 5.9624407E-16
 2.17 5.9205263E-16
 2.1705 6.0007964E-16
 2.171 5.842812E-16
 2.1715002 5.795413E-16
 2.1720002 5.837677E-16
 2.1725001 5.874211E-16
 2.173 5.971521E-16
 2.1735 5.8886927E-16
 2.174 5.7495966E-16
 2.1745 5.8669457E-16
 2.1750002 5.6832337E-16
 2.1755002 5.910969E-16
 2.176 6.123304E-16
 2.1765 5.79309E-16
 2.177 5.653456E-16
 2.1775 5.8237486E-16
 2.1780002 5.7296046E-16
 2.1785002 5.603041E-16
 2.1790001 5.676607E-16
 2.1795 5.5703407E-16
 2.18 5.866848E-16
 2.1805 5.983057E-16
 2.181 5.486508E-16
 2.1815002 5.86536E-16
 2.1820002 5.9620214E-16
 2.1825001 5.869308E-16
 2.183 5.811258E-16
 2.1835 5.754385E-16
 2.184 5.710399E-16
 2.1845002 5.7622836E-16
 2.1850002 5.8309436E-16
 2.1855001 5.7030935E-16
 2.186 5.7369637E-16
 2.1865 5.5948194E-16
 2.187 5.553305E-16
 2.1875 5.619534E-16
 2.1880002 5.637979E-16
 2.1885002 5.740407E-16
 2.1890001 5.8255877E-16
 2.1895 6.021114E-16
 2.19 5.9058313E-16
 2.1905 5.6100554E-16
 2.191 5.7101E-16
 2.1915002 5.802221E-16
 2.1920002 5.852144E-16
 2.1925 5.676768E-16
 2.193 5.6820553E-16
 2.1935 5.431827E-16
 2.194 5.368151E-16
 2.1945002 5.652081E-16
 2.1950002 5.5951444E-16
 2.1955001 5.870612E-16
 2.196 6.029792E-16
 2.1965 5.661931E-16
 2.197 5.7376244E-16
 2.1975 5.8920205E-16
 2.1980002 5.9136256E-16
 2.1985002 5.84349E-16
 2.1990001 5.852056E-16
 2.1995 5.772263E-16
 2.2 5.761185E-16
 2.2005 5.83441E-16
 2.2010002 5.7483113E-16
 2.2015002 5.7400903E-16
 2.2020001 5.752915E-16
 2.2025 5.860267E-16
 2.203 5.9155886E-16
 2.2035 5.784973E-16
 2.204 5.5857244E-16
 2.2045002 5.673541E-16
 2.2050002 5.5880267E-16
 2.2055001 5.6267176E-16
 2.206 5.4427727E-16
 2.2065 5.7058453E-16
 2.207 5.542842E-16
 2.2075 5.5066734E-16
 2.2080002 5.688576E-16
 2.2085001 5.7922823E-16
 2.209 5.687221E-16
 2.2095 5.505417E-16
 2.21 5.678637E-16
 2.2105 5.7717487E-16
 2.2110002 5.9370175E-16
 2.2115002 5.8914953E-16
 2.2120001 5.7719716E-16
 2.2125 5.790038E-16
 2.213 5.9574744E-16
 2.2135 5.6283857E-16
 2.214 5.8332364E-16
 2.2145002 5.805137E-16
 2.2150002 5.740639E-16
 2.2155 5.654562E-16
 2.216 5.957454E-16
 2.2165 5.8168516E-16
 2.217 5.801311E-16
 2.2175002 5.6547925E-16
 2.2180002 5.5272727E-16
 2.2185001 5.828636E-16
 2.219 6.047233E-16
 2.2195 5.678034E-16
 2.22 5.7657204E-16
 2.2205 5.5838937E-16
 2.2210002 5.641842E-16
 2.2215002 5.6869427E-16
 2.2220001 5.650311E-16
 2.2225 5.8398517E-16
 2.223 5.8001984E-16
 2.2235 5.9516304E-16
 2.2240002 5.7541606E-16
 2.2245002 5.7095023E-16
 2.2250001 5.928929E-16
 2.2255 6.0464605E-16
 2.226 6.0323876E-16
 2.2265 5.886911E-16
 2.227 5.794241E-16
 2.2275002 5.773037E-16
 2.2280002 5.685319E-16
 2.2285001 5.6444523E-16
 2.229 5.6050595E-16
 2.2295 5.7124013E-16
 2.23 5.7171177E-16
 2.2305 5.760107E-16
 2.2310002 5.859464E-16
 2.2315001 6.0305146E-16
 2.232 5.881626E-16
 2.2325 5.8570036E-16
 2.233 5.959042E-16
 2.2335 5.648675E-16
 2.2340002 5.745399E-16
 2.2345002 5.823683E-16
 2.2350001 5.613688E-16
 2.2355 5.6526045E-16
 2.236 5.577554E-16
 2.2365 5.41198E-16
 2.237 5.407372E-16
 2.2375002 5.805104E-16
 2.2380002 5.8437036E-16
 2.2385 5.7769807E-16
 2.239 5.7486067E-16
 2.2395 5.5894465E-16
 2.24 5.6766793E-16
 2.2405002 5.830867E-16
 2.2410002 5.8663337E-16
 2.2415001 5.9266895E-16
 2.242 5.8933503E-16
 2.2425 5.8119526E-16
 2.243 5.8972795E-16
 2.2435 5.6586147E-16
 2.2440002 5.6933875E-16
 2.2445002 5.64303E-16
 2.2450001 5.6371964E-16
 2.2455 5.6677966E-16
 2.246 5.9574474E-16
 2.2465 6.1011656E-16
 2.2470002 5.908937E-16
 2.2475002 5.7109783E-16
 2.2480001 5.736343E-16
 2.2485 5.662709E-16
 2.249 5.831472E-16
 2.2495 5.8411344E-16
 2.25 5.745945E-16
 2.2505002 5.5680775E-16
 2.2510002 5.366603E-16
 2.2515001 5.848825E-16
 2.252 6.057448E-16
 2.2525 5.697771E-16
 2.253 5.7661614E-16
 2.2535 5.82166E-16
 2.2540002 5.760267E-16
 2.2545002 5.771125E-16
 2.255 5.680627E-16
 2.2555 5.6386406E-16
 2.256 5.816673E-16
 2.2565 5.7359626E-16
 2.2570002 5.8069487E-16
 2.2575002 5.749936E-16
 2.2580001 5.666088E-16
 2.2585 5.539823E-16
 2.259 5.520573E-16
 2.2595 5.8295634E-16
 2.26 5.795372E-16
 2.2605002 5.749868E-16
 2.2610002 5.824664E-16
 2.2615001 5.812565E-16
 2.262 5.7240554E-16
 2.2625 5.442564E-16
 2.263 5.641111E-16
 2.2635002 5.7597547E-16
 2.2640002 5.6353885E-16
 2.2645001 5.5288334E-16
 2.265 5.471413E-16
 2.2655 5.6526204E-16
 2.266 5.664316E-16
 2.2665 5.65999E-16
 2.2670002 5.5227443E-16
 2.2675002 5.5780047E-16
 2.2680001 5.704804E-16
 2.2685 5.6657864E-16
 2.269 5.660803E-16
 2.2695 5.610853E-16
 2.27 5.5434013E-16
 2.2705002 5.631752E-16
 2.2710001 5.7995827E-16
 2.2715 5.8033727E-16
 2.272 5.6452507E-16
 2.2725 5.485903E-16
 2.273 5.5684465E-16
 2.2735002 5.766869E-16
 2.2740002 5.591715E-16
 2.2745001 5.4572464E-16
 2.275 5.403276E-16
 2.2755 5.6424173E-16
 2.276 6.074296E-16
 2.2765 5.6951525E-16
 2.2770002 5.4770405E-16
 2.2775002 5.781317E-16
 2.278 5.919501E-16
 2.2785 5.7544316E-16
 2.279 5.597062E-16
 2.2795 5.407955E-16
 2.2800002 5.448349E-16
 2.2805002 5.6448886E-16
 2.2810001 5.2549887E-16
 2.2815 5.121633E-16
 2.282 5.695691E-16
 2.2825 5.5740856E-16
 2.283 5.6579837E-16
 2.2835002 5.7498624E-16
 2.2840002 5.471876E-16
 2.2845001 5.500928E-16
 2.285 5.465156E-16
 2.2855 5.686142E-16
 2.286 5.8396463E-16
 2.2865002 5.642047E-16
 2.2870002 5.8051647E-16
 2.2875001 5.601393E-16
 2.288 5.753835E-16
 2.2885 5.608364E-16
 2.289 5.7214513E-16
 2.2895 5.587416E-16
 2.2900002 5.7373713E-16
 2.2905002 5.7992566E-16
 2.2910001 6.0026345E-16
 2.2915 5.8520903E-16
 2.292 5.6755633E-16
 2.2925 5.424482E-16
 2.293 5.503073E-16
 2.2935002 5.5965103E-16
 2.2940001 4.946729E-16
 2.2945 4.1851578E-16
 2.295 4.425975E-16
 2.2955 4.6539055E-16
 2.296 4.608722E-16
 2.2965002 4.6149267E-16
 2.2970002 4.7359206E-16
 2.2975001 4.876671E-16
 2.298 4.956421E-16
 2.2985 5.0173446E-16
 2.299 4.970457E-16
 2.2995 4.996108E-16
 2.3000002 5.1275484E-16
 2.3005002 5.257147E-16
 2.301 5.029551E-16
 2.3015 5.074087E-16
 2.302 4.9453563E-16
 2.3025 5.0134154E-16
 2.3030002 5.432027E-16
 2.3035002 5.2515434E-16
 2.3040001 5.2052054E-16
 2.3045 5.1740637E-16
 2.305 5.4388166E-16
 2.3055 5.1611703E-16
 2.306 5.128468E-16
 2.3065002 4.898607E-16
 2.3070002 5.1426504E-16
 2.3075001 4.949594E-16
 2.308 5.0705113E-16
 2.3085 5.175293E-16
 2.309 5.486144E-16
 2.3095002 5.1289206E-16
 2.3100002 5.0807964E-16
 2.3105001 4.987185E-16
 2.311 5.1600035E-16
 2.3115 4.902557E-16
 2.312 4.824588E-16
 2.3125 5.037141E-16
 2.3130002 4.9369543E-16
 2.3135002 5.22108E-16
 2.3140001 5.1155464E-16
 2.3145 5.050911E-16
 2.315 4.8871027E-16
 2.3155 4.785778E-16
 2.316 5.1471725E-16
 2.3165002 5.188661E-16
 2.3170002 4.882802E-16
 2.3175 5.0843306E-16
 2.318 5.102021E-16
 2.3185 4.957596E-16
 2.319 5.4760585E-16
 2.3195002 5.1151155E-16
 2.3200002 5.1161965E-16
 2.3205001 5.2118075E-16
 2.321 4.8755883E-16
 2.3215 4.95701E-16
 2.322 5.217656E-16
 2.3225 4.672954E-16
 2.3230002 4.5862477E-16
 2.3235002 4.3900055E-16
 2.3240001 3.9893243E-16
 2.3245 4.5303753E-16
 2.325 4.639733E-16
 2.3255 4.6344333E-16
 2.3260002 4.540487E-16
 2.3265002 4.3058658E-16
 2.3270001 4.653606E-16
 2.3275 4.766581E-16
 2.328 4.980455E-16
 2.3285 4.674273E-16
 2.329 4.4959704E-16
 2.3295002 4.590554E-16
 2.3300002 4.7413056E-16
 2.3305001 4.7983797E-16
 2.331 4.5095494E-16
 2.3315 4.3447242E-16
 2.332 4.753291E-16
 2.3325 4.6492844E-16
 2.3330002 4.9684666E-16
 2.3335001 4.903104E-16
 2.334 4.839052E-16
 2.3345 4.8020733E-16
 2.335 4.76154E-16
 2.3355 4.5681763E-16
 2.3360002 4.5759414E-16
 2.3365002 4.7185866E-16
 2.3370001 4.8495553E-16
 2.3375 4.750875E-16
 2.338 4.9017077E-16
 2.3385 4.7484053E-16
 2.339 4.6011566E-16
 2.3395002 4.595433E-16
 2.3400002 4.662988E-16
 2.3405 4.4028833E-16
 2.341 4.456469E-16
 2.3415 4.6243044E-16
 2.342 4.4694636E-16
 2.3425002 4.3772524E-16
 2.3430002 4.918125E-16
 2.3435001 4.8158423E-16
 2.344 4.97062E-16
 2.3445 4.7146113E-16
 2.345 4.363336E-16
 2.3455 4.3567786E-16
 2.3460002 4.5175973E-16
 2.3465002 5.0103534E-16
 2.3470001 4.8244884E-16
 2.3475 4.899009E-16
 2.348 4.705299E-16
 2.3485 4.7708273E-16
 2.3490002 4.941398E-16
 2.3495002 5.0562504E-16
 2.3500001 4.83657E-16
 2.3505 4.6828354E-16
 2.351 4.801667E-16
 2.3515 4.3512959E-16
 2.352 4.4005278E-16
 2.3525002 4.499825E-16
 2.3530002 4.0363685E-16
 2.3535001 4.0297235E-16
 2.354 4.5301037E-16
 2.3545 4.3722803E-16
 2.355 4.3659824E-16
 2.3555 4.4534594E-16
 2.3560002 4.61199E-16
 2.3565001 4.471279E-16
 2.357 4.481931E-16
 2.3575 4.582204E-16
 2.358 4.5522065E-16
 2.3585 4.555204E-16
 2.3590002 4.641024E-16
 2.3595002 4.552878E-16
 2.3600001 4.4710084E-16
 2.3605 4.5651227E-16
 2.361 4.3463598E-16
 2.3615 4.6150405E-16
 2.362 4.2270094E-16
 2.3625002 4.257979E-16
 2.3630002 4.528666E-16
 2.3635 4.657232E-16
 2.364 4.5357635E-16
 2.3645 4.3291102E-16
 2.365 4.5489814E-16
 2.3655002 4.5482895E-16
 2.3660002 4.541845E-16
 2.3665001 4.7718115E-16
 2.367 4.6751285E-16
 2.3675 4.3827777E-16
 2.368 4.187951E-16
 2.3685 4.1676456E-16
 2.3690002 4.4155137E-16
 2.3695002 4.429809E-16
 2.3700001 4.6940946E-16
 2.3705 4.62524E-16
 2.371 4.5607324E-16
 2.3715 4.438718E-16
 2.3720002 4.819626E-16
 2.3725002 4.7078933E-16
 2.3730001 4.84157E-16
 2.3735 4.5238833E-16
 2.374 4.418776E-16
 2.3745 4.621695E-16
 2.375 4.677372E-16
 2.3755002 4.6167483E-16
 2.3760002 4.367931E-16
 2.3765001 4.4613236E-16
 2.377 4.4482163E-16
 2.3775 4.4099942E-16
 2.378 4.593408E-16
 2.3785 4.780369E-16
 2.3790002 4.444264E-16
 2.3795002 4.462976E-16
 2.38 4.3713848E-16
 2.3805 4.680615E-16
 2.381 4.762817E-16
 2.3815 4.3316103E-16
 2.3820002 4.2804275E-16
 2.3825002 4.542805E-16
 2.3830001 4.376983E-16
 2.3835 4.1326894E-16
 2.384 4.052914E-16
 2.3845 3.7613522E-16
 2.385 4.1759206E-16
 2.3855002 4.5454244E-16
 2.3860002 4.635292E-16
 2.3865001 4.1411038E-16
 2.387 4.200373E-16
 2.3875 4.1697375E-16
 2.388 4.1575183E-16
 2.3885002 3.904521E-16
 2.3890002 4.0150026E-16
 2.3895001 4.4301795E-16
 2.39 4.3680737E-16
 2.3905 4.546598E-16
 2.391 4.544515E-16
 2.3915 4.4105021E-16
 2.3920002 4.1392785E-16
 2.3925002 4.0987522E-16
 2.3930001 4.2205913E-16
 2.3935 4.2618968E-16
 2.394 4.5541473E-16
 2.3945 4.7252066E-16
 2.395 4.4732345E-16
 2.3955002 4.2787737E-16
 2.3960001 4.2616242E-16
 2.3965 4.623619E-16
 2.397 4.3987882E-16
 2.3975 4.0322135E-16
 2.398 4.2795344E-16
 2.3985002 4.0722395E-16
 2.3990002 4.1865937E-16
 2.3995001 4.382709E-16
 2.4 4.481617E-16
 2.4005 4.8770516E-16
 2.401 4.4083962E-16
 2.4015 4.3615905E-16
 2.4020002 4.244136E-16
 2.4025002 3.968258E-16
 2.403 4.0077224E-16
 2.4035 4.2027157E-16
 2.404 4.498611E-16
 2.4045 4.268919E-16
 2.4050002 4.1078835E-16
 2.4055002 4.3677982E-16
 2.4060001 4.1159321E-16
 2.4065 4.0224144E-16
 2.407 4.3847857E-16
 2.4075 3.8317311E-16
 2.408 3.7399554E-16
 2.4085002 4.131865E-16
 2.4090002 4.0151564E-16
 2.4095001 3.915514E-16
 2.41 3.8835942E-16
 2.4105 3.9192884E-16
 2.411 3.9131067E-16
 2.4115002 4.1334152E-16
 2.4120002 4.2320657E-16
 2.4125001 3.989614E-16
 2.413 4.1362803E-16
 2.4135 4.1077024E-16
 2.414 4.0651184E-16
 2.4145 3.9880172E-16
 2.4150002 3.9964131E-16
 2.4155002 4.038633E-16
 2.4160001 4.1937064E-16
 2.4165 3.5689484E-16
 2.417 3.4279333E-16
 2.4175 3.8421965E-16
 2.418 4.088424E-16
 2.4185002 4.3098394E-16
 2.4190001 3.9338915E-16
 2.4195 3.939813E-16
 2.42 3.6527338E-16
 2.4205 3.448135E-16
 2.421 3.916256E-16
 2.4215002 4.181048E-16
 2.4220002 4.1206202E-16
 2.4225001 3.406774E-16
 2.423 3.831691E-16
 2.4235 3.7920792E-16
 2.424 4.0003778E-16
 2.4245 3.3683427E-16
 2.4250002 4.2372783E-16
 2.4255002 4.0473174E-16
 2.426 4.109744E-16
 2.4265 3.5998726E-16
 2.427 3.5315927E-16
 2.4275 3.8481459E-16
 2.4280002 3.825902E-16
 2.4285002 3.7689705E-16
 2.4290001 3.5499887E-16
 2.4295 3.9601413E-16
 2.43 4.1561493E-16
 2.4305 4.079942E-16
 2.431 3.8573028E-16
 2.4315002 3.8536124E-16
 2.4320002 3.479295E-16
 2.4325001 3.802418E-16
 2.433 3.9512096E-16
 2.4335 3.8828596E-16
 2.434 4.109887E-16
 2.4345002 3.4639738E-16
 2.4350002 3.4031537E-16
 2.4355001 3.2595866E-16
 2.436 3.4957227E-16
 2.4365 4.064259E-16
 2.437 3.7720354E-16
 2.4375 3.0431054E-16
 2.4380002 3.6888907E-16
 2.4385002 3.8085317E-16
 2.4390001 4.0204125E-16
 2.4395 3.970283E-16
 2.44 4.0265032E-16
 2.4405 4.0759667E-16
 2.441 3.8680096E-16
 2.4415002 3.8094886E-16
 2.4420002 3.6669488E-16
 2.4425 3.7780515E-16
 2.443 3.698057E-16
 2.4435 3.7250328E-16
 2.444 3.6170475E-16
 2.4445002 3.5968976E-16
 2.4450002 3.4266676E-16
 2.4455001 3.4979697E-16
 2.446 3.4933603E-16
 2.4465 4.0819884E-16
 2.447 2.7664543E-16
 2.4475 3.3448362E-16
 2.4480002 3.3681235E-16
 2.4485002 3.1781968E-16
 2.4490001 3.6782427E-16
 2.4495 3.8708196E-16
 2.45 3.8908368E-16
 2.4505 3.6273882E-16
 2.4510002 3.7849815E-16
 2.4515002 3.447859E-16
 2.4520001 3.4522744E-16
 2.4525 3.1117836E-16
 2.453 3.331577E-16
 2.4535 3.5628186E-16
 2.454 3.5535346E-16
 2.4545002 3.2285336E-16
 2.4550002 3.004328E-16
 2.4555001 2.8556607E-16
 2.456 3.52787E-16
 2.4565 3.8036253E-16
 2.457 3.8791944E-16
 2.4575 3.7223316E-16
 2.4580002 0.
 2.4585001 0.
 2.459 0.
 2.4595 0.
 2.46 0.
 2.4605 0.
 2.4610002 0.
 2.4615002 0.
 2.4620001 0.
 2.4625 0.
 2.463 0.
 2.4635 0.
 2.464 0.
 2.4645002 0.
 2.4650002 0.
 2.4655 0.
 2.466 0.
 2.4665 0.
 2.467 0.
 2.4675002 0.
 2.4680002 0.
 2.4685001 0.
 2.469 0.
 2.4695 0.
 2.47 0.
 2.4705 0.
 2.4710002 0.
 2.4715002 0.
 2.4720001 0.
 2.4725 0.
 2.473 0.
 2.4735 0.
 2.4740002 0.
 2.4745002 0.
 2.4750001 0.
 2.4755 0.
 2.476 0.
 2.4765 0.
 2.477 0.
 2.4775002 0.
 2.4780002 0.
 2.4785001 0.
 2.479 0.
 2.4795 0.
 2.48 0.
 2.4805 0.
 2.4810002 0.
 2.4815001 0.
 2.482 0.
 2.4825 0.
 2.483 0.
 2.4835 0.
 2.4840002 0.
 2.4845002 0.
 2.4850001 0.
 2.4855 0.
 2.486 0.
 2.4865 0.
 2.487 0.
 2.4875002 0.
 2.4880002 0.
 2.4885 0.
 2.489 0.
 2.4895 0.
 2.49 0.
 2.4905002 0.
 2.4910002 0.
 2.4915001 0.
 2.492 0.
 2.4925 0.
 2.493 0.
