 1.088035 0.
 1.08818 0.
 1.088325 0.
 1.08847 0.
 1.088615 0.
 1.08876 0.
 1.088905 0.
 1.08905 0.
 1.089195 0.
 1.08934 0.
 1.089485 0.
 1.08963 0.
 1.089775 0.
 1.08992 0.
 1.090065 0.
 1.09021 0.
 1.090355 0.
 1.0905 0.
 1.090645 0.
 1.09079 0.
 1.090935 0.
 1.09108 0.
 1.091225 0.
 1.09137 0.
 1.091515 0.
 1.09166 0.
 1.091805 0.
 1.09195 0.
 1.092095 0.
 1.09224 0.
 1.092385 0.
 1.09253 0.
 1.092675 0.
 1.09282 0.
 1.092965 0.
 1.09311 0.
 1.093255 0.
 1.0934 0.
 1.093545 0.
 1.09369 0.
 1.093835 0.
 1.09398 0.
 1.094125 0.
 1.09427 0.
 1.094415 0.
 1.09456 0.
 1.094705 0.
 1.09485 0.
 1.094995 0.
 1.09514 0.
 1.095285 0.
 1.09543 0.
 1.095575 0.
 1.09572 0.
 1.095865 0.
 1.09601 0.
 1.096155 0.
 1.0963 0.
 1.096445 0.
 1.09659 0.
 1.096735 0.
 1.09688 0.
 1.097025 0.
 1.09717 0.
 1.097315 0.
 1.09746 0.
 1.097605 0.
 1.09775 0.
 1.097895 0.
 1.09804 0.
 1.098185 0.
 1.09833 0.
 1.098475 0.
 1.09862 0.
 1.098765 0.
 1.09891 0.
 1.099055 0.
 1.0992 0.
 1.099345 0.
 1.09949 0.
 1.099635 0.
 1.09978 0.
 1.099925 3.6435857E-14
 1.10007 3.4526635E-14
 1.100215 3.338481E-14
 1.10036 3.1671683E-14
 1.100505 3.5255442E-14
 1.10065 3.3599127E-14
 1.100795 3.29614E-14
 1.10094 3.314392E-14
 1.101085 3.1930215E-14
 1.10123 3.2094278E-14
 1.101375 3.548893E-14
 1.10152 3.607573E-14
 1.101665 3.401571E-14
 1.10181 3.2097145E-14
 1.101955 3.5897653E-14
 1.1021 3.2467396E-14
 1.102245 3.505189E-14
 1.10239 3.3594526E-14
 1.102535 3.4161215E-14
 1.10268 3.441851E-14
 1.102825 3.0630565E-14
 1.10297 3.283853E-14
 1.103115 3.2113035E-14
 1.10326 3.2774283E-14
 1.103405 3.146874E-14
 1.10355 3.1337634E-14
 1.103695 2.7295542E-14
 1.10384 2.7462667E-14
 1.103985 2.9312836E-14
 1.10413 2.8435543E-14
 1.104275 3.1876903E-14
 1.10442 3.133012E-14
 1.104565 3.3020512E-14
 1.10471 3.0261994E-14
 1.104855 3.2422805E-14
 1.105 2.8909448E-14
 1.105145 2.8247942E-14
 1.10529 2.768563E-14
 1.105435 2.7902368E-14
 1.10558 2.659366E-14
 1.105725 2.917809E-14
 1.10587 3.0151625E-14
 1.106015 3.0937638E-14
 1.10616 3.040223E-14
 1.106305 2.8336918E-14
 1.10645 3.1009432E-14
 1.106595 3.2266805E-14
 1.10674 2.8359907E-14
 1.106885 3.0706354E-14
 1.10703 2.979904E-14
 1.107175 2.9333185E-14
 1.10732 3.0968368E-14
 1.107465 3.0689427E-14
 1.10761 3.1081572E-14
 1.107755 2.9687722E-14
 1.1079 2.9906782E-14
 1.108045 2.8586135E-14
 1.10819 3.003434E-14
 1.108335 2.936456E-14
 1.10848 3.184025E-14
 1.108625 3.2837404E-14
 1.10877 3.313059E-14
 1.108915 3.4808385E-14
 1.10906 3.2074647E-14
 1.109205 3.112467E-14
 1.10935 3.094139E-14
 1.109495 3.2457743E-14
 1.10964 3.001177E-14
 1.109785 3.1565736E-14
 1.10993 3.2855188E-14
 1.110075 3.574142E-14
 1.11022 2.92377E-14
 1.110365 3.1081244E-14
 1.11051 3.0701017E-14
 1.110655 2.9111286E-14
 1.1108 2.7641807E-14
 1.110945 2.944458E-14
 1.11109 3.0990743E-14
 1.111235 2.950249E-14
 1.11138 2.9409323E-14
 1.111525 3.0921754E-14
 1.11167 3.0733235E-14
 1.111815 3.007284E-14
 1.11196 2.9560508E-14
 1.112105 3.1024984E-14
 1.11225 3.0479623E-14
 1.112395 2.9172492E-14
 1.11254 3.0488026E-14
 1.112685 3.327316E-14
 1.11283 3.0737386E-14
 1.112975 3.1308018E-14
 1.11312 3.163311E-14
 1.113265 3.2713364E-14
 1.11341 3.2315483E-14
 1.113555 3.3949467E-14
 1.1137 3.1447785E-14
 1.113845 2.9684314E-14
 1.11399 3.1063385E-14
 1.114135 3.0063978E-14
 1.11428 3.0908717E-14
 1.114425 3.1284098E-14
 1.11457 3.52501E-14
 1.114715 3.3443033E-14
 1.11486 3.1617453E-14
 1.115005 3.1104012E-14
 1.11515 3.1048884E-14
 1.115295 2.9089093E-14
 1.11544 3.0395825E-14
 1.115585 3.1242536E-14
 1.11573 3.2114404E-14
 1.115875 2.999199E-14
 1.11602 2.9883258E-14
 1.116165 3.1162247E-14
 1.11631 2.918662E-14
 1.116455 2.8347467E-14
 1.1166 3.0556178E-14
 1.116745 3.0041826E-14
 1.11689 3.3201232E-14
 1.117035 3.2826657E-14
 1.11718 3.1575786E-14
 1.117325 2.7963444E-14
 1.11747 2.8044031E-14
 1.117615 3.0027792E-14
 1.11776 3.1933017E-14
 1.117905 3.1140096E-14
 1.11805 3.147669E-14
 1.118195 2.9749247E-14
 1.11834 2.9575253E-14
 1.118485 2.9305226E-14
 1.11863 3.111278E-14
 1.118775 3.2701333E-14
 1.11892 3.360432E-14
 1.119065 3.0672493E-14
 1.11921 2.937343E-14
 1.119355 2.9870542E-14
 1.1195 3.0836295E-14
 1.119645 3.0244714E-14
 1.11979 3.0224504E-14
 1.119935 3.0060495E-14
 1.12008 2.7823513E-14
 1.120225 2.8765344E-14
 1.12037 3.4824794E-14
 1.120515 3.1572567E-14
 1.12066 3.048907E-14
 1.120805 3.274501E-14
 1.12095 3.4045276E-14
 1.121095 3.1359274E-14
 1.12124 3.0660387E-14
 1.121385 3.4000953E-14
 1.12153 3.4815927E-14
 1.121675 3.2832176E-14
 1.12182 3.0883763E-14
 1.121965 3.01198E-14
 1.12211 3.089573E-14
 1.122255 3.158789E-14
 1.1224 2.9190822E-14
 1.122545 2.7764602E-14
 1.12269 2.957857E-14
 1.122835 3.291377E-14
 1.12298 3.2264522E-14
 1.123125 3.3413122E-14
 1.12327 3.2946973E-14
 1.123415 3.007474E-14
 1.12356 2.9020125E-14
 1.123705 2.9555697E-14
 1.12385 3.0829475E-14
 1.123995 3.2009016E-14
 1.12414 3.5259417E-14
 1.124285 3.3944398E-14
 1.12443 3.4093452E-14
 1.124575 3.401789E-14
 1.12472 3.4832634E-14
 1.124865 3.4687968E-14
 1.12501 3.3165226E-14
 1.125155 3.1508748E-14
 1.1253 2.8640762E-14
 1.125445 2.6095022E-14
 1.12559 2.6513978E-14
 1.125735 3.0008012E-14
 1.12588 3.263769E-14
 1.126025 3.1767357E-14
 1.12617 3.11835E-14
 1.126315 3.1921033E-14
 1.12646 2.9565363E-14
 1.126605 3.2390083E-14
 1.12675 3.382178E-14
 1.126895 3.191156E-14
 1.12704 3.2987034E-14
 1.127185 3.210838E-14
 1.12733 3.0571618E-14
 1.127475 3.127454E-14
 1.12762 3.321361E-14
 1.127765 3.1357082E-14
 1.12791 3.083373E-14
 1.128055 3.419734E-14
 1.1282 3.1118994E-14
 1.128345 3.0316488E-14
 1.12849 2.9592353E-14
 1.128635 2.7520605E-14
 1.12878 2.952879E-14
 1.128925 3.15903E-14
 1.12907 3.1852674E-14
 1.129215 3.3952594E-14
 1.12936 3.2422707E-14
 1.129505 2.97007E-14
 1.12965 3.1337437E-14
 1.129795 3.190358E-14
 1.12994 3.1914474E-14
 1.130085 3.4070508E-14
 1.13023 3.4879343E-14
 1.130375 3.0815723E-14
 1.13052 2.8152246E-14
 1.130665 2.981639E-14
 1.13081 3.188536E-14
 1.130955 3.0692476E-14
 1.1311 3.1338918E-14
 1.131245 3.1300002E-14
 1.13139 3.1862635E-14
 1.131535 2.9531756E-14
 1.13168 2.865486E-14
 1.131825 3.0680845E-14
 1.13197 3.1207608E-14
 1.132115 3.13314E-14
 1.13226 3.0091672E-14
 1.132405 3.2309103E-14
 1.13255 3.2682366E-14
 1.132695 3.337781E-14
 1.13284 3.112025E-14
 1.132985 3.2673964E-14
 1.13313 3.199431E-14
 1.133275 3.280906E-14
 1.13342 2.5944606E-14
 1.133565 3.0122684E-14
 1.13371 2.7442861E-14
 1.133855 3.0343194E-14
 1.134 2.8380168E-14
 1.134145 3.0471638E-14
 1.13429 3.0057367E-14
 1.134435 2.897675E-14
 1.13458 2.5200164E-14
 1.134725 2.752357E-14
 1.13487 2.631423E-14
 1.135015 3.4991676E-14
 1.13516 2.988101E-14
 1.135305 3.0217358E-14
 1.13545 3.0401747E-14
 1.135595 3.2648516E-14
 1.13574 3.2657894E-14
 1.135885 3.18228E-14
 1.13603 2.9991482E-14
 1.136175 2.7175407E-14
 1.13632 2.9560413E-14
 1.136465 3.2813792E-14
 1.13661 3.457673E-14
 1.136755 3.122648E-14
 1.1369 2.9558468E-14
 1.137045 2.982759E-14
 1.13719 3.0332792E-14
 1.137335 2.989644E-14
 1.13748 2.9034575E-14
 1.137625 2.8517865E-14
 1.13777 2.8699265E-14
 1.137915 2.9513592E-14
 1.13806 2.89711E-14
 1.138205 2.6762136E-14
 1.13835 2.4643248E-14
 1.138495 2.2064627E-14
 1.13864 2.4299454E-14
 1.138785 2.7683503E-14
 1.13893 2.818788E-14
 1.139075 2.9737382E-14
 1.13922 2.98424E-14
 1.139365 2.961235E-14
 1.13951 2.9698303E-14
 1.139655 2.831725E-14
 1.1398 3.0218205E-14
 1.139945 2.8634145E-14
 1.14009 3.0104147E-14
 1.140235 3.0091503E-14
 1.14038 2.7125495E-14
 1.140525 2.4417043E-14
 1.14067 2.1061544E-14
 1.140815 2.2516472E-14
 1.14096 2.0577873E-14
 1.141105 2.691592E-14
 1.14125 2.8434276E-14
 1.141395 2.6927013E-14
 1.14154 2.9910756E-14
 1.141685 3.1397228E-14
 1.14183 2.9273977E-14
 1.141975 2.9584625E-14
 1.14212 2.891152E-14
 1.142265 3.018539E-14
 1.14241 2.92479E-14
 1.142555 3.009802E-14
 1.1427 3.0432728E-14
 1.142845 2.9548714E-14
 1.14299 3.1643142E-14
 1.143135 2.9777104E-14
 1.14328 3.212549E-14
 1.143425 3.1413606E-14
 1.14357 2.8218926E-14
 1.143715 2.8771554E-14
 1.14386 3.170455E-14
 1.144005 2.7425416E-14
 1.14415 3.0367876E-14
 1.144295 2.817301E-14
 1.14444 2.6202322E-14
 1.144585 2.7759035E-14
 1.14473 3.122707E-14
 1.144875 3.058097E-14
 1.14502 2.9253862E-14
 1.145165 3.0518814E-14
 1.14531 3.0131693E-14
 1.145455 3.2167686E-14
 1.1456 3.1522538E-14
 1.145745 3.0639066E-14
 1.14589 2.8912497E-14
 1.146035 3.2432363E-14
 1.14618 3.1443926E-14
 1.146325 3.1320737E-14
 1.14647 2.7945613E-14
 1.146615 3.0718707E-14
 1.14676 2.9671493E-14
 1.146905 3.084814E-14
 1.14705 3.46879E-14
 1.147195 3.148129E-14
 1.14734 2.9097405E-14
 1.147485 2.9740872E-14
 1.14763 3.228046E-14
 1.147775 3.1080285E-14
 1.14792 3.3284736E-14
 1.148065 3.1732636E-14
 1.14821 3.1168868E-14
 1.148355 3.0568135E-14
 1.1485 3.0275265E-14
 1.148645 3.032172E-14
 1.14879 3.0702186E-14
 1.148935 3.045263E-14
 1.14908 3.142174E-14
 1.149225 3.2360345E-14
 1.14937 3.2165595E-14
 1.149515 3.1682898E-14
 1.14966 3.0406162E-14
 1.149805 2.9548826E-14
 1.14995 2.999785E-14
 1.150095 3.172596E-14
 1.15024 3.2702035E-14
 1.150385 3.3785173E-14
 1.15053 3.1610663E-14
 1.150675 3.1344973E-14
 1.15082 3.1162064E-14
 1.150965 3.1191294E-14
 1.15111 3.1785196E-14
 1.151255 3.2042894E-14
 1.1514 3.3736343E-14
 1.151545 3.3186266E-14
 1.15169 3.319704E-14
 1.151835 3.2038943E-14
 1.15198 3.1420945E-14
 1.152125 3.0346368E-14
 1.15227 3.1287263E-14
 1.152415 3.1031194E-14
 1.15256 3.0106343E-14
 1.152705 3.2138897E-14
 1.15285 3.2004323E-14
 1.152995 3.1136162E-14
 1.15314 3.124095E-14
 1.153285 3.2334703E-14
 1.15343 2.97055E-14
 1.153575 3.0847205E-14
 1.15372 3.0766917E-14
 1.153865 2.8266106E-14
 1.15401 3.0554237E-14
 1.154155 2.9801977E-14
 1.1543 3.1803102E-14
 1.154445 3.447105E-14
 1.15459 3.099472E-14
 1.154735 3.2062494E-14
 1.15488 2.9062697E-14
 1.155025 2.9632174E-14
 1.15517 3.044037E-14
 1.155315 2.9390566E-14
 1.15546 3.1467362E-14
 1.155605 3.2964466E-14
 1.15575 3.1874277E-14
 1.155895 3.2844255E-14
 1.15604 3.270441E-14
 1.156185 3.228263E-14
 1.15633 3.1153316E-14
 1.156475 3.2717146E-14
 1.15662 3.3228333E-14
 1.156765 3.1231856E-14
 1.15691 3.06929E-14
 1.157055 3.067031E-14
 1.1572 2.973545E-14
 1.157345 2.9483055E-14
 1.15749 2.9409224E-14
 1.157635 3.1011336E-14
 1.15778 2.9540433E-14
 1.157925 3.0522944E-14
 1.15807 3.147311E-14
 1.158215 3.147134E-14
 1.15836 3.2018703E-14
 1.158505 3.1855246E-14
 1.15865 3.1696305E-14
 1.158795 3.2009185E-14
 1.15894 3.1229827E-14
 1.159085 3.1073624E-14
 1.15923 3.0412037E-14
 1.159375 2.9766357E-14
 1.15952 2.891417E-14
 1.159665 2.964297E-14
 1.15981 2.8658187E-14
 1.159955 3.0053498E-14
 1.1601 2.8961784E-14
 1.160245 2.8912047E-14
 1.16039 3.1150097E-14
 1.160535 3.0284003E-14
 1.16068 3.016069E-14
 1.160825 3.058092E-14
 1.16097 2.9773323E-14
 1.161115 2.914563E-14
 1.16126 3.0046244E-14
 1.161405 3.0839036E-14
 1.16155 3.0756783E-14
 1.161695 3.224469E-14
 1.16184 3.2145537E-14
 1.161985 3.0343963E-14
 1.16213 3.0499163E-14
 1.162275 2.850261E-14
 1.16242 3.0975273E-14
 1.162565 3.184351E-14
 1.16271 3.1593695E-14
 1.162855 3.0627912E-14
 1.163 3.1072523E-14
 1.163145 3.3098087E-14
 1.16329 3.2521505E-14
 1.163435 3.1737793E-14
 1.16358 3.1053234E-14
 1.163725 2.988274E-14
 1.16387 3.0786564E-14
 1.164015 3.040313E-14
 1.16416 2.9708817E-14
 1.164305 3.0929364E-14
 1.16445 3.1678046E-14
 1.164595 3.1338037E-14
 1.16474 2.9706276E-14
 1.164885 3.2063873E-14
 1.16503 3.1290458E-14
 1.165175 3.102065E-14
 1.16532 3.0491746E-14
 1.165465 3.1590765E-14
 1.16561 2.9750782E-14
 1.165755 2.9204595E-14
 1.1659 3.0129585E-14
 1.166045 3.0866053E-14
 1.16619 2.9568944E-14
 1.166335 3.0931424E-14
 1.16648 3.2098225E-14
 1.166625 3.0729674E-14
 1.16677 3.2042108E-14
 1.166915 3.2964164E-14
 1.16706 3.1383353E-14
 1.167205 3.0634204E-14
 1.16735 3.1867433E-14
 1.167495 3.125514E-14
 1.16764 2.974746E-14
 1.167785 3.124831E-14
 1.16793 3.123296E-14
 1.168075 3.128869E-14
 1.16822 2.9876834E-14
 1.168365 3.0048728E-14
 1.16851 3.1025726E-14
 1.168655 2.9555768E-14
 1.1688 2.8985898E-14
 1.168945 2.832372E-14
 1.16909 2.7067887E-14
 1.169235 2.6481792E-14
 1.16938 2.4155882E-14
 1.169525 2.5525495E-14
 1.16967 2.717973E-14
 1.169815 2.9734194E-14
 1.16996 2.942276E-14
 1.170105 3.040402E-14
 1.17025 3.0917624E-14
 1.170395 3.1522595E-14
 1.17054 3.0545434E-14
 1.170685 3.044056E-14
 1.17083 3.1678646E-14
 1.170975 3.1604134E-14
 1.17112 3.157547E-14
 1.171265 3.0543717E-14
 1.17141 3.1235444E-14
 1.171555 3.012704E-14
 1.1717 2.9929547E-14
 1.171845 3.0080603E-14
 1.17199 3.1245243E-14
 1.172135 3.0607793E-14
 1.17228 3.134223E-14
 1.172425 3.0671622E-14
 1.17257 2.99385E-14
 1.172715 3.0854463E-14
 1.17286 3.1258734E-14
 1.173005 3.263056E-14
 1.17315 3.144804E-14
 1.173295 3.176795E-14
 1.17344 3.144992E-14
 1.173585 3.0412423E-14
 1.17373 2.954436E-14
 1.173875 2.785251E-14
 1.17402 2.9151716E-14
 1.174165 3.0856157E-14
 1.17431 2.9944444E-14
 1.174455 3.2658826E-14
 1.1746 3.139709E-14
 1.174745 3.1535653E-14
 1.17489 3.2382158E-14
 1.175035 3.0612713E-14
 1.17518 2.9995632E-14
 1.175325 3.0181668E-14
 1.17547 2.8613362E-14
 1.175615 2.8989052E-14
 1.17576 2.9147064E-14
 1.175905 3.01342E-14
 1.17605 3.2160984E-14
 1.176195 3.1594024E-14
 1.17634 3.025099E-14
 1.176485 2.9597117E-14
 1.17663 3.0375327E-14
 1.176775 3.0624486E-14
 1.17692 3.0212574E-14
 1.177065 2.7930568E-14
 1.17721 2.4915998E-14
 1.177355 2.3411238E-14
 1.1775 2.1768523E-14
 1.177645 2.1445095E-14
 1.17779 2.1588447E-14
 1.177935 2.3308141E-14
 1.17808 2.6548256E-14
 1.178225 2.8122278E-14
 1.17837 3.0351667E-14
 1.178515 2.942735E-14
 1.17866 3.022249E-14
 1.178805 3.0136335E-14
 1.17895 3.1065767E-14
 1.179095 3.0736525E-14
 1.17924 3.0680103E-14
 1.179385 3.0064994E-14
 1.17953 2.9421988E-14
 1.179675 2.999014E-14
 1.17982 3.0140973E-14
 1.179965 2.8989926E-14
 1.18011 2.9982737E-14
 1.180255 3.0301265E-14
 1.1804 3.053816E-14
 1.180545 3.0078438E-14
 1.18069 3.0745595E-14
 1.180835 3.005631E-14
 1.18098 3.1083334E-14
 1.181125 3.141084E-14
 1.18127 3.067019E-14
 1.181415 3.0522822E-14
 1.18156 2.8844043E-14
 1.181705 2.9016472E-14
 1.18185 2.945136E-14
 1.181995 2.8911074E-14
 1.18214 2.9778636E-14
 1.182285 3.066363E-14
 1.18243 3.030394E-14
 1.182575 3.1187607E-14
 1.18272 3.1728397E-14
 1.182865 2.9975114E-14
 1.18301 3.0741736E-14
 1.183155 3.0497465E-14
 1.1833 3.0396438E-14
 1.183445 2.9191307E-14
 1.18359 2.9597113E-14
 1.183735 2.9587837E-14
 1.18388 2.9310244E-14
 1.184025 2.8813787E-14
 1.18417 2.8833615E-14
 1.184315 2.8582415E-14
 1.18446 3.0842665E-14
 1.184605 3.1807202E-14
 1.18475 3.025497E-14
 1.184895 3.0536324E-14
 1.18504 2.8884E-14
 1.185185 2.6725978E-14
 1.18533 2.8317289E-14
 1.185475 2.8245952E-14
 1.18562 3.0207807E-14
 1.185765 3.037947E-14
 1.18591 3.0087396E-14
 1.186055 3.066145E-14
 1.1862 3.036537E-14
 1.186345 2.9756877E-14
 1.18649 2.88094E-14
 1.186635 2.950634E-14
 1.18678 3.018078E-14
 1.186925 3.0992102E-14
 1.18707 2.997142E-14
 1.187215 2.8717958E-14
 1.18736 3.0502293E-14
 1.187505 3.112105E-14
 1.18765 3.1493352E-14
 1.187795 3.042821E-14
 1.18794 3.0002713E-14
 1.188085 3.020947E-14
 1.18823 2.8218515E-14
 1.188375 2.9727824E-14
 1.18852 2.926303E-14
 1.188665 2.7666119E-14
 1.18881 2.6614895E-14
 1.188955 2.7738896E-14
 1.1891 3.0073193E-14
 1.189245 2.925516E-14
 1.18939 2.9028717E-14
 1.189535 2.8883068E-14
 1.18968 2.9356888E-14
 1.189825 3.0119506E-14
 1.18997 2.993257E-14
 1.190115 3.048149E-14
 1.19026 3.0604005E-14
 1.190405 2.9925698E-14
 1.19055 3.01197E-14
 1.190695 3.143606E-14
 1.19084 3.0541013E-14
 1.190985 3.0371874E-14
 1.19113 2.978625E-14
 1.191275 3.0369302E-14
 1.19142 2.959115E-14
 1.191565 2.9193238E-14
 1.19171 3.0557388E-14
 1.191855 2.9386673E-14
 1.192 2.875141E-14
 1.192145 3.081716E-14
 1.19229 2.9971732E-14
 1.192435 2.9899013E-14
 1.19258 2.9287563E-14
 1.192725 2.875752E-14
 1.19287 3.0120752E-14
 1.193015 3.2762882E-14
 1.19316 3.123032E-14
 1.193305 2.9598167E-14
 1.19345 3.0846826E-14
 1.193595 3.077345E-14
 1.19374 2.9937888E-14
 1.193885 2.9512898E-14
 1.19403 2.813682E-14
 1.194175 2.906063E-14
 1.19432 2.9372717E-14
 1.194465 2.8651205E-14
 1.19461 2.9605716E-14
 1.194755 2.965976E-14
 1.1949 2.9236047E-14
 1.195045 2.7624995E-14
 1.19519 2.8023365E-14
 1.195335 2.8290875E-14
 1.19548 2.9797393E-14
 1.195625 3.0850126E-14
 1.19577 2.973728E-14
 1.195915 3.0329922E-14
 1.19606 3.1366457E-14
 1.196205 2.82168E-14
 1.19635 2.890492E-14
 1.196495 2.9702433E-14
 1.19664 2.989206E-14
 1.196785 2.8964346E-14
 1.19693 2.8615456E-14
 1.197075 2.969944E-14
 1.19722 2.848346E-14
 1.197365 2.791844E-14
 1.19751 2.6804036E-14
 1.197655 2.7097788E-14
 1.1978 2.525164E-14
 1.197945 2.712654E-14
 1.19809 2.8058949E-14
 1.198235 2.8993077E-14
 1.19838 2.9803705E-14
 1.198525 2.765695E-14
 1.19867 2.8144779E-14
 1.198815 2.8561592E-14
 1.19896 2.9071123E-14
 1.199105 2.7276563E-14
 1.19925 2.691393E-14
 1.199395 2.7166815E-14
 1.19954 2.7433503E-14
 1.199685 2.62694E-14
 1.19983 2.8372668E-14
 1.199975 2.92342E-14
 1.20012 2.905431E-14
 1.200265 2.88102E-14
 1.20041 2.8059068E-14
 1.200555 2.7097904E-14
 1.2007 2.7322071E-14
 1.200845 2.7481195E-14
 1.20099 3.0820354E-14
 1.201135 3.1169735E-14
 1.20128 2.936704E-14
 1.201425 2.816625E-14
 1.20157 2.8531824E-14
 1.201715 2.9142768E-14
 1.20186 2.7286096E-14
 1.202005 2.764771E-14
 1.20215 2.906732E-14
 1.202295 2.9424644E-14
 1.20244 2.793688E-14
 1.202585 2.9199452E-14
 1.20273 2.884473E-14
 1.202875 2.6945951E-14
 1.20302 2.8138497E-14
 1.203165 2.8210605E-14
 1.20331 2.661721E-14
 1.203455 2.8395582E-14
 1.2036 2.9490594E-14
 1.203745 3.00077E-14
 1.20389 2.9263667E-14
 1.204035 3.1582535E-14
 1.20418 3.2968176E-14
 1.204325 3.046366E-14
 1.20447 2.9660885E-14
 1.204615 2.8941567E-14
 1.20476 2.8898216E-14
 1.204905 2.8761116E-14
 1.20505 2.8448455E-14
 1.205195 2.8041119E-14
 1.20534 3.1134244E-14
 1.205485 3.013505E-14
 1.20563 3.1548674E-14
 1.205775 3.0409825E-14
 1.20592 3.0367287E-14
 1.206065 3.1461335E-14
 1.20621 3.1749736E-14
 1.206355 3.0804532E-14
 1.2065 3.0619618E-14
 1.206645 3.0385643E-14
 1.20679 2.8868977E-14
 1.206935 2.9848055E-14
 1.20708 2.9443414E-14
 1.207225 2.8263231E-14
 1.20737 2.9495496E-14
 1.207515 3.096145E-14
 1.20766 3.058424E-14
 1.207805 2.9646424E-14
 1.20795 3.110542E-14
 1.208095 3.0876004E-14
 1.20824 3.0503672E-14
 1.208385 3.1301977E-14
 1.20853 3.122579E-14
 1.208675 3.0114322E-14
 1.20882 3.074551E-14
 1.208965 3.1083988E-14
 1.20911 2.7909597E-14
 1.209255 2.8143988E-14
 1.2094 2.6668656E-14
 1.209545 2.7673994E-14
 1.20969 2.9917573E-14
 1.209835 2.9806476E-14
 1.20998 3.0242044E-14
 1.210125 3.2390974E-14
 1.21027 3.170838E-14
 1.210415 2.9838616E-14
 1.21056 2.9537462E-14
 1.210705 2.917192E-14
 1.21085 2.7981057E-14
 1.210995 2.725753E-14
 1.21114 2.7527802E-14
 1.211285 2.6988833E-14
 1.21143 2.9109754E-14
 1.211575 2.846883E-14
 1.21172 2.8387416E-14
 1.211865 2.868357E-14
 1.21201 2.803348E-14
 1.212155 2.889393E-14
 1.2123 3.095082E-14
 1.212445 2.934942E-14
 1.21259 2.9361882E-14
 1.212735 2.9759056E-14
 1.21288 3.0021677E-14
 1.213025 3.01928E-14
 1.21317 2.8828265E-14
 1.213315 2.7758374E-14
 1.21346 2.9530553E-14
 1.213605 2.9947304E-14
 1.21375 2.9395987E-14
 1.213895 2.9918874E-14
 1.21404 3.037831E-14
 1.214185 3.0927538E-14
 1.21433 3.2123836E-14
 1.214475 3.0415886E-14
 1.21462 3.107423E-14
 1.214765 3.138528E-14
 1.21491 3.153012E-14
 1.215055 3.0829187E-14
 1.2152 3.091438E-14
 1.215345 3.0232036E-14
 1.21549 3.1623948E-14
 1.215635 3.0426694E-14
 1.21578 3.115185E-14
 1.215925 2.978703E-14
 1.21607 2.8579664E-14
 1.216215 2.9575067E-14
 1.21636 2.9994192E-14
 1.216505 3.086104E-14
 1.21665 3.024939E-14
 1.216795 3.0161844E-14
 1.21694 3.0139496E-14
 1.217085 3.041457E-14
 1.21723 3.1311854E-14
 1.217375 3.1212297E-14
 1.21752 3.0354432E-14
 1.217665 3.074093E-14
 1.21781 2.9470512E-14
 1.217955 3.0461903E-14
 1.2181 3.0723413E-14
 1.218245 3.1090534E-14
 1.21839 3.1045126E-14
 1.218535 3.2062118E-14
 1.21868 3.01014E-14
 1.218825 3.1509778E-14
 1.21897 3.0888222E-14
 1.219115 3.178783E-14
 1.21926 3.1248248E-14
 1.219405 3.1770342E-14
 1.21955 3.0472884E-14
 1.219695 3.158723E-14
 1.21984 3.199194E-14
 1.219985 3.0439654E-14
 1.22013 3.127197E-14
 1.220275 3.1934857E-14
 1.22042 3.1623697E-14
 1.220565 3.1309844E-14
 1.22071 3.171314E-14
 1.220855 3.1499648E-14
 1.221 3.192284E-14
 1.221145 3.1225527E-14
 1.22129 3.108935E-14
 1.221435 3.0217927E-14
 1.22158 2.9546203E-14
 1.221725 2.888101E-14
 1.22187 2.9552712E-14
 1.222015 2.8997424E-14
 1.22216 2.9648095E-14
 1.222305 2.9322675E-14
 1.22245 2.9239584E-14
 1.222595 2.8572742E-14
 1.22274 2.9070933E-14
 1.222885 3.062346E-14
 1.22303 3.0473708E-14
 1.223175 3.1945675E-14
 1.22332 3.15565E-14
 1.223465 3.2497978E-14
 1.22361 3.1623613E-14
 1.223755 3.1829208E-14
 1.2239 3.1850187E-14
 1.224045 3.038479E-14
 1.22419 3.0284064E-14
 1.224335 3.121353E-14
 1.22448 3.100995E-14
 1.224625 3.0967714E-14
 1.22477 3.0293236E-14
 1.224915 3.1569487E-14
 1.22506 3.0985173E-14
 1.225205 3.0663304E-14
 1.22535 3.0692117E-14
 1.225495 2.986898E-14
 1.22564 3.1116995E-14
 1.225785 3.1059163E-14
 1.22593 3.0670938E-14
 1.226075 3.0699686E-14
 1.22622 3.051928E-14
 1.226365 3.0505353E-14
 1.22651 3.1788696E-14
 1.226655 3.2486007E-14
 1.2268 3.194027E-14
 1.226945 3.2150545E-14
 1.22709 3.157277E-14
 1.227235 3.041693E-14
 1.22738 3.126961E-14
 1.227525 2.9978268E-14
 1.22767 2.942128E-14
 1.227815 3.095549E-14
 1.22796 3.103031E-14
 1.228105 3.156827E-14
 1.22825 3.0921558E-14
 1.228395 3.0840293E-14
 1.22854 3.0484573E-14
 1.228685 3.0379602E-14
 1.22883 3.0883025E-14
 1.228975 3.038591E-14
 1.22912 2.9873344E-14
 1.229265 3.036463E-14
 1.22941 3.008072E-14
 1.229555 2.9164446E-14
 1.2297 2.874165E-14
 1.229845 2.846013E-14
 1.22999 2.8885108E-14
 1.230135 3.0371755E-14
 1.23028 3.05079E-14
 1.230425 3.1684724E-14
 1.23057 3.162843E-14
 1.230715 2.9836813E-14
 1.23086 3.058374E-14
 1.231005 3.0634678E-14
 1.23115 3.02372E-14
 1.231295 3.0708675E-14
 1.23144 3.0288374E-14
 1.231585 3.0156667E-14
 1.23173 3.1178768E-14
 1.231875 3.074587E-14
 1.23202 3.2071662E-14
 1.232165 3.1225934E-14
 1.23231 3.0989354E-14
 1.232455 2.947788E-14
 1.2326 2.903433E-14
 1.232745 3.024917E-14
 1.23289 3.025599E-14
 1.233035 2.935936E-14
 1.23318 3.0404603E-14
 1.233325 3.0147783E-14
 1.23347 2.989399E-14
 1.233615 3.0307483E-14
 1.23376 3.054359E-14
 1.233905 2.955554E-14
 1.23405 3.009226E-14
 1.234195 2.9608386E-14
 1.23434 3.0703345E-14
 1.234485 2.991373E-14
 1.23463 2.8405678E-14
 1.234775 2.8114453E-14
 1.23492 2.8584655E-14
 1.235065 3.006749E-14
 1.23521 3.0036188E-14
 1.235355 3.0750813E-14
 1.2355 3.100758E-14
 1.235645 3.084475E-14
 1.23579 2.9289274E-14
 1.235935 2.948988E-14
 1.23608 3.0333497E-14
 1.236225 3.0997557E-14
 1.23637 3.200831E-14
 1.236515 3.118959E-14
 1.23666 3.0357647E-14
 1.236805 3.008496E-14
 1.23695 3.107257E-14
 1.237095 3.0447494E-14
 1.23724 3.0178205E-14
 1.237385 2.956829E-14
 1.23753 2.9604218E-14
 1.237675 3.053202E-14
 1.23782 3.0732348E-14
 1.237965 2.9697612E-14
 1.23811 3.0957465E-14
 1.238255 3.191884E-14
 1.2384 3.143648E-14
 1.238545 3.1003947E-14
 1.23869 3.102834E-14
 1.238835 3.064504E-14
 1.23898 2.9782004E-14
 1.239125 2.892649E-14
 1.23927 2.8140046E-14
 1.239415 2.7230405E-14
 1.23956 2.8595883E-14
 1.239705 2.8299376E-14
 1.23985 2.7409896E-14
 1.239995 2.8181244E-14
 1.24014 2.8457458E-14
 1.240285 3.0389015E-14
 1.24043 2.8506592E-14
 1.240575 2.997164E-14
 1.24072 2.8405658E-14
 1.240865 2.882281E-14
 1.24101 2.786724E-14
 1.241155 2.8934168E-14
 1.2413 2.906496E-14
 1.241445 3.059793E-14
 1.24159 2.9519068E-14
 1.241735 2.915783E-14
 1.24188 2.9018468E-14
 1.242025 2.893072E-14
 1.24217 2.794254E-14
 1.242315 2.7343382E-14
 1.24246 2.741817E-14
 1.242605 2.731568E-14
 1.24275 2.772393E-14
 1.242895 2.754072E-14
 1.24304 2.771054E-14
 1.243185 2.7843765E-14
 1.24333 2.6628935E-14
 1.243475 2.465365E-14
 1.24362 2.3124945E-14
 1.243765 2.3875523E-14
 1.24391 2.5449322E-14
 1.244055 2.6352591E-14
 1.2442 2.730807E-14
 1.244345 2.734141E-14
 1.24449 2.7381661E-14
 1.244635 2.8522557E-14
 1.24478 2.79692E-14
 1.244925 2.851877E-14
 1.24507 2.883667E-14
 1.245215 3.011148E-14
 1.24536 3.0196382E-14
 1.245505 2.913503E-14
 1.24565 2.9309183E-14
 1.245795 2.9273865E-14
 1.24594 2.8574575E-14
 1.246085 2.882576E-14
 1.24623 2.9142433E-14
 1.246375 2.8886558E-14
 1.24652 2.856813E-14
 1.246665 2.96068E-14
 1.24681 2.9569046E-14
 1.246955 2.914914E-14
 1.2471 2.9754363E-14
 1.247245 2.830012E-14
 1.24739 3.0115047E-14
 1.247535 2.9505458E-14
 1.24768 2.904508E-14
 1.247825 2.8805737E-14
 1.24797 2.976225E-14
 1.248115 2.9776732E-14
 1.24826 2.8460683E-14
 1.248405 2.8976563E-14
 1.24855 2.9177053E-14
 1.248695 2.827046E-14
 1.24884 2.893498E-14
 1.248985 2.8802027E-14
 1.24913 3.0015998E-14
 1.249275 2.9639126E-14
 1.24942 2.92096E-14
 1.249565 2.9493247E-14
 1.24971 2.949263E-14
 1.249855 3.0063635E-14
 1.25 2.984232E-14
 1.250145 2.9768387E-14
 1.25029 3.0220807E-14
 1.250435 2.9284538E-14
 1.25058 3.0503703E-14
 1.250725 2.9267028E-14
 1.25087 2.9093423E-14
 1.251015 2.8446643E-14
 1.25116 2.9127044E-14
 1.251305 2.8564377E-14
 1.25145 2.8794153E-14
 1.251595 2.911886E-14
 1.25174 2.9282935E-14
 1.251885 2.8926582E-14
 1.25203 2.858711E-14
 1.252175 2.7956868E-14
 1.25232 2.5912927E-14
 1.252465 2.3213338E-14
 1.25261 2.2332091E-14
 1.252755 2.3983086E-14
 1.2529 2.7483436E-14
 1.253045 3.0089975E-14
 1.25319 3.0263068E-14
 1.253335 3.086835E-14
 1.25348 3.0130087E-14
 1.253625 3.084992E-14
 1.25377 2.9920365E-14
 1.253915 2.87583E-14
 1.25406 2.969897E-14
 1.254205 3.0848096E-14
 1.25435 3.0562677E-14
 1.254495 3.081013E-14
 1.25464 2.9988378E-14
 1.254785 3.0135884E-14
 1.25493 2.9958827E-14
 1.255075 2.9553755E-14
 1.25522 2.9680516E-14
 1.255365 3.057245E-14
 1.25551 2.8851524E-14
 1.255655 3.032663E-14
 1.2558 3.187096E-14
 1.255945 3.0863804E-14
 1.25609 3.0916794E-14
 1.256235 3.256341E-14
 1.25638 3.1018343E-14
 1.256525 3.026852E-14
 1.25667 3.0290776E-14
 1.256815 2.8679702E-14
 1.25696 2.963017E-14
 1.257105 2.9429635E-14
 1.25725 3.0598086E-14
 1.257395 3.0911526E-14
 1.25754 3.020256E-14
 1.257685 2.976953E-14
 1.25783 3.0808818E-14
 1.257975 3.004109E-14
 1.25812 2.9458166E-14
 1.258265 3.162752E-14
 1.25841 3.171917E-14
 1.258555 3.022751E-14
 1.2587 3.009954E-14
 1.258845 3.1508006E-14
 1.25899 2.9940792E-14
 1.259135 3.0053644E-14
 1.25928 3.0937638E-14
 1.259425 3.0116548E-14
 1.25957 2.984712E-14
 1.259715 2.977994E-14
 1.25986 3.014357E-14
 1.260005 3.0498204E-14
 1.26015 3.0651564E-14
 1.260295 2.973576E-14
 1.26044 3.0017486E-14
 1.260585 2.9418488E-14
 1.26073 2.9766452E-14
 1.260875 3.0992583E-14
 1.26102 3.116746E-14
 1.261165 3.2295418E-14
 1.26131 3.1560614E-14
 1.261455 3.0698487E-14
 1.2616 3.056981E-14
 1.261745 3.125484E-14
 1.26189 3.1447667E-14
 1.262035 3.172739E-14
 1.26218 3.1075393E-14
 1.262325 3.1238324E-14
 1.26247 3.1188275E-14
 1.262615 2.9277958E-14
 1.26276 3.2561532E-14
 1.262905 3.1503314E-14
 1.26305 3.020308E-14
 1.263195 3.1667008E-14
 1.26334 3.068128E-14
 1.263485 2.991562E-14
 1.26363 2.9822336E-14
 1.263775 3.086813E-14
 1.26392 3.177532E-14
 1.264065 2.9874527E-14
 1.26421 2.9066918E-14
 1.264355 2.9484187E-14
 1.2645 2.977139E-14
 1.264645 2.9787086E-14
 1.26479 2.9384237E-14
 1.264935 3.0406447E-14
 1.26508 3.070429E-14
 1.265225 3.155005E-14
 1.26537 3.011736E-14
 1.265515 3.0559265E-14
 1.26566 3.0643697E-14
 1.265805 3.1773104E-14
 1.26595 3.1587654E-14
 1.266095 3.0619875E-14
 1.26624 2.9505485E-14
 1.266385 3.0948866E-14
 1.26653 3.0657433E-14
 1.266675 2.994119E-14
 1.26682 3.1287432E-14
 1.266965 3.1947576E-14
 1.26711 3.1605483E-14
 1.267255 3.1476723E-14
 1.2674 3.2377916E-14
 1.267545 3.1202153E-14
 1.26769 3.0332504E-14
 1.267835 3.1023202E-14
 1.26798 2.990565E-14
 1.268125 3.0287777E-14
 1.26827 2.9506484E-14
 1.268415 2.9004597E-14
 1.26856 2.8677767E-14
 1.268705 2.934226E-14
 1.26885 3.0451163E-14
 1.268995 3.0783458E-14
 1.26914 3.153591E-14
 1.269285 3.176058E-14
 1.26943 3.051048E-14
 1.269575 3.0960084E-14
 1.26972 3.196439E-14
 1.269865 3.180706E-14
 1.27001 3.0898197E-14
 1.270155 3.087675E-14
 1.2703 3.1384614E-14
 1.270445 3.134482E-14
 1.27059 3.0512624E-14
 1.270735 3.085153E-14
 1.27088 3.135251E-14
 1.271025 3.2285867E-14
 1.27117 3.184007E-14
 1.271315 3.1512617E-14
 1.27146 3.2273937E-14
 1.271605 3.2516965E-14
 1.27175 3.088186E-14
 1.271895 3.198102E-14
 1.27204 3.2343184E-14
 1.272185 3.1746405E-14
 1.27233 3.2090118E-14
 1.272475 3.1305738E-14
 1.27262 3.2260503E-14
 1.272765 3.30979E-14
 1.27291 3.1896127E-14
 1.273055 3.169862E-14
 1.2732 3.199149E-14
 1.273345 3.143538E-14
 1.27349 3.20758E-14
 1.273635 3.1905566E-14
 1.27378 3.161905E-14
 1.273925 3.0828503E-14
 1.27407 3.0907097E-14
 1.274215 3.0410417E-14
 1.27436 3.0297776E-14
 1.274505 3.1615166E-14
 1.27465 3.0761137E-14
 1.274795 3.1855432E-14
 1.27494 3.2539774E-14
 1.275085 3.1609806E-14
 1.27523 3.155409E-14
 1.275375 3.1825447E-14
 1.27552 3.2082708E-14
 1.275665 3.2648326E-14
 1.27581 3.201538E-14
 1.275955 3.1739012E-14
 1.2761 3.3121004E-14
 1.276245 3.3463023E-14
 1.27639 3.209825E-14
 1.276535 3.366952E-14
 1.27668 3.251241E-14
 1.276825 3.2491167E-14
 1.27697 3.281717E-14
 1.277115 3.1868127E-14
 1.27726 3.2194377E-14
 1.277405 3.276219E-14
 1.27755 3.3441105E-14
 1.277695 3.2908748E-14
 1.27784 3.3152554E-14
 1.277985 3.3705372E-14
 1.27813 3.268513E-14
 1.278275 3.1574413E-14
 1.27842 3.1779243E-14
 1.278565 3.1848544E-14
 1.27871 3.2601705E-14
 1.278855 3.2225013E-14
 1.279 3.3827098E-14
 1.279145 3.2996446E-14
 1.27929 3.414959E-14
 1.279435 3.4048844E-14
 1.27958 3.3840108E-14
 1.279725 3.4302154E-14
 1.27987 3.422901E-14
 1.280015 3.4503802E-14
 1.28016 3.3627425E-14
 1.280305 3.3552578E-14
 1.28045 3.3640425E-14
 1.280595 3.265277E-14
 1.28074 3.0811274E-14
 1.280885 3.1256458E-14
 1.28103 3.2169464E-14
 1.281175 3.2354104E-14
 1.28132 3.2732714E-14
 1.281465 3.382195E-14
 1.28161 3.2664335E-14
 1.281755 3.2720537E-14
 1.2819 3.14176E-14
 1.282045 3.2840948E-14
 1.28219 3.260581E-14
 1.282335 3.2723197E-14
 1.28248 3.2172063E-14
 1.282625 3.1203386E-14
 1.28277 3.315521E-14
 1.282915 3.2599364E-14
 1.28306 3.2854202E-14
 1.283205 3.2892563E-14
 1.28335 3.2860613E-14
 1.283495 3.2650372E-14
 1.28364 3.1916737E-14
 1.283785 3.3177877E-14
 1.28393 3.318118E-14
 1.284075 3.3209817E-14
 1.28422 3.3517985E-14
 1.284365 3.220016E-14
 1.28451 3.3006512E-14
 1.284655 3.3039225E-14
 1.2848 3.3520817E-14
 1.284945 3.3410523E-14
 1.28509 3.3227757E-14
 1.285235 3.250678E-14
 1.28538 3.360007E-14
 1.285525 3.4163007E-14
 1.28567 3.336027E-14
 1.285815 3.268765E-14
 1.28596 3.2297197E-14
 1.286105 3.183017E-14
 1.28625 3.2143352E-14
 1.286395 3.222567E-14
 1.28654 3.1894077E-14
 1.286685 3.1764142E-14
 1.28683 3.2066455E-14
 1.286975 3.251891E-14
 1.28712 3.2518937E-14
 1.287265 3.330839E-14
 1.28741 3.3555258E-14
 1.287555 3.3802564E-14
 1.2877 3.4296642E-14
 1.287845 3.3472767E-14
 1.28799 3.3145365E-14
 1.288135 3.1863086E-14
 1.28828 3.1708804E-14
 1.288425 3.152255E-14
 1.28857 3.0572455E-14
 1.288715 3.0803173E-14
 1.28886 3.1504415E-14
 1.289005 3.245202E-14
 1.28915 3.188108E-14
 1.289295 3.176656E-14
 1.28944 3.2410333E-14
 1.289585 3.325235E-14
 1.28973 3.33374E-14
 1.289875 3.251489E-14
 1.29002 3.2710474E-14
 1.290165 3.077413E-14
 1.29031 3.0526722E-14
 1.290455 3.1131005E-14
 1.2906 3.2097717E-14
 1.290745 3.3135895E-14
 1.29089 3.1744704E-14
 1.291035 3.1714672E-14
 1.29118 3.1917547E-14
 1.291325 3.2184453E-14
 1.29147 3.235623E-14
 1.291615 3.258096E-14
 1.29176 3.254781E-14
 1.291905 3.177465E-14
 1.29205 3.2511367E-14
 1.292195 3.2400274E-14
 1.29234 3.224801E-14
 1.292485 3.2276848E-14
 1.29263 3.3080184E-14
 1.292775 3.257946E-14
 1.29292 3.127879E-14
 1.293065 3.0829133E-14
 1.29321 3.0921737E-14
 1.293355 3.190214E-14
 1.2935 3.2288954E-14
 1.293645 3.1495355E-14
 1.29379 3.2185995E-14
 1.293935 3.330384E-14
 1.29408 3.3014915E-14
 1.294225 3.1497442E-14
 1.29437 3.260153E-14
 1.294515 3.2056108E-14
 1.29466 3.203635E-14
 1.294805 3.251998E-14
 1.29495 3.2529613E-14
 1.295095 3.3091643E-14
 1.29524 3.348793E-14
 1.295385 3.2750522E-14
 1.29553 3.2409805E-14
 1.295675 3.2568854E-14
 1.29582 3.204004E-14
 1.295965 3.1995247E-14
 1.29611 3.1985882E-14
 1.296255 3.2639368E-14
 1.2964 3.1749793E-14
 1.296545 3.204524E-14
 1.29669 3.127967E-14
 1.296835 3.2183657E-14
 1.29698 3.2900647E-14
 1.297125 3.207175E-14
 1.29727 3.1714513E-14
 1.297415 3.294431E-14
 1.29756 3.2128014E-14
 1.297705 3.2776147E-14
 1.29785 3.1635258E-14
 1.297995 3.075649E-14
 1.29814 3.1610016E-14
 1.298285 3.254091E-14
 1.29843 3.323497E-14
 1.298575 3.287634E-14
 1.29872 3.2952875E-14
 1.298865 3.232984E-14
 1.29901 3.2192144E-14
 1.299155 3.2211816E-14
 1.2993 3.2607255E-14
 1.299445 3.3190278E-14
 1.29959 3.3852343E-14
 1.299735 3.32118E-14
 1.29988 3.2243946E-14
 1.300025 3.306838E-14
 1.30017 3.147176E-14
 1.300315 3.1459475E-14
 1.30046 3.0697633E-14
 1.300605 3.173521E-14
 1.30075 3.1322167E-14
 1.300895 3.2221902E-14
 1.30104 3.2008437E-14
 1.301185 3.130636E-14
 1.30133 2.9918166E-14
 1.301475 3.1335344E-14
 1.30162 3.2836018E-14
 1.301765 3.2534217E-14
 1.30191 3.2640892E-14
 1.302055 3.2742977E-14
 1.3022 3.2558086E-14
 1.302345 3.346247E-14
 1.30249 3.2107417E-14
 1.302635 3.1309238E-14
 1.30278 3.172753E-14
 1.302925 3.2040004E-14
 1.30307 3.130531E-14
 1.303215 3.1879782E-14
 1.30336 3.1626946E-14
 1.303505 3.22652E-14
 1.30365 3.2651433E-14
 1.303795 3.1776238E-14
 1.30394 3.1715258E-14
 1.304085 3.1887385E-14
 1.30423 3.195564E-14
 1.304375 3.162738E-14
 1.30452 3.1641607E-14
 1.304665 3.1255055E-14
 1.30481 3.2529853E-14
 1.304955 3.2376886E-14
 1.3051 3.1971198E-14
 1.305245 3.182066E-14
 1.30539 3.2905936E-14
 1.305535 3.3119056E-14
 1.30568 3.1679906E-14
 1.305825 3.2755594E-14
 1.30597 3.2195895E-14
 1.306115 3.21222E-14
 1.30626 3.1241702E-14
 1.306405 3.139754E-14
 1.30655 3.1822828E-14
 1.306695 3.1306578E-14
 1.30684 3.125455E-14
 1.306985 3.144545E-14
 1.30713 3.156962E-14
 1.307275 3.2351668E-14
 1.30742 3.1447904E-14
 1.307565 3.2009816E-14
 1.30771 3.266134E-14
 1.307855 3.1535325E-14
 1.308 3.0200634E-14
 1.308145 2.949641E-14
 1.30829 3.0203382E-14
 1.308435 3.161762E-14
 1.30858 3.1685002E-14
 1.308725 3.191526E-14
 1.30887 3.2198365E-14
 1.309015 3.1341405E-14
 1.30916 3.075589E-14
 1.309305 3.2354988E-14
 1.30945 3.140802E-14
 1.309595 3.1261645E-14
 1.30974 3.1650755E-14
 1.309885 3.038892E-14
 1.31003 3.052184E-14
 1.310175 3.122448E-14
 1.31032 3.1421487E-14
 1.310465 3.0927013E-14
 1.31061 3.134754E-14
 1.310755 3.100588E-14
 1.3109 3.015311E-14
 1.311045 3.083815E-14
 1.31119 3.0561545E-14
 1.311335 3.0255546E-14
 1.31148 3.0584547E-14
 1.311625 3.0779578E-14
 1.31177 3.1318467E-14
 1.311915 3.1233805E-14
 1.31206 3.062196E-14
 1.312205 3.124482E-14
 1.31235 2.9253316E-14
 1.312495 2.8943184E-14
 1.31264 2.9161508E-14
 1.312785 2.8079766E-14
 1.31293 2.8351716E-14
 1.313075 2.8197857E-14
 1.31322 3.028128E-14
 1.313365 3.123042E-14
 1.31351 3.1178263E-14
 1.313655 3.0714502E-14
 1.3138 3.1118462E-14
 1.313945 3.1573536E-14
 1.31409 3.0052268E-14
 1.314235 3.0757413E-14
 1.31438 3.087678E-14
 1.314525 2.9872843E-14
 1.31467 2.9162433E-14
 1.314815 2.994986E-14
 1.31496 3.014398E-14
 1.315105 3.020864E-14
 1.31525 2.975736E-14
 1.315395 2.9493264E-14
 1.31554 2.892179E-14
 1.315685 2.8326376E-14
 1.31583 2.9346344E-14
 1.315975 2.9458647E-14
 1.31612 3.0122443E-14
 1.316265 3.1112164E-14
 1.31641 3.1188526E-14
 1.316555 3.068465E-14
 1.3167 3.196093E-14
 1.316845 3.207817E-14
 1.31699 3.0086356E-14
 1.317135 2.934202E-14
 1.31728 2.9887375E-14
 1.317425 3.0395557E-14
 1.31757 3.1589193E-14
 1.317715 3.0083968E-14
 1.31786 2.977181E-14
 1.318005 2.9702047E-14
 1.31815 3.0186238E-14
 1.318295 3.081138E-14
 1.31844 2.9364914E-14
 1.318585 3.05318E-14
 1.31873 3.196079E-14
 1.318875 3.1366582E-14
 1.31902 3.126975E-14
 1.319165 3.1421453E-14
 1.31931 3.127735E-14
 1.319455 3.106255E-14
 1.3196 3.203173E-14
 1.319745 3.1004882E-14
 1.31989 3.1077927E-14
 1.320035 3.0461402E-14
 1.32018 3.0343942E-14
 1.320325 3.0583022E-14
 1.32047 3.085393E-14
 1.320615 3.0567295E-14
 1.32076 3.0984818E-14
 1.320905 3.028837E-14
 1.32105 2.9181183E-14
 1.321195 2.9572356E-14
 1.32134 2.9751873E-14
 1.321485 2.9366602E-14
 1.32163 2.982263E-14
 1.321775 3.0868618E-14
 1.32192 3.0346395E-14
 1.322065 3.070019E-14
 1.32221 3.0441876E-14
 1.322355 3.011725E-14
 1.3225 3.0512488E-14
 1.322645 3.146702E-14
 1.32279 3.188145E-14
 1.322935 3.188486E-14
 1.32308 2.9819476E-14
 1.323225 3.027604E-14
 1.32337 2.8931918E-14
 1.323515 2.8916756E-14
 1.32366 2.8926314E-14
 1.323805 2.951404E-14
 1.32395 2.9000348E-14
 1.324095 2.8494456E-14
 1.32424 3.0727428E-14
 1.324385 3.04254E-14
 1.32453 3.0923618E-14
 1.324675 3.157841E-14
 1.32482 3.013803E-14
 1.324965 2.9378118E-14
 1.32511 2.7900505E-14
 1.325255 2.8212684E-14
 1.3254 2.8039315E-14
 1.325545 2.8115648E-14
 1.32569 2.9036926E-14
 1.325835 2.9249857E-14
 1.32598 2.9986898E-14
 1.326125 3.0147688E-14
 1.32627 2.946323E-14
 1.326415 2.9976652E-14
 1.32656 2.9375855E-14
 1.326705 2.8799415E-14
 1.32685 2.877541E-14
 1.326995 2.8579064E-14
 1.32714 2.7330579E-14
 1.327285 2.7780726E-14
 1.32743 2.93098E-14
 1.327575 3.0944543E-14
 1.32772 2.924087E-14
 1.327865 2.907268E-14
 1.32801 2.980682E-14
 1.328155 2.8515334E-14
 1.3283 2.8364418E-14
 1.328445 2.8769772E-14
 1.32859 2.8343994E-14
 1.328735 2.873284E-14
 1.32888 2.8405785E-14
 1.329025 2.7991944E-14
 1.32917 2.7724573E-14
 1.329315 2.8409712E-14
 1.32946 2.86369E-14
 1.329605 2.6211055E-14
 1.32975 2.6488526E-14
 1.329895 2.6347046E-14
 1.33004 2.6394937E-14
 1.330185 2.6360273E-14
 1.33033 2.71851E-14
 1.330475 2.855075E-14
 1.33062 2.7340941E-14
 1.330765 2.817538E-14
 1.33091 2.8410324E-14
 1.331055 2.7908833E-14
 1.3312 2.7854794E-14
 1.331345 2.6044581E-14
 1.33149 2.5536205E-14
 1.331635 2.6805911E-14
 1.33178 2.6101222E-14
 1.331925 2.4852345E-14
 1.33207 2.4017606E-14
 1.332215 2.2533226E-14
 1.33236 2.2126849E-14
 1.332505 2.1011692E-14
 1.33265 2.3639688E-14
 1.332795 2.4657607E-14
 1.33294 2.5178815E-14
 1.333085 2.511902E-14
 1.33323 2.5760374E-14
 1.333375 2.5080036E-14
 1.33352 2.4619094E-14
 1.333665 2.6404412E-14
 1.33381 2.6657863E-14
 1.333955 2.4947861E-14
 1.3341 2.3428979E-14
 1.334245 2.35808E-14
 1.33439 2.2935511E-14
 1.334535 2.2512013E-14
 1.33468 2.0984338E-14
 1.334825 1.8276098E-14
 1.33497 1.7979316E-14
 1.335115 1.8785693E-14
 1.33526 1.8966196E-14
 1.335405 1.9977633E-14
 1.33555 2.0153267E-14
 1.335695 1.965061E-14
 1.33584 1.9515883E-14
 1.335985 1.9481158E-14
 1.33613 2.2052059E-14
 1.336275 2.240698E-14
 1.33642 2.2271446E-14
 1.336565 2.156652E-14
 1.33671 2.1684558E-14
 1.336855 2.1169512E-14
 1.337 2.1877635E-14
 1.337145 2.0204004E-14
 1.33729 1.8834687E-14
 1.337435 1.8063342E-14
 1.33758 1.9998424E-14
 1.337725 2.1244303E-14
 1.33787 2.1376867E-14
 1.338015 2.2039887E-14
 1.33816 2.1121847E-14
 1.338305 2.1445451E-14
 1.33845 2.1786362E-14
 1.338595 2.2006587E-14
 1.33874 2.179169E-14
 1.338885 2.2216575E-14
 1.33903 2.2586281E-14
 1.339175 2.2366373E-14
 1.33932 2.1600756E-14
 1.339465 2.216273E-14
 1.33961 2.3315214E-14
 1.339755 2.3829515E-14
 1.3399 2.3715447E-14
 1.340045 2.132445E-14
 1.34019 2.050405E-14
 1.340335 2.0953003E-14
 1.34048 2.1497312E-14
 1.340625 2.1457047E-14
 1.34077 2.2647479E-14
 1.340915 2.2192172E-14
 1.34106 2.2255811E-14
 1.341205 2.2600823E-14
 1.34135 2.2526716E-14
 1.341495 2.0792709E-14
 1.34164 2.0144519E-14
 1.341785 1.9989112E-14
 1.34193 1.8728373E-14
 1.342075 1.8812795E-14
 1.34222 1.8913214E-14
 1.342365 1.8934207E-14
 1.34251 2.0071166E-14
 1.342655 2.0218526E-14
 1.3428 1.9151666E-14
 1.342945 1.7968122E-14
 1.34309 1.7760373E-14
 1.343235 1.7575788E-14
 1.34338 1.957157E-14
 1.343525 2.0166618E-14
 1.34367 2.137332E-14
 1.343815 2.1095144E-14
 1.34396 2.0712193E-14
 1.344105 2.104696E-14
 1.34425 2.0894265E-14
 1.344395 2.016813E-14
 1.34454 1.829613E-14
 1.344685 1.8056986E-14
 1.34483 1.822163E-14
 1.344975 2.0187126E-14
 1.34512 2.1742838E-14
 1.345265 2.1518653E-14
 1.34541 2.2088905E-14
 1.345555 2.0990425E-14
 1.3457 2.0019719E-14
 1.345845 2.045851E-14
 1.34599 2.2549992E-14
 1.346135 2.3226003E-14
 1.34628 2.1242605E-14
 1.346425 2.0791742E-14
 1.34657 1.8937332E-14
 1.346715 1.8834116E-14
 1.34686 1.897973E-14
 1.347005 1.9396268E-14
 1.34715 2.1153728E-14
 1.347295 2.1757244E-14
 1.34744 1.9975326E-14
 1.347585 2.0001223E-14
 1.34773 1.9165228E-14
 1.347875 1.7537143E-14
 1.34802 2.0615467E-14
 1.348165 1.9567483E-14
 1.34831 1.842531E-14
 1.348455 1.7949641E-14
 1.3486 1.93694E-14
 1.348745 2.2503565E-14
 1.34889 2.216957E-14
 1.349035 2.147772E-14
 1.34918 2.104165E-14
 1.349325 2.097275E-14
 1.34947 2.3375919E-14
 1.349615 2.2122219E-14
 1.34976 2.0894973E-14
 1.349905 2.0672742E-14
 1.35005 1.9055305E-14
 1.350195 1.8345348E-14
 1.35034 1.5886335E-14
 1.350485 1.5854424E-14
 1.35063 1.7235105E-14
 1.350775 1.6477678E-14
 1.35092 1.903918E-14
 1.351065 2.0475665E-14
 1.35121 2.0794112E-14
 1.351355 1.9468827E-14
 1.3515 1.7738464E-14
 1.351645 1.8196367E-14
 1.35179 1.8757092E-14
 1.351935 1.8359478E-14
 1.35208 1.837335E-14
 1.352225 1.8350706E-14
 1.35237 1.9123378E-14
 1.352515 1.8661035E-14
 1.35266 1.8269191E-14
 1.352805 1.8706928E-14
 1.35295 1.8008002E-14
 1.353095 1.7252941E-14
 1.35324 1.7154345E-14
 1.353385 2.0906557E-14
 1.35353 2.137279E-14
 1.353675 2.0141834E-14
 1.35382 1.995365E-14
 1.353965 1.7678984E-14
 1.35411 1.6510681E-14
 1.354255 1.6955424E-14
 1.3544 1.659149E-14
 1.354545 1.622007E-14
 1.35469 1.3366082E-14
 1.354835 1.479261E-14
 1.35498 1.4061652E-14
 1.355125 2.0692303E-14
 1.35527 1.9818001E-14
 1.355415 2.1282365E-14
 1.35556 2.0617234E-14
 1.355705 1.8120945E-14
 1.35585 1.770997E-14
 1.355995 1.8481017E-14
 1.35614 2.111345E-14
 1.356285 1.962791E-14
 1.35643 2.1488084E-14
 1.356575 2.0044672E-14
 1.35672 1.9628159E-14
 1.356865 2.0488445E-14
 1.35701 1.9328082E-14
 1.357155 1.8079408E-14
 1.3573 1.6979961E-14
 1.357445 1.6922812E-14
 1.35759 1.4207084E-14
 1.357735 1.6102732E-14
 1.35788 1.8925174E-14
 1.358025 2.2639939E-14
 1.35817 1.9968598E-14
 1.358315 1.727538E-14
 1.35846 1.9169313E-14
 1.358605 2.0118969E-14
 1.35875 2.0003618E-14
 1.358895 1.7619874E-14
 1.35904 1.8210515E-14
 1.359185 1.7761043E-14
 1.35933 1.6072957E-14
 1.359475 1.8869067E-14
 1.35962 2.1308437E-14
 1.359765 2.0074623E-14
 1.35991 2.2107153E-14
 1.360055 2.4687485E-14
 1.3602 2.1742231E-14
 1.360345 2.0132408E-14
 1.36049 2.079063E-14
 1.360635 1.8705752E-14
 1.36078 1.5909054E-14
 1.360925 1.31728235E-14
 1.36107 1.2214384E-14
 1.361215 1.2911523E-14
 1.36136 1.6238304E-14
 1.361505 1.8629441E-14
 1.36165 1.6598983E-14
 1.361795 1.1621761E-14
 1.36194 1.35590485E-14
 1.362085 1.3072089E-14
 1.36223 8.312128E-15
 1.362375 7.909707E-15
 1.36252 1.5923267E-14
 1.362665 2.3552061E-14
 1.36281 1.7038086E-14
 1.362955 1.9874407E-14
 1.3631 1.8474956E-14
 1.363245 1.8098509E-14
 1.36339 1.8146924E-14
 1.363535 1.8882889E-14
 1.36368 1.8734981E-14
 1.363825 1.9478629E-14
 1.36397 1.8068897E-14
 1.364115 1.7168294E-14
 1.36426 1.541621E-14
 1.364405 1.6159642E-14
 1.36455 1.8064245E-14
 1.364695 1.41956556E-14
 1.36484 1.6444679E-14
 1.364985 2.0281725E-14
 1.36513 1.9868686E-14
 1.365275 1.961035E-14
 1.36542 1.4317483E-14
 1.365565 1.8216582E-14
 1.36571 2.455543E-14
 1.365855 2.2077114E-14
 1.366 2.0617456E-14
 1.366145 1.8682557E-14
 1.36629 1.8804897E-14
 1.366435 1.7216609E-14
 1.36658 1.7153776E-14
 1.366725 1.735916E-14
 1.36687 1.5043227E-14
 1.367015 1.4760696E-14
 1.36716 1.7394423E-14
 1.367305 1.9127202E-14
 1.36745 1.7766077E-14
 1.367595 1.5657741E-14
 1.36774 1.5770588E-14
 1.367885 1.2185336E-14
 1.36803 1.7783663E-14
 1.368175 2.0293137E-14
 1.36832 1.494074E-14
 1.368465 1.6462648E-14
 1.36861 1.732011E-14
 1.368755 1.3621227E-14
 1.3689 1.5984528E-14
 1.369045 1.8267099E-14
 1.36919 1.8532208E-14
 1.369335 1.6120008E-14
 1.36948 1.7884269E-14
 1.369625 1.7076992E-14
 1.36977 1.6363625E-14
 1.369915 1.490204E-14
 1.37006 1.5178063E-14
 1.370205 1.9087727E-14
 1.37035 1.7754603E-14
 1.370495 1.767176E-14
 1.37064 1.7468117E-14
 1.370785 1.4925291E-14
 1.37093 1.3980116E-14
 1.371075 1.2610811E-14
 1.37122 1.6219214E-14
 1.371365 1.5077547E-14
 1.37151 1.7369871E-14
 1.371655 1.7175914E-14
 1.3718 1.5478663E-14
 1.371945 1.6865747E-14
 1.37209 1.706321E-14
 1.372235 1.7007041E-14
 1.37238 1.6612183E-14
 1.372525 1.8520013E-14
 1.37267 1.867899E-14
 1.372815 1.9472324E-14
 1.37296 1.7637638E-14
 1.373105 1.7227237E-14
 1.37325 1.5628386E-14
 1.373395 1.4085398E-14
 1.37354 1.6352793E-14
 1.373685 1.7019355E-14
 1.37383 1.6110682E-14
 1.373975 1.7093752E-14
 1.37412 1.5271143E-14
 1.374265 1.5830383E-14
 1.37441 1.5188714E-14
 1.374555 1.3960054E-14
 1.3747 1.6430466E-14
 1.374845 1.6959292E-14
 1.37499 1.5062316E-14
 1.375135 1.6139327E-14
 1.37528 1.8267612E-14
 1.375425 2.016307E-14
 1.37557 1.9444524E-14
 1.375715 1.8106239E-14
 1.37586 1.6189829E-14
 1.376005 1.628592E-14
 1.37615 1.8072778E-14
 1.376295 1.7709177E-14
 1.37644 1.7720283E-14
 1.376585 1.6561923E-14
 1.37673 1.5436384E-14
 1.376875 1.5472168E-14
 1.37702 1.3539832E-14
 1.377165 1.5091108E-14
 1.37731 1.7981337E-14
 1.377455 2.0595211E-14
 1.3776 1.9890827E-14
 1.377745 1.9659115E-14
 1.37789 1.8638474E-14
 1.378035 1.7744786E-14
 1.37818 1.7088542E-14
 1.378325 1.6450527E-14
 1.37847 1.561418E-14
 1.378615 1.5464963E-14
 1.37876 1.9399679E-14
 1.378905 1.6925331E-14
 1.37905 1.8915716E-14
 1.379195 1.857048E-14
 1.37934 1.7756145E-14
 1.379485 1.7204849E-14
 1.37963 1.793792E-14
 1.379775 1.7657103E-14
 1.37992 1.6801442E-14
 1.380065 1.6407867E-14
 1.38021 1.5733935E-14
 1.380355 1.5877804E-14
 1.3805 1.737242E-14
 1.380645 1.1567378E-14
 1.38079 8.729028E-15
 1.380935 4.1386144E-15
 1.38108 1.4098419E-14
 1.381225 2.310833E-14
 1.38137 1.795346E-14
 1.381515 1.7438325E-14
 1.38166 1.7155785E-14
 1.381805 1.8331335E-14
 1.38195 1.695491E-14
 1.382095 1.7464315E-14
 1.38224 1.9168921E-14
 1.382385 1.601391E-14
 1.38253 1.5133463E-14
 1.382675 8.321885E-15
 1.38282 1.1945461E-14
 1.382965 -1.36506856E-14
 1.38311 9.56366E-15
 1.383255 1.9321164E-14
 1.3834 1.8795903E-14
 1.383545 1.540163E-14
 1.38369 1.465833E-14
 1.383835 1.7780065E-14
 1.38398 1.580355E-14
 1.384125 1.9280862E-14
 1.38427 1.666527E-14
 1.384415 1.5972031E-14
 1.38456 1.6792897E-14
 1.384705 1.6072757E-14
 1.38485 1.5166083E-14
 1.384995 1.4310954E-14
 1.38514 1.5831683E-14
 1.385285 1.8951015E-14
 1.38543 2.0564783E-14
 1.385575 1.8503714E-14
 1.38572 1.7488516E-14
 1.385865 1.4500001E-14
 1.38601 1.5724769E-14
 1.386155 1.704647E-14
 1.3863 1.893906E-14
 1.386445 1.7103259E-14
 1.38659 2.0007926E-14
 1.386735 1.8138314E-14
 1.38688 1.7272916E-14
 1.387025 1.8119373E-14
 1.38717 1.6770563E-14
 1.387315 1.8417376E-14
 1.38746 1.6846264E-14
 1.387605 1.6401792E-14
 1.38775 1.6824214E-14
 1.387895 1.5025275E-14
 1.38804 1.2785233E-14
 1.388185 1.5869593E-14
 1.38833 1.839932E-14
 1.388475 2.0289538E-14
 1.38862 2.1830157E-14
 1.388765 2.1040986E-14
 1.38891 1.9291589E-14
 1.389055 1.8370693E-14
 1.3892 1.9931507E-14
 1.389345 2.0421046E-14
 1.38949 1.9688044E-14
 1.389635 1.6803889E-14
 1.38978 1.6386142E-14
 1.389925 1.6580973E-14
 1.39007 1.6529651E-14
 1.390215 1.7195189E-14
 1.39036 1.8066777E-14
 1.390505 1.6446017E-14
 1.39065 1.5724286E-14
 1.390795 1.5344754E-14
 1.39094 1.465024E-14
 1.391085 1.7381128E-14
 1.39123 1.7426219E-14
 1.391375 1.7900373E-14
 1.39152 1.7586611E-14
 1.391665 1.5495631E-14
 1.39181 1.5644287E-14
 1.391955 1.4109278E-14
 1.3921 1.3358461E-14
 1.392245 1.4067622E-14
 1.39239 1.3338479E-14
 1.392535 8.592457E-15
 1.39268 1.7386627E-14
 1.392825 1.7375634E-14
 1.39297 1.9867065E-14
 1.393115 1.9052412E-14
 1.39326 1.7464669E-14
 1.393405 1.6440401E-14
 1.39355 1.5236585E-14
 1.393695 1.5880784E-14
 1.39384 1.5591468E-14
 1.393985 1.635302E-14
 1.39413 1.6851512E-14
 1.394275 1.7986679E-14
 1.39442 1.802985E-14
 1.394565 1.6244481E-14
 1.39471 1.5937692E-14
 1.394855 1.5302492E-14
 1.395 1.4859362E-14
 1.395145 1.3167994E-14
 1.39529 1.0082606E-14
 1.395435 1.2854836E-14
 1.39558 1.2758774E-14
 1.395725 1.5868852E-14
 1.39587 1.5666623E-14
 1.396015 1.7937613E-14
 1.39616 1.7482577E-14
 1.396305 1.4934897E-14
 1.39645 1.3668201E-14
 1.396595 1.594209E-14
 1.39674 1.5958993E-14
 1.396885 1.8379829E-14
 1.39703 1.5064242E-14
 1.397175 1.3284662E-14
 1.39732 1.513146E-14
 1.397465 1.4941294E-14
 1.39761 1.5885917E-14
 1.397755 1.6076958E-14
 1.3979 1.6259555E-14
 1.398045 1.5784435E-14
 1.39819 1.3949246E-14
 1.398335 1.5371334E-14
 1.39848 1.4554452E-14
 1.398625 1.4560993E-14
 1.39877 1.478682E-14
 1.398915 1.5379496E-14
 1.39906 1.625929E-14
 1.399205 1.5276849E-14
 1.39935 1.6369313E-14
 1.399495 1.2927453E-14
 1.39964 1.407772E-14
 1.399785 1.5675173E-14
 1.39993 1.489332E-14
 1.400075 1.1698867E-14
 1.40022 1.2590372E-14
 1.400365 1.4843968E-14
 1.40051 1.2038835E-14
 1.400655 1.3652676E-14
 1.4008 1.6129757E-14
 1.400945 1.4088152E-14
 1.40109 1.3165119E-14
 1.401235 1.3368026E-14
 1.40138 1.3790239E-14
 1.401525 1.5372855E-14
 1.40167 0.
 1.401815 0.
 1.40196 0.
 1.402105 0.
 1.40225 0.
 1.402395 0.
 1.40254 0.
 1.402685 0.
 1.40283 0.
 1.402975 0.
 1.40312 0.
 1.403265 0.
 1.40341 0.
 1.403555 0.
 1.4037 0.
 1.403845 0.
 1.40399 0.
 1.404135 0.
 1.40428 0.
 1.404425 0.
 1.40457 0.
 1.404715 0.
 1.40486 0.
 1.405005 0.
 1.40515 0.
 1.405295 0.
 1.40544 0.
 1.405585 0.
 1.40573 0.
 1.405875 0.
 1.40602 0.
 1.406165 0.
 1.40631 0.
 1.406455 0.
 1.4066 0.
 1.406745 0.
 1.40689 0.
 1.407035 0.
 1.40718 0.
 1.407325 0.
 1.40747 0.
 1.407615 0.
 1.40776 0.
 1.407905 0.
 1.40805 0.
 1.408195 0.
 1.40834 0.
 1.408485 0.
 1.40863 0.
 1.408775 0.
 1.40892 0.
 1.409065 0.
 1.40921 0.
 1.409355 0.
 1.4095 0.
 1.409645 0.
 1.40979 0.
 1.409935 0.
 1.41008 0.
 1.410225 0.
 1.41037 0.
 1.410515 0.
 1.41066 0.
 1.410805 0.
 1.41095 0.
 1.411095 0.
 1.41124 0.
 1.411385 0.
 1.41153 0.
 1.411675 0.
 1.41182 0.
 1.411965 0.
 1.41211 0.
 1.4075 0.
 1.408 0.
 1.4085 0.
 1.409 0.
 1.4095 0.
 1.41 0.
 1.4105 0.
 1.411 0.
 1.4115 0.
 1.412 0.
 1.4125 0.
 1.413 0.
 1.4135 0.
 1.414 0.
 1.4145 0.
 1.415 0.
 1.4155 0.
 1.416 0.
 1.4165 0.
 1.417 0.
 1.4175 0.
 1.418 0.
 1.4185 0.
 1.419 0.
 1.4195 0.
 1.42 0.
 1.4205 0.
 1.421 0.
 1.4215 0.
 1.422 0.
 1.4225 0.
 1.423 0.
 1.4235 0.
 1.424 0.
 1.4245 0.
 1.425 0.
 1.4255 0.
 1.426 0.
 1.4265 0.
 1.427 0.
 1.4275 0.
 1.428 0.
 1.4285 0.
 1.429 0.
 1.4295 0.
 1.43 0.
 1.4305 0.
 1.431 0.
 1.4315 0.
 1.432 0.
 1.4325 0.
 1.433 0.
 1.4335 0.
 1.434 0.
 1.4345 0.
 1.435 0.
 1.4355 0.
 1.436 0.
 1.4365 0.
 1.437 0.
 1.4375 0.
 1.438 0.
 1.4385 0.
 1.439 0.
 1.4395 0.
 1.44 0.
 1.4405 0.
 1.441 0.
 1.4415 0.
 1.442 0.
 1.4425 0.
 1.443 0.
 1.4435 0.
 1.444 0.
 1.4445 0.
 1.445 0.
 1.4455 0.
 1.446 0.
 1.4465 0.
 1.447 0.
 1.4475 0.
 1.448 0.
 1.4485 0.
 1.449 0.
 1.4495 0.
 1.45 0.
 1.4505 0.
 1.451 0.
 1.4515 1.1747412E-14
 1.452 1.4375354E-14
 1.4525 1.4494577E-14
 1.453 1.4368335E-14
 1.4535 1.3689632E-14
 1.454 1.3431824E-14
 1.4545 1.3508458E-14
 1.455 1.4657595E-14
 1.4555 1.6045037E-14
 1.456 1.3072688E-14
 1.4565 1.383223E-14
 1.457 1.3439533E-14
 1.4575 1.4015209E-14
 1.458 1.3843382E-14
 1.4585 1.4509071E-14
 1.459 1.5330578E-14
 1.4595 1.4471422E-14
 1.46 1.4795592E-14
 1.4605 1.4941089E-14
 1.461 1.380724E-14
 1.4615 1.40697306E-14
 1.462 1.3278907E-14
 1.4625 1.3834193E-14
 1.463 1.3893882E-14
 1.4635 1.3611801E-14
 1.464 1.2576162E-14
 1.4645 1.3804455E-14
 1.465 1.4581647E-14
 1.4655 1.4225988E-14
 1.466 1.4920282E-14
 1.4665 1.5104678E-14
 1.467 1.4446137E-14
 1.4675 1.36035465E-14
 1.468 1.2933985E-14
 1.4685 1.2755607E-14
 1.469 1.3024536E-14
 1.4695 1.3197417E-14
 1.47 1.3808975E-14
 1.4705 1.3481709E-14
 1.471 1.4040262E-14
 1.4715 1.33991515E-14
 1.472 1.3792715E-14
 1.4725 1.415409E-14
 1.473 1.3893434E-14
 1.4735 1.4207876E-14
 1.474 1.3145563E-14
 1.4745 1.2914281E-14
 1.475 1.348807E-14
 1.4755 1.38340496E-14
 1.476 1.399574E-14
 1.4765 1.3254252E-14
 1.477 1.3633724E-14
 1.4775 1.3166617E-14
 1.478 1.3625572E-14
 1.4785 1.314937E-14
 1.479 1.4527039E-14
 1.4795 1.4546876E-14
 1.48 1.30925756E-14
 1.4805 1.353774E-14
 1.481 1.27694825E-14
 1.4815 1.4113433E-14
 1.482 1.3766287E-14
 1.4825 1.3064383E-14
 1.483 1.29437154E-14
 1.4835 1.3680471E-14
 1.484 1.4774957E-14
 1.4845 1.4988734E-14
 1.485 1.3404029E-14
 1.4855 1.3610408E-14
 1.486 1.3768445E-14
 1.4865 1.4447028E-14
 1.487 1.4671102E-14
 1.4875 1.4182695E-14
 1.488 1.4437441E-14
 1.4885 1.4740586E-14
 1.489 1.3845933E-14
 1.4895 1.3999637E-14
 1.49 1.3804998E-14
 1.4905 1.35061945E-14
 1.491 1.40569675E-14
 1.4915 1.4271643E-14
 1.492 1.4043792E-14
 1.4925 1.3804756E-14
 1.493 1.3444127E-14
 1.4935 1.3739659E-14
 1.494 1.3318879E-14
 1.4945 1.3679699E-14
 1.495 1.3914225E-14
 1.4955 1.3912859E-14
 1.496 1.3306358E-14
 1.4965 1.3824917E-14
 1.497 1.38842735E-14
 1.4975 1.4137261E-14
 1.498 1.4373793E-14
 1.4985 1.432757E-14
 1.499 1.4313747E-14
 1.4995 1.4231316E-14
 1.5 1.3804938E-14
 1.5005 1.3905327E-14
 1.501 1.3964409E-14
 1.5015 1.3778648E-14
 1.502 1.361402E-14
 1.5025 1.326403E-14
 1.503 1.269618E-14
 1.5035 1.5359035E-14
 1.504 1.4780711E-14
 1.5045 1.3225438E-14
 1.505 1.425467E-14
 1.5055 1.3988857E-14
 1.506 1.4758362E-14
 1.5065 1.4360305E-14
 1.507 1.4464355E-14
 1.5075 1.4409504E-14
 1.508 1.38342325E-14
 1.5085 1.4035946E-14
 1.509 1.4405362E-14
 1.5095 1.4363519E-14
 1.51 1.4265063E-14
 1.5105 1.475773E-14
 1.511 1.4505783E-14
 1.5115 1.4085342E-14
 1.512 1.4333122E-14
 1.5125 1.454573E-14
 1.513 1.4323146E-14
 1.5135 1.4352423E-14
 1.514 1.3456333E-14
 1.5145 1.4330629E-14
 1.515 1.4882923E-14
 1.5155 1.5129557E-14
 1.516 1.5217398E-14
 1.5165 1.4240682E-14
 1.517 1.4036894E-14
 1.5175 1.3854995E-14
 1.518 1.32865995E-14
 1.5185 1.4289544E-14
 1.519 1.4790928E-14
 1.5195 1.4551479E-14
 1.52 1.4432728E-14
 1.5205 1.4235918E-14
 1.521 1.4577583E-14
 1.5215 1.5411175E-14
 1.522 1.5272238E-14
 1.5225 1.4808267E-14
 1.523 1.5183935E-14
 1.5235 1.542851E-14
 1.524 1.5767127E-14
 1.5245 1.5125559E-14
 1.525 1.4377283E-14
 1.5255 1.4665722E-14
 1.526 1.4895247E-14
 1.5265 1.40246294E-14
 1.527 1.4416028E-14
 1.5275 1.4525895E-14
 1.528 1.4595172E-14
 1.5285 1.4785204E-14
 1.529 1.4684829E-14
 1.5295 1.4659369E-14
 1.53 1.4682196E-14
 1.5305 1.5506561E-14
 1.531 1.5598884E-14
 1.5315 1.532764E-14
 1.532 1.4830866E-14
 1.5325 1.4289366E-14
 1.533 1.4075772E-14
 1.5335 1.4652957E-14
 1.534 1.512268E-14
 1.5345 1.5523388E-14
 1.535 1.5326282E-14
 1.5355 1.4937396E-14
 1.536 1.5286334E-14
 1.5365 1.5321274E-14
 1.537 1.5251094E-14
 1.5375 1.5419317E-14
 1.538 1.4564645E-14
 1.5385 1.4778931E-14
 1.539 1.542761E-14
 1.5395 1.5914087E-14
 1.54 1.4800994E-14
 1.5405 1.5163523E-14
 1.541 1.454139E-14
 1.5415 1.4980755E-14
 1.542 1.5545689E-14
 1.5425 1.4915855E-14
 1.543 1.4884092E-14
 1.5435 1.5002482E-14
 1.544 1.4895901E-14
 1.5445 1.504601E-14
 1.545 1.5359184E-14
 1.5455 1.5144915E-14
 1.546 1.584152E-14
 1.5465 1.5850729E-14
 1.547 1.5730403E-14
 1.5475 1.5307932E-14
 1.548 1.4969578E-14
 1.5485 1.5617446E-14
 1.549 1.5796965E-14
 1.5495 1.5428146E-14
 1.55 1.5620533E-14
 1.5505 1.5216573E-14
 1.551 1.4959027E-14
 1.5515 1.521135E-14
 1.552 1.5695282E-14
 1.5525 1.5998272E-14
 1.553 1.607672E-14
 1.5535 1.536042E-14
 1.554 1.5381309E-14
 1.5545 1.5620168E-14
 1.555 1.5436986E-14
 1.5555 1.5460084E-14
 1.556 1.5286836E-14
 1.5565 1.5652203E-14
 1.557 1.5896242E-14
 1.5575 1.5796594E-14
 1.558 1.526701E-14
 1.5585 1.5067408E-14
 1.559 1.5519131E-14
 1.5595 1.5377788E-14
 1.56 1.6471945E-14
 1.5605 1.5990666E-14
 1.561 1.5498047E-14
 1.5615 1.6000281E-14
 1.562 1.5782231E-14
 1.5625 1.5460254E-14
 1.563 1.6252579E-14
 1.5635 1.5421858E-14
 1.564 1.620589E-14
 1.5645 1.6338007E-14
 1.565 1.5839645E-14
 1.5655 1.567146E-14
 1.566 1.5361019E-14
 1.5665 1.5438512E-14
 1.567 1.627352E-14
 1.5675 1.6883525E-14
 1.568 1.674529E-14
 1.5685 1.686901E-14
 1.569 1.647706E-14
 1.5695 1.6143637E-14
 1.57 1.6205975E-14
 1.5705 1.6418841E-14
 1.571 1.6425593E-14
 1.5715 1.6579474E-14
 1.572 1.6542067E-14
 1.5725 1.6153442E-14
 1.573 1.5805616E-14
 1.5735 1.6534239E-14
 1.574 1.6692966E-14
 1.5745 1.5762272E-14
 1.575 1.667762E-14
 1.5755 1.6150787E-14
 1.576 1.7838563E-14
 1.5765 1.639022E-14
 1.577 1.4229635E-14
 1.5775 1.6449805E-14
 1.578 1.7597806E-14
 1.5785 1.7305735E-14
 1.579 1.668912E-14
 1.5795 1.6961965E-14
 1.58 1.6852903E-14
 1.5805 1.6334133E-14
 1.581 1.655621E-14
 1.5815 1.6729033E-14
 1.582 1.6200694E-14
 1.5825 1.5982826E-14
 1.583 1.723439E-14
 1.5835 1.6574861E-14
 1.584 1.5624587E-14
 1.5845 1.6562543E-14
 1.585 1.6620133E-14
 1.5855 1.6346455E-14
 1.586 1.6549833E-14
 1.5865 1.6994781E-14
 1.587 1.6869378E-14
 1.5875 1.715492E-14
 1.588 1.7139452E-14
 1.5885 1.6782792E-14
 1.589 1.6268935E-14
 1.5895 1.6481794E-14
 1.59 1.7347197E-14
 1.5905 1.7089113E-14
 1.591 1.6920078E-14
 1.5915 1.7069901E-14
 1.592 1.7208147E-14
 1.5925 1.6133804E-14
 1.593 1.6995333E-14
 1.5935 1.6811476E-14
 1.594 1.6656339E-14
 1.5945 1.6299106E-14
 1.595 1.6676014E-14
 1.5955 1.6762826E-14
 1.596 1.6702453E-14
 1.5965 1.669028E-14
 1.597 1.7724762E-14
 1.5975 1.7233805E-14
 1.598 1.7318503E-14
 1.5985 1.666886E-14
 1.599 1.7123335E-14
 1.5995 1.6984864E-14
 1.6 1.6990727E-14
 1.6005 1.7509265E-14
 1.601 1.661571E-14
 1.6015 1.775568E-14
 1.602 1.7371936E-14
 1.6025 1.6487728E-14
 1.603 1.7371172E-14
 1.6035 1.7498118E-14
 1.604 1.708903E-14
 1.6045 1.662554E-14
 1.605 1.7209575E-14
 1.6055 1.7007154E-14
 1.606 1.680064E-14
 1.6065 1.618925E-14
 1.607 1.7371856E-14
 1.6075 1.665805E-14
 1.608 1.7109075E-14
 1.6085 1.752394E-14
 1.609 1.7365294E-14
 1.6095 1.7293213E-14
 1.61 1.6265575E-14
 1.6105 1.6868732E-14
 1.611 1.7453243E-14
 1.6115 1.6764615E-14
 1.612 1.6579974E-14
 1.6125 1.7160718E-14
 1.613 1.663817E-14
 1.6135 1.695529E-14
 1.614 1.6923047E-14
 1.6145 1.7212357E-14
 1.615 1.7132415E-14
 1.6155 1.6360994E-14
 1.616 1.6506436E-14
 1.6165 1.7334416E-14
 1.617 1.6563075E-14
 1.6175 1.7600177E-14
 1.618 1.7407662E-14
 1.6185 1.7018825E-14
 1.619 1.7091341E-14
 1.6195 1.713752E-14
 1.62 1.6284452E-14
 1.6205 1.7036338E-14
 1.621 1.7003038E-14
 1.6215 1.6982956E-14
 1.622 1.6912925E-14
 1.6225 1.7801944E-14
 1.623 1.7407394E-14
 1.6235 1.702816E-14
 1.624 1.7293745E-14
 1.6245 1.7447925E-14
 1.625 1.7134248E-14
 1.6255 1.6954887E-14
 1.626 1.6335544E-14
 1.6265 1.6408888E-14
 1.627 1.6919702E-14
 1.6275 1.7355974E-14
 1.628 1.7146156E-14
 1.6285 1.7209097E-14
 1.629 1.7233607E-14
 1.6295 1.6733168E-14
 1.63 1.6899026E-14
 1.6305 1.6968726E-14
 1.631 1.674297E-14
 1.6315 1.6682327E-14
 1.632 1.6560675E-14
 1.6325 1.732501E-14
 1.633 1.7385261E-14
 1.6335 1.7311007E-14
 1.634 1.7884728E-14
 1.6345 1.7306531E-14
 1.635 1.7539325E-14
 1.6355 1.7301717E-14
 1.636 1.7100633E-14
 1.6365 1.7040555E-14
 1.637 1.6874092E-14
 1.6375 1.7587674E-14
 1.638 1.758877E-14
 1.6385 1.6327914E-14
 1.639 1.8189233E-14
 1.6395 1.7754193E-14
 1.64 1.6719699E-14
 1.6405 1.7563828E-14
 1.641 1.7292645E-14
 1.6415 1.771848E-14
 1.642 1.7742177E-14
 1.6425 1.8105736E-14
 1.643 1.7954993E-14
 1.6435 1.7721723E-14
 1.644 1.741267E-14
 1.6445 1.7735792E-14
 1.645 1.7202902E-14
 1.6455 1.8182258E-14
 1.646 1.7876778E-14
 1.6465 1.8029006E-14
 1.647 1.7297609E-14
 1.6475 1.7656486E-14
 1.648 1.7421487E-14
 1.6485 1.826784E-14
 1.649 1.7402726E-14
 1.6495 1.7716328E-14
 1.65 1.7502111E-14
 1.6505 1.7769706E-14
 1.651 1.7583384E-14
 1.6515 1.7353316E-14
 1.652 1.691727E-14
 1.6525 1.7335808E-14
 1.653 1.7580957E-14
 1.6535 1.834664E-14
 1.654 1.8073462E-14
 1.6545 1.7465555E-14
 1.655 1.7722657E-14
 1.6555 1.6990937E-14
 1.656 1.7725994E-14
 1.6565 1.7984598E-14
 1.657 1.8773215E-14
 1.6575 1.8317569E-14
 1.658 1.8055742E-14
 1.6585 1.793213E-14
 1.659 1.7940429E-14
 1.6595 1.7564495E-14
 1.66 1.7675147E-14
 1.6605 1.7523867E-14
 1.661 1.7311058E-14
 1.6615 1.696669E-14
 1.662 1.7842009E-14
 1.6625 1.7665943E-14
 1.663 1.7618355E-14
 1.6635 1.8145775E-14
 1.664 1.8101247E-14
 1.6645 1.8299146E-14
 1.665 1.8516393E-14
 1.6655 1.8586452E-14
 1.666 1.8379985E-14
 1.6665 1.7797089E-14
 1.667 1.766845E-14
 1.6675 1.7493495E-14
 1.668 1.7145724E-14
 1.6685 1.6480127E-14
 1.669 1.7903097E-14
 1.6695 1.8333508E-14
 1.67 1.787989E-14
 1.6705 1.777191E-14
 1.671 1.810726E-14
 1.6715 1.8395216E-14
 1.672 1.7942995E-14
 1.6725 1.7141943E-14
 1.673 1.789837E-14
 1.6735 1.799732E-14
 1.674 1.797248E-14
 1.6745 1.7900996E-14
 1.675 1.7784233E-14
 1.6755 1.7261498E-14
 1.676 1.8240712E-14
 1.6765 1.7790275E-14
 1.677 1.7764185E-14
 1.6775 1.7782762E-14
 1.678 1.7746919E-14
 1.6785 1.7862288E-14
 1.679 1.8003011E-14
 1.6795 1.8281966E-14
 1.68 1.8076013E-14
 1.6805 1.8198544E-14
 1.681 1.8480077E-14
 1.6815 1.8511468E-14
 1.682 1.810687E-14
 1.6825 1.81559E-14
 1.683 1.8479215E-14
 1.6835 1.854259E-14
 1.684 1.8816412E-14
 1.6845 1.8425304E-14
 1.685 1.7537616E-14
 1.6855 1.7896132E-14
 1.686 1.7983988E-14
 1.6865 1.8182841E-14
 1.687 1.7660622E-14
 1.6875 1.7862385E-14
 1.688 1.7727334E-14
 1.6885 1.7724969E-14
 1.689 1.7397467E-14
 1.6895 1.652205E-14
 1.69 1.7579744E-14
 1.6905 1.814511E-14
 1.691 1.810926E-14
 1.6915 1.8195659E-14
 1.692 1.8317775E-14
 1.6925 1.7598754E-14
 1.693 1.731694E-14
 1.6935 1.7844568E-14
 1.694 1.800385E-14
 1.6945 1.7663132E-14
 1.695 1.7191123E-14
 1.6955 1.7454608E-14
 1.696 1.7597916E-14
 1.6965 1.795939E-14
 1.697 1.776979E-14
 1.6975 1.7331851E-14
 1.698 1.7774956E-14
 1.6985 1.8002345E-14
 1.699 1.7879988E-14
 1.6995 1.7929212E-14
 1.7 1.7306775E-14
 1.7005 1.76566E-14
 1.701 1.7585392E-14
 1.7015 1.7158111E-14
 1.702 1.782256E-14
 1.7025 1.8184769E-14
 1.703 1.7931494E-14
 1.7035 1.8073364E-14
 1.704 1.783209E-14
 1.7045 1.7353796E-14
 1.705 1.7533531E-14
 1.7055 1.7607277E-14
 1.706 1.733093E-14
 1.7065 1.7574106E-14
 1.707 1.7516358E-14
 1.7075 1.7420334E-14
 1.708 1.7203392E-14
 1.7085 1.7333125E-14
 1.709 1.6815554E-14
 1.7095 1.731377E-14
 1.71 1.7890164E-14
 1.7105 1.7947075E-14
 1.711 1.6757452E-14
 1.7115 1.5742292E-14
 1.712 1.7570851E-14
 1.7125 1.7325466E-14
 1.713 1.7562064E-14
 1.7135 1.7718488E-14
 1.714 1.7434091E-14
 1.7145 1.6643872E-14
 1.715 1.6295825E-14
 1.7155 1.686893E-14
 1.716 1.6819679E-14
 1.7165 1.6711032E-14
 1.717 1.7212136E-14
 1.7175 1.6806662E-14
 1.718 1.6275264E-14
 1.7185 1.598976E-14
 1.719 1.582332E-14
 1.7195 1.5762746E-14
 1.72 1.5870026E-14
 1.7205 1.6565723E-14
 1.721 1.7004095E-14
 1.7215 1.6944232E-14
 1.722 1.6105137E-14
 1.7225 1.7118331E-14
 1.723 1.6349017E-14
 1.7235 1.6392293E-14
 1.724 1.585051E-14
 1.7245 1.6946368E-14
 1.725 1.7011701E-14
 1.7255 1.7013112E-14
 1.726 1.678236E-14
 1.7265 1.6409776E-14
 1.727 1.5811678E-14
 1.7275 1.549253E-14
 1.728 1.6459334E-14
 1.7285 1.7242065E-14
 1.729 1.7306408E-14
 1.7295 1.6327709E-14
 1.73 1.598576E-14
 1.7305 1.6461348E-14
 1.731 1.7317756E-14
 1.7315 1.6860765E-14
 1.732 1.5995624E-14
 1.7325 1.5566602E-14
 1.733 1.5206554E-14
 1.7335 1.678611E-14
 1.734 1.6389286E-14
 1.7345 1.5655483E-14
 1.735 1.5932646E-14
 1.7355 1.5536175E-14
 1.736 1.5666733E-14
 1.7365 1.600618E-14
 1.737 1.640324E-14
 1.7375 1.6198977E-14
 1.738 1.6467591E-14
 1.7385 1.6132183E-14
 1.739 1.6494666E-14
 1.7395 1.647231E-14
 1.74 1.616415E-14
 1.7405 1.568274E-14
 1.741 1.5024906E-14
 1.7415 1.568805E-14
 1.742 1.6447732E-14
 1.7425 1.6466724E-14
 1.743 1.5631824E-14
 1.7435 1.585063E-14
 1.744 1.569129E-14
 1.7445 1.5816152E-14
 1.745 1.575541E-14
 1.7455 1.5716315E-14
 1.746 1.5832804E-14
 1.7465 1.6671514E-14
 1.747 1.5665419E-14
 1.7475 1.5115733E-14
 1.748 1.504696E-14
 1.7485 1.4956523E-14
 1.749 1.6104732E-14
 1.7495 1.599391E-14
 1.75 1.5818413E-14
 1.7505 1.5118747E-14
 1.751 1.3945694E-14
 1.7515 1.5105713E-14
 1.752 1.4788704E-14
 1.7525 1.4873993E-14
 1.753 1.5810988E-14
 1.7535 1.6035552E-14
 1.754 1.509458E-14
 1.7545 1.4918371E-14
 1.755 1.4933711E-14
 1.7555 1.5032641E-14
 1.756 1.4524125E-14
 1.7565 1.4398115E-14
 1.757 1.4129309E-14
 1.7575 1.4466105E-14
 1.758 1.463013E-14
 1.7585 1.4224626E-14
 1.759 1.4386028E-14
 1.7595 1.4572146E-14
 1.76 1.5060668E-14
 1.7605 1.5122811E-14
 1.761 1.443627E-14
 1.7615 1.4191917E-14
 1.762 1.4670168E-14
 1.7625 1.4182901E-14
 1.763 1.40616685E-14
 1.7635 1.3864216E-14
 1.764 1.4752185E-14
 1.7645 1.4698854E-14
 1.765 1.437614E-14
 1.7655 1.5353331E-14
 1.766 1.5432735E-14
 1.7665 1.5146027E-14
 1.767 1.5019568E-14
 1.7675 1.3861481E-14
 1.768 1.3465729E-14
 1.7685 1.3349135E-14
 1.769 1.3274741E-14
 1.7695 1.420413E-14
 1.77 1.4727223E-14
 1.7705 1.4678422E-14
 1.771 1.4323388E-14
 1.7715 1.385065E-14
 1.772 1.4002279E-14
 1.7725 1.3252068E-14
 1.773 1.3210479E-14
 1.7735 1.3720278E-14
 1.774 1.4709862E-14
 1.7745 1.4086536E-14
 1.775 1.33411924E-14
 1.7755 1.3011704E-14
 1.776 1.3788783E-14
 1.7765 1.31951445E-14
 1.777 1.2865635E-14
 1.7775 1.3369065E-14
 1.778 1.3968976E-14
 1.7785 1.39497255E-14
 1.779 1.3871184E-14
 1.7795 1.2588417E-14
 1.78 1.2750561E-14
 1.7805 1.3874259E-14
 1.781 1.41243295E-14
 1.7815 1.34535564E-14
 1.782 1.24145435E-14
 1.7825 1.3123633E-14
 1.783 1.2701012E-14
 1.7835 1.4315163E-14
 1.784 1.4489202E-14
 1.7845 1.5014564E-14
 1.785 1.40511585E-14
 1.7855 1.2645939E-14
 1.786 1.2875741E-14
 1.7865 1.2258606E-14
 1.787 1.2639939E-14
 1.7875 1.1882042E-14
 1.788 1.1966665E-14
 1.7885 1.2546771E-14
 1.789 1.2726188E-14
 1.7895 1.2787047E-14
 1.79 1.358951E-14
 1.7905 1.34518454E-14
 1.791 1.3058821E-14
 1.7915 1.2943659E-14
 1.792 1.2391876E-14
 1.7925 1.2480638E-14
 1.793 1.2878111E-14
 1.7935 1.269092E-14
 1.794 1.21274815E-14
 1.7945 1.1561487E-14
 1.795 1.2193426E-14
 1.7955 1.2658056E-14
 1.796 1.3118776E-14
 1.7965 1.2847099E-14
 1.797 1.2455826E-14
 1.7975 1.2604123E-14
 1.798 1.3027934E-14
 1.7985 1.3065252E-14
 1.799 1.3081524E-14
 1.7995 1.2631504E-14
 1.8 1.2491047E-14
 1.8005 1.2226299E-14
 1.801 1.1846727E-14
 1.8015 1.156176E-14
 1.802 1.1153053E-14
 1.8025 1.1928866E-14
 1.803 1.1547699E-14
 1.8035 1.1988211E-14
 1.804 1.2129816E-14
 1.8045 1.21953474E-14
 1.805 1.23802446E-14
 1.8055 1.2342307E-14
 1.806 1.29019135E-14
 1.8065 1.2302659E-14
 1.807 1.1099519E-14
 1.8075 1.1025911E-14
 1.808 1.1023346E-14
 1.8085 1.1422741E-14
 1.809 1.1675869E-14
 1.8095 1.1503294E-14
 1.81 1.2245218E-14
 1.8105 1.3167326E-14
 1.811 1.1949865E-14
 1.8115 1.0541526E-14
 1.812 1.153294E-14
 1.8125 1.1901173E-14
 1.813 1.0809818E-14
 1.8135 1.05730625E-14
 1.814 1.1440321E-14
 1.8145 1.30495116E-14
 1.815 1.4235773E-14
 1.8155 1.3884442E-14
 1.816 1.2853502E-14
 1.8165 1.21296965E-14
 1.817 1.2676824E-14
 1.8175 1.1954992E-14
 1.818 1.22553275E-14
 1.8185 1.28128785E-14
 1.819 1.1970609E-14
 1.8195 1.145229E-14
 1.82 1.235193E-14
 1.8205 1.3106719E-14
 1.821 1.0417118E-14
 1.8215 1.04653775E-14
 1.822 1.13388455E-14
 1.8225 1.0390436E-14
 1.823 9.632377E-15
 1.8235 1.07447264E-14
 1.824 1.2154852E-14
 1.8245 1.259056E-14
 1.825 1.1859502E-14
 1.8255 1.1301073E-14
 1.826 1.21754684E-14
 1.8265 1.2634594E-14
 1.827 9.3527565E-15
 1.8275 1.0239978E-14
 1.828 1.1469469E-14
 1.8285 1.2646793E-14
 1.829 1.2103248E-14
 1.8295 1.0723244E-14
 1.83 1.2362837E-14
 1.8305 1.17723E-14
 1.831 1.1348171E-14
 1.8315 1.1091394E-14
 1.832 9.940159E-15
 1.8325 1.10052534E-14
 1.833 1.0314915E-14
 1.8335 9.7700905E-15
 1.834 1.09361584E-14
 1.8345 1.18327835E-14
 1.835 1.2791413E-14
 1.8355 1.0901853E-14
 1.836 1.15003705E-14
 1.8365 1.0916144E-14
 1.837 8.604757E-15
 1.8375 1.2975718E-14
 1.838 1.2685925E-14
 1.8385 8.57525E-15
 1.839 9.455996E-15
 1.8395 1.114243E-14
 1.84 1.2110722E-14
 1.8405 9.221451E-15
 1.841 9.776801E-15
 1.8415 1.438846E-14
 1.842 1.3895832E-14
 1.8425 9.355617E-15
 1.843 6.6948785E-15
 1.8435 9.696008E-15
 1.844 9.697057E-15
 1.8445 8.78587E-15
 1.845 9.8784066E-15
 1.8455 1.1200122E-14
 1.846 1.1502924E-14
 1.8465 1.2666906E-14
 1.847 1.4217643E-14
 1.8475 1.2389215E-14
 1.848 1.0698543E-14
 1.8485 1.0861155E-14
 1.849 7.455257E-15
 1.8495 8.177059E-15
 1.85 9.65224E-15
 1.8505 1.10089025E-14
 1.851 9.027453E-15
 1.8515 8.645287E-15
 1.852 1.0752102E-14
 1.8525 1.1597586E-14
 1.853 1.3480113E-14
 1.8535 1.10297225E-14
 1.854 1.1675074E-14
 1.8545 7.525693E-15
 1.855 8.266921E-15
 1.8555 9.320577E-15
 1.856 1.1116204E-14
 1.8565 1.21079235E-14
 1.857 1.0026456E-14
 1.8575 7.845108E-15
 1.858 6.3972625E-15
 1.8585 7.999158E-15
 1.859 9.299557E-15
 1.8595 1.0535593E-14
 1.86 9.956703E-15
 1.8605 8.828128E-15
 1.861 7.196571E-15
 1.8615 6.81441E-15
 1.862 8.883647E-15
 1.8625 1.0043548E-14
 1.863 1.0317716E-14
 1.8635 9.305181E-15
 1.864 1.099554E-14
 1.8645 1.1589699E-14
 1.865 8.808374E-15
 1.8655 8.167689E-15
 1.866 8.625943E-15
 1.8665 1.02757285E-14
 1.867 1.1221897E-14
 1.8675 1.237106E-14
 1.868 1.2098676E-14
 1.8685 7.684268E-15
 1.869 8.725754E-15
 1.8695 1.109651E-14
 1.87 1.1117573E-14
 1.8705 9.729733E-15
 1.871 1.1224644E-14
 1.8715 1.0753006E-14
 1.872 6.7219027E-15
 1.8725 8.919953E-15
 1.873 1.6659727E-14
 1.8735 1.2599597E-14
 1.874 8.928405E-15
 1.8745 7.841248E-15
 1.875 1.08513645E-14
 1.8755 1.2172807E-14
 1.876 9.988661E-15
 1.8765 1.2064511E-14
 1.877 1.2971949E-14
 1.8775 8.373966E-15
 1.878 8.108947E-15
 1.8785 9.083675E-15
 1.879 7.966999E-15
 1.8795 9.866428E-15
 1.88 9.1901686E-15
 1.8805 1.0781804E-14
 1.881 1.1725933E-14
 1.8815 9.363201E-15
 1.882 8.600473E-15
 1.8825 9.827343E-15
 1.883 1.1150106E-14
 1.8835 1.1546966E-14
 1.884 1.3164946E-14
 1.8845 9.689193E-15
 1.885 8.1473296E-15
 1.8855 9.7487106E-15
 1.886 9.7202596E-15
 1.8865 1.0575841E-14
 1.887 1.1932719E-14
 1.8875 9.7601896E-15
 1.888 1.0373736E-14
 1.8885 1.0719359E-14
 1.889 1.0035945E-14
 1.8895 1.0448425E-14
 1.89 1.2991208E-14
 1.8905 1.111849E-14
 1.891 8.308693E-15
 1.8915 9.925122E-15
 1.892 1.0790384E-14
 1.8925 1.0272479E-14
 1.893 9.216223E-15
 1.8935 9.841568E-15
 1.894 1.03968195E-14
 1.8945 8.030705E-15
 1.895 8.999534E-15
 1.8955 9.594216E-15
 1.896 1.1174903E-14
 1.8965 1.0230573E-14
 1.897 1.0226688E-14
 1.8975 1.1270937E-14
 1.898 1.1647093E-14
 1.8985 8.603139E-15
 1.899 1.1332021E-14
 1.8995 1.16608375E-14
 1.9 1.1761631E-14
 1.9005 8.967118E-15
 1.901 8.159618E-15
 1.9015 8.154765E-15
 1.902 1.0040094E-14
 1.9025 1.187809E-14
 1.903 1.3242056E-14
 1.9035 8.597454E-15
 1.904 8.4586785E-15
 1.9045 1.0581939E-14
 1.905 1.2679271E-14
 1.9055 1.308293E-14
 1.906 1.0111156E-14
 1.9065 9.224493E-15
 1.907 1.07981225E-14
 1.9075 7.72935E-15
 1.908 9.2467554E-15
 1.9085 1.0978236E-14
 1.909 1.1813458E-14
 1.9095 9.556868E-15
 1.91 1.076356E-14
 1.9105 1.1121008E-14
 1.911 1.0192481E-14
 1.9115 8.446023E-15
 1.912 9.139575E-15
 1.9125 9.406133E-15
 1.913 1.1107295E-14
 1.9135 1.3274389E-14
 1.914 1.0923831E-14
 1.9145 8.525667E-15
 1.915 9.096413E-15
 1.9155 9.986333E-15
 1.916 1.1883092E-14
 1.9165 1.2050681E-14
 1.917 7.9378126E-15
 1.9175 8.4154265E-15
 1.918 9.570134E-15
 1.9185 1.0086924E-14
 1.919 1.1003295E-14
 1.9195 1.2321436E-14
 1.92 1.41733845E-14
 1.9205 1.1114198E-14
 1.921 1.020199E-14
 1.9215 7.718415E-15
 1.922 8.924998E-15
 1.9225 1.0022277E-14
 1.923 1.0851999E-14
 1.9235 1.1277766E-14
 1.924 1.22517725E-14
 1.9245 1.0337534E-14
 1.925 8.517579E-15
 1.9255 9.720795E-15
 1.926 1.1060545E-14
 1.9265 1.0896333E-14
 1.927 1.119107E-14
 1.9275 1.0448793E-14
 1.928 9.964437E-15
 1.9285 1.2264965E-14
 1.929 1.0525095E-14
 1.9295 9.239802E-15
 1.93 1.0982868E-14
 1.9305 1.1603127E-14
 1.931 9.86796E-15
 1.9315 9.211491E-15
 1.932 8.903443E-15
 1.9325 9.705364E-15
 1.933 1.106217E-14
 1.9335 1.0250515E-14
 1.934 1.0906437E-14
 1.9345 9.885417E-15
 1.935 9.98042E-15
 1.9355 1.1082274E-14
 1.936 1.1346165E-14
 1.9365 1.184979E-14
 1.937 1.1113794E-14
 1.9375 1.0664443E-14
 1.938 1.2207149E-14
 1.9385 1.0806643E-14
 1.939 1.0386882E-14
 1.9395 1.0723267E-14
 1.94 9.720007E-15
 1.9405 9.2220145E-15
 1.941 1.0848246E-14
 1.9415 1.12617765E-14
 1.942 1.0555586E-14
 1.9425 1.065436E-14
 1.943 1.1402043E-14
 1.9435 1.05875375E-14
 1.944 1.074751E-14
 1.9445 1.1423634E-14
 1.945 1.0863782E-14
 1.9455 9.0875395E-15
 1.946 9.1025345E-15
 1.9465 9.6161135E-15
 1.947 1.1071161E-14
 1.9475 1.1487971E-14
 1.948 1.0724737E-14
 1.9485 1.09617016E-14
 1.949 1.01518466E-14
 1.9495 1.0913266E-14
 1.95 1.0798005E-14
 1.9505 1.1213909E-14
 1.951 9.772074E-15
 1.9515 9.847418E-15
 1.952 1.0775197E-14
 1.9525 1.1078189E-14
 1.953 1.0783666E-14
 1.9535 1.1018533E-14
 1.954 1.0980813E-14
 1.9545 1.2098211E-14
 1.955 1.1281024E-14
 1.9555 1.1403072E-14
 1.956 1.0004593E-14
 1.9565 9.739603E-15
 1.957 1.0095548E-14
 1.9575 1.12418E-14
 1.958 1.1602816E-14
 1.9585 1.0953673E-14
 1.959 1.1792142E-14
 1.9595 1.12834335E-14
 1.96 9.962542E-15
 1.9605 1.0168045E-14
 1.961 1.0133739E-14
 1.9615 9.7653946E-15
 1.962 1.0349333E-14
 1.9625 1.11297E-14
 1.963 1.1303448E-14
 1.9635 1.0852157E-14
 1.964 9.944938E-15
 1.9645 1.0220299E-14
 1.965 1.0287736E-14
 1.9655 1.0284611E-14
 1.966 1.0617663E-14
 1.9665 1.0919888E-14
 1.967 1.0809115E-14
 1.9675 1.0533084E-14
 1.968 1.0321537E-14
 1.9685 1.0375891E-14
 1.969 1.06217584E-14
 1.9695 1.0889196E-14
 1.97 1.1132087E-14
 1.9705 1.1405628E-14
 1.971 1.0974963E-14
 1.9715 1.0328366E-14
 1.972 1.0358311E-14
 1.9725 1.01995074E-14
 1.973 1.0421858E-14
 1.9735 1.066119E-14
 1.974 1.0671959E-14
 1.9745 1.0668597E-14
 1.975 1.0650169E-14
 1.9755 1.06734994E-14
 1.976 9.6506055E-15
 1.9765 9.093996E-15
 1.977 9.8714965E-15
 1.9775 1.0259937E-14
 1.978 9.031589E-15
 1.9785 8.6267155E-15
 1.979 9.74829E-15
 1.9795 1.0584335E-14
 1.98 1.0456861E-14
 1.9805 9.632728E-15
 1.981 9.411124E-15
 1.9815 1.0058425E-14
 1.982 1.0208595E-14
 1.9825 1.0286796E-14
 1.983 9.966506E-15
 1.9835 1.0176454E-14
 1.984 1.036894E-14
 1.9845 1.0336345E-14
 1.985 1.0288325E-14
 1.9855 1.0030969E-14
 1.986 9.641206E-15
 1.9865 9.566057E-15
 1.987 9.87752E-15
 1.9875 9.599953E-15
 1.988 9.836123E-15
 1.9885 1.0066677E-14
 1.989 1.0567887E-14
 1.9895 1.0418503E-14
 1.99 1.04287145E-14
 1.9905 9.746464E-15
 1.991 9.423678E-15
 1.9915 9.712493E-15
 1.992 9.743314E-15
 1.9925 9.792941E-15
 1.993 1.01996345E-14
 1.9935 1.01771415E-14
 1.994 1.06987546E-14
 1.9945 1.0544948E-14
 1.995 1.0288619E-14
 1.9955 1.0239998E-14
 1.996 1.0330382E-14
 1.9965 1.0621326E-14
 1.997 1.09147116E-14
 1.9975 1.0099714E-14
 1.998 9.780583E-15
 1.9985 9.986247E-15
 1.9990001 1.03111066E-14
 1.9995002 1.06404965E-14
 2. 1.02487505E-14
 2.0005002 9.793661E-15
 2.0010002 1.0142294E-14
 2.0015001 1.0631304E-14
 2.002 1.0462069E-14
 2.0025 9.885696E-15
 2.003 1.0249171E-14
 2.0035 9.758807E-15
 2.0040002 9.5086E-15
 2.0045002 9.716656E-15
 2.005 9.8821775E-15
 2.0055 9.7946375E-15
 2.006 9.963367E-15
 2.0065 9.479537E-15
 2.0070002 9.444268E-15
 2.0075002 9.817548E-15
 2.0080001 1.0395122E-14
 2.0085 9.972595E-15
 2.009 9.265861E-15
 2.0095 9.783146E-15
 2.01 1.02260755E-14
 2.0105002 1.03419445E-14
 2.0110002 1.0004306E-14
 2.0115001 9.933402E-15
 2.012 9.865289E-15
 2.0125 9.861654E-15
 2.013 9.751388E-15
 2.0135002 9.9134856E-15
 2.0140002 9.812543E-15
 2.0145001 9.891328E-15
 2.015 1.0592811E-14
 2.0155 9.660799E-15
 2.016 9.182836E-15
 2.0165 9.302785E-15
 2.0170002 9.450085E-15
 2.0175002 9.047395E-15
 2.0180001 9.974888E-15
 2.0185 9.424252E-15
 2.019 9.611116E-15
 2.0195 9.115396E-15
 2.02 8.6341135E-15
 2.0205002 9.160188E-15
 2.0210001 9.373268E-15
 2.0215 1.0545707E-14
 2.022 1.0092668E-14
 2.0225 9.843913E-15
 2.023 9.772715E-15
 2.0235002 9.468857E-15
 2.0240002 1.0232553E-14
 2.0245001 1.025626E-14
 2.025 1.0129451E-14
 2.0255 9.998849E-15
 2.026 9.390818E-15
 2.0265 9.474197E-15
 2.0270002 8.976926E-15
 2.0275002 9.407587E-15
 2.028 9.5646274E-15
 2.0285 1.02243306E-14
 2.029 9.569458E-15
 2.0295 9.0742665E-15
 2.0300002 9.470699E-15
 2.0305002 9.760082E-15
 2.0310001 9.470333E-15
 2.0315 9.706746E-15
 2.032 1.0537442E-14
 2.0325 1.0823735E-14
 2.033 1.0352953E-14
 2.0335002 9.985514E-15
 2.0340002 9.9323E-15
 2.0345001 9.9199594E-15
 2.035 9.7152545E-15
 2.0355 9.686262E-15
 2.036 9.03676E-15
 2.0365002 9.575762E-15
 2.0370002 1.0426825E-14
 2.0375001 1.0121339E-14
 2.038 1.0548042E-14
 2.0385 1.0150283E-14
 2.039 9.690995E-15
 2.0395 9.568921E-15
 2.0400002 9.622047E-15
 2.0405002 9.59889E-15
 2.0410001 9.382988E-15
 2.0415 9.366391E-15
 2.042 9.825693E-15
 2.0425 9.923176E-15
 2.043 1.061275E-14
 2.0435002 1.0685342E-14
 2.0440001 9.867168E-15
 2.0445 9.381256E-15
 2.045 9.31086E-15
 2.0455 9.417047E-15
 2.046 9.655185E-15
 2.0465002 9.905029E-15
 2.0470002 1.0058045E-14
 2.0475001 1.02275705E-14
 2.048 1.0768404E-14
 2.0485 1.0455955E-14
 2.049 9.838506E-15
 2.0495 9.426528E-15
 2.0500002 9.553153E-15
 2.0505002 9.688105E-15
 2.051 1.03803905E-14
 2.0515 1.0553943E-14
 2.052 9.922346E-15
 2.0525 9.793743E-15
 2.0530002 1.0328726E-14
 2.0535002 1.034891E-14
 2.0540001 1.0136778E-14
 2.0545 9.448358E-15
 2.055 9.011774E-15
 2.0555 9.703641E-15
 2.056 9.495588E-15
 2.0565002 9.4901826E-15
 2.0570002 1.0283957E-14
 2.0575001 9.999656E-15
 2.058 1.0052127E-14
 2.0585 1.04708705E-14
 2.059 1.0294198E-14
 2.0595002 9.94356E-15
 2.0600002 9.974724E-15
 2.0605001 1.0099793E-14
 2.061 9.897085E-15
 2.0615 9.842674E-15
 2.062 1.009181E-14
 2.0625 9.8985465E-15
 2.0630002 1.007762E-14
 2.0635002 9.708907E-15
 2.0640001 9.411081E-15
 2.0645 9.04385E-15
 2.065 9.4639745E-15
 2.0655 9.753679E-15
 2.066 9.757279E-15
 2.0665002 9.667482E-15
 2.0670002 1.0424736E-14
 2.0675 9.9497005E-15
 2.068 9.7070755E-15
 2.0685 9.954306E-15
 2.069 9.772683E-15
 2.0695002 9.636968E-15
 2.0700002 9.848964E-15
 2.0705001 1.0029244E-14
 2.071 1.06770375E-14
 2.0715 1.0106369E-14
 2.072 9.6146075E-15
 2.0725 9.8136145E-15
 2.0730002 1.0241693E-14
 2.0735002 9.939471E-15
 2.0740001 9.792624E-15
 2.0745 9.879872E-15
 2.075 1.0027463E-14
 2.0755 9.813347E-15
 2.0760002 1.0225647E-14
 2.0765002 1.0012471E-14
 2.0770001 9.827217E-15
 2.0775 1.0023836E-14
 2.078 1.0094149E-14
 2.0785 1.0232377E-14
 2.079 1.0030944E-14
 2.0795002 9.946306E-15
 2.0800002 1.0049827E-14
 2.0805001 1.01780385E-14
 2.081 9.909243E-15
 2.0815 9.896716E-15
 2.082 9.8482674E-15
 2.0825 1.0046809E-14
 2.0830002 1.00134854E-14
 2.0835001 1.0167869E-14
 2.084 1.0090689E-14
 2.0845 9.994953E-15
 2.085 1.013903E-14
 2.0855 9.9475016E-15
 2.0860002 1.02602355E-14
 2.0865002 1.03782864E-14
 2.0870001 1.00871595E-14
 2.0875 9.834563E-15
 2.088 1.0163913E-14
 2.0885 1.0210942E-14
 2.089 1.0104359E-14
 2.0895002 9.962625E-15
 2.0900002 9.77466E-15
 2.0905 9.990894E-15
 2.091 1.0616961E-14
 2.0915 1.0748496E-14
 2.092 9.907766E-15
 2.0925002 1.0019889E-14
 2.0930002 1.0925016E-14
 2.0935001 1.0864094E-14
 2.094 1.0324685E-14
 2.0945 1.0091422E-14
 2.095 9.85905E-15
 2.0955 9.925048E-15
 2.0960002 9.966812E-15
 2.0965002 9.950014E-15
 2.0970001 9.772148E-15
 2.0975 1.0046938E-14
 2.098 1.0084106E-14
 2.0985 1.0407827E-14
 2.0990002 1.0357107E-14
 2.0995002 1.01653695E-14
 2.1000001 9.973879E-15
 2.1005 1.0088568E-14
 2.101 1.04216045E-14
 2.1015 1.0667736E-14
 2.102 1.0162839E-14
 2.1025002 1.0152968E-14
 2.1030002 1.023142E-14
 2.1035001 1.0244478E-14
 2.104 1.0365174E-14
 2.1045 1.0415496E-14
 2.105 1.0239607E-14
 2.1055 9.904499E-15
 2.1060002 1.0245459E-14
 2.1065001 1.0404177E-14
 2.107 1.09893114E-14
 2.1075 1.0721107E-14
 2.108 1.0262989E-14
 2.1085 9.993772E-15
 2.1090002 9.826267E-15
 2.1095002 1.0258329E-14
 2.1100001 1.0258402E-14
 2.1105 1.062278E-14
 2.111 1.086996E-14
 2.1115 1.0662761E-14
 2.112 1.0041385E-14
 2.1125002 1.0041795E-14
 2.1130002 1.0172387E-14
 2.1135 1.04341084E-14
 2.114 1.07592564E-14
 2.1145 1.089572E-14
 2.115 1.0927913E-14
 2.1155002 1.069108E-14
 2.1160002 1.0585374E-14
 2.1165001 1.0756965E-14
 2.117 1.02737905E-14
 2.1175 1.0439991E-14
 2.118 1.011456E-14
 2.1185 1.03339205E-14
 2.1190002 1.0520891E-14
 2.1195002 1.0242583E-14
 2.1200001 1.0439684E-14
 2.1205 1.0454027E-14
 2.121 1.0450857E-14
 2.1215 1.038213E-14
 2.1220002 1.0462593E-14
 2.1225002 1.0641053E-14
 2.1230001 1.0857048E-14
 2.1235 1.0791737E-14
 2.124 1.0542858E-14
 2.1245 1.061121E-14
 2.125 1.091232E-14
 2.1255002 1.09895994E-14
 2.1260002 1.0632298E-14
 2.1265001 1.0422349E-14
 2.127 1.0500939E-14
 2.1275 1.0415107E-14
 2.128 1.0241522E-14
 2.1285 1.034075E-14
 2.1290002 9.953553E-15
 2.1295002 1.0161936E-14
 2.13 1.0284803E-14
 2.1305 1.0451666E-14
 2.131 1.0475342E-14
 2.1315 1.06555694E-14
 2.1320002 1.0822624E-14
 2.1325002 1.0546296E-14
 2.1330001 1.04484335E-14
 2.1335 1.0752323E-14
 2.134 1.0737422E-14
 2.1345 1.04797805E-14
 2.135 1.0590975E-14
 2.1355002 1.0908157E-14
 2.1360002 1.0364564E-14
 2.1365001 1.0975891E-14
 2.137 1.0880095E-14
 2.1375 1.060212E-14
 2.138 1.0737568E-14
 2.1385002 1.05136194E-14
 2.1390002 1.0350526E-14
 2.1395001 1.0577081E-14
 2.14 1.0787951E-14
 2.1405 1.0457394E-14
 2.141 1.0235063E-14
 2.1415 1.0462562E-14
 2.1420002 1.0787012E-14
 2.1425002 1.0524244E-14
 2.1430001 1.0516989E-14
 2.1435 1.0666143E-14
 2.144 1.12853105E-14
 2.1445 1.1497254E-14
 2.145 1.1203127E-14
 2.1455002 1.1278497E-14
 2.1460001 1.1368454E-14
 2.1465 1.1119009E-14
 2.147 1.1256352E-14
 2.1475 1.1238797E-14
 2.148 1.1001478E-14
 2.1485002 1.0752168E-14
 2.1490002 1.0739603E-14
 2.1495001 1.0722613E-14
 2.15 1.0688254E-14
 2.1505 1.0455704E-14
 2.151 1.084439E-14
 2.1515 1.1200443E-14
 2.1520002 1.110141E-14
 2.1525002 1.0752787E-14
 2.153 1.0758649E-14
 2.1535 1.05563455E-14
 2.154 1.1010558E-14
 2.1545 1.1122247E-14
 2.1550002 1.1042732E-14
 2.1555002 1.1467861E-14
 2.1560001 1.09832916E-14
 2.1565 1.08830545E-14
 2.157 1.08132734E-14
 2.1575 1.12034956E-14
 2.158 1.1231266E-14
 2.1585002 1.1416331E-14
 2.1590002 1.1252538E-14
 2.1595001 1.0967538E-14
 2.16 1.0969667E-14
 2.1605 1.0802445E-14
 2.161 1.121122E-14
 2.1615002 1.1581771E-14
 2.1620002 1.1340694E-14
 2.1625001 1.0931149E-14
 2.163 1.125137E-14
 2.1635 1.1095934E-14
 2.164 1.1068275E-14
 2.1645 1.11467994E-14
 2.1650002 1.1250405E-14
 2.1655002 1.1109632E-14
 2.1660001 1.0872469E-14
 2.1665 1.1286054E-14
 2.167 1.1464628E-14
 2.1675 1.1375236E-14
 2.168 1.1339203E-14
 2.1685002 1.1553116E-14
 2.1690001 1.166838E-14
 2.1695 1.1568558E-14
 2.17 1.1616875E-14
 2.1705 1.1145759E-14
 2.171 1.1057544E-14
 2.1715002 1.1089987E-14
 2.1720002 1.1195145E-14
 2.1725001 1.1400348E-14
 2.173 1.1092439E-14
 2.1735 1.1220867E-14
 2.174 1.1344854E-14
 2.1745 1.125568E-14
 2.1750002 1.1396931E-14
 2.1755002 1.1340364E-14
 2.176 1.1195681E-14
 2.1765 1.0909127E-14
 2.177 1.1014939E-14
 2.1775 1.1142311E-14
 2.1780002 1.114638E-14
 2.1785002 1.0678214E-14
 2.1790001 1.1152008E-14
 2.1795 1.1084361E-14
 2.18 1.1080103E-14
 2.1805 1.10866686E-14
 2.181 1.1223046E-14
 2.1815002 1.1618615E-14
 2.1820002 1.1611304E-14
 2.1825001 1.10528076E-14
 2.183 1.1347353E-14
 2.1835 1.1073921E-14
 2.184 1.1243437E-14
 2.1845002 1.1272623E-14
 2.1850002 1.1468115E-14
 2.1855001 1.1504966E-14
 2.186 1.12475015E-14
 2.1865 1.1204443E-14
 2.187 1.1277377E-14
 2.1875 1.1428631E-14
 2.1880002 1.1213346E-14
 2.1885002 1.1044137E-14
 2.1890001 1.1728557E-14
 2.1895 1.1883429E-14
 2.19 1.1349043E-14
 2.1905 1.1094004E-14
 2.191 1.1390284E-14
 2.1915002 1.16835185E-14
 2.1920002 1.1450097E-14
 2.1925 1.1406343E-14
 2.193 1.1137466E-14
 2.1935 1.09473714E-14
 2.194 1.1294654E-14
 2.1945002 1.1219319E-14
 2.1950002 1.1620797E-14
 2.1955001 1.1635531E-14
 2.196 1.1416334E-14
 2.1965 1.1618124E-14
 2.197 1.1632454E-14
 2.1975 1.123331E-14
 2.1980002 1.1215168E-14
 2.1985002 1.1602777E-14
 2.1990001 1.1371414E-14
 2.1995 1.153261E-14
 2.2 1.19747275E-14
 2.2005 1.17622315E-14
 2.2010002 1.1325552E-14
 2.2015002 1.1756846E-14
 2.2020001 1.1772072E-14
 2.2025 1.1364463E-14
 2.203 1.1573815E-14
 2.2035 1.1204831E-14
 2.204 1.1160586E-14
 2.2045002 1.1312144E-14
 2.2050002 1.1407244E-14
 2.2055001 1.12576955E-14
 2.206 1.1013426E-14
 2.2065 1.0491858E-14
 2.207 1.0673183E-14
 2.2075 1.1478386E-14
 2.2080002 1.1493132E-14
 2.2085001 1.1267928E-14
 2.209 1.0556309E-14
 2.2095 1.1348459E-14
 2.21 1.1807685E-14
 2.2105 1.1577561E-14
 2.2110002 1.1464956E-14
 2.2115002 1.1289048E-14
 2.2120001 1.1679442E-14
 2.2125 1.2075238E-14
 2.213 1.1605045E-14
 2.2135 1.1371445E-14
 2.214 1.1733398E-14
 2.2145002 1.1863459E-14
 2.2150002 1.1881424E-14
 2.2155 1.1842846E-14
 2.216 1.1655234E-14
 2.2165 1.1835511E-14
 2.217 1.152343E-14
 2.2175002 1.14083505E-14
 2.2180002 1.1558287E-14
 2.2185001 1.1838731E-14
 2.219 1.170348E-14
 2.2195 1.1340196E-14
 2.22 1.1117032E-14
 2.2205 1.1204923E-14
 2.2210002 1.1292433E-14
 2.2215002 1.13964565E-14
 2.2220001 1.1500831E-14
 2.2225 1.1808566E-14
 2.223 1.191072E-14
 2.2235 1.1690545E-14
 2.2240002 1.1728416E-14
 2.2245002 1.19757E-14
 2.2250001 1.2168069E-14
 2.2255 1.2202351E-14
 2.226 1.19313E-14
 2.2265 1.1725132E-14
 2.227 1.1692545E-14
 2.2275002 1.1473991E-14
 2.2280002 1.14451515E-14
 2.2285001 1.1516527E-14
 2.229 1.142928E-14
 2.2295 1.144076E-14
 2.23 1.1609592E-14
 2.2305 1.1717264E-14
 2.2310002 1.200981E-14
 2.2315001 1.2173074E-14
 2.232 1.191175E-14
 2.2325 1.1977807E-14
 2.233 1.1421164E-14
 2.2335 1.1552995E-14
 2.2340002 1.1707381E-14
 2.2345002 1.1872498E-14
 2.2350001 1.1687145E-14
 2.2355 1.1369231E-14
 2.236 1.1625879E-14
 2.2365 1.1598352E-14
 2.237 1.1970697E-14
 2.2375002 1.20365745E-14
 2.2380002 1.1982754E-14
 2.2385 1.1538499E-14
 2.239 1.1623964E-14
 2.2395 1.18896295E-14
 2.24 1.2126377E-14
 2.2405002 1.2107737E-14
 2.2410002 1.218326E-14
 2.2415001 1.2082736E-14
 2.242 1.1735462E-14
 2.2425 1.17324405E-14
 2.243 1.1728834E-14
 2.2435 1.1711591E-14
 2.2440002 1.1892208E-14
 2.2445002 1.1604139E-14
 2.2450001 1.14881E-14
 2.2455 1.2037634E-14
 2.246 1.2366161E-14
 2.2465 1.1962544E-14
 2.2470002 1.184302E-14
 2.2475002 1.1554786E-14
 2.2480001 1.1501206E-14
 2.2485 1.2024831E-14
 2.249 1.2078654E-14
 2.2495 1.2087835E-14
 2.25 1.1697126E-14
 2.2505002 1.1570317E-14
 2.2510002 1.1814597E-14
 2.2515001 1.18922325E-14
 2.252 1.1998617E-14
 2.2525 1.1730127E-14
 2.253 1.18877305E-14
 2.2535 1.2075426E-14
 2.2540002 1.20616086E-14
 2.2545002 1.1454748E-14
 2.255 1.1438667E-14
 2.2555 1.1772377E-14
 2.256 1.18129095E-14
 2.2565 1.20071875E-14
 2.2570002 1.1930849E-14
 2.2575002 1.1692841E-14
 2.2580001 1.12488E-14
 2.2585 1.1784831E-14
 2.259 1.1895724E-14
 2.2595 1.1864091E-14
 2.26 1.1943858E-14
 2.2605002 1.1769036E-14
 2.2610002 1.1862099E-14
 2.2615001 1.16146E-14
 2.262 1.1777441E-14
 2.2625 1.13291495E-14
 2.263 1.1086232E-14
 2.2635002 1.14941016E-14
 2.2640002 1.1512655E-14
 2.2645001 1.1640789E-14
 2.265 1.13967275E-14
 2.2655 1.1354475E-14
 2.266 1.1328825E-14
 2.2665 1.17855216E-14
 2.2670002 1.1610459E-14
 2.2675002 1.1981115E-14
 2.2680001 1.201174E-14
 2.2685 1.2164675E-14
 2.269 1.1629759E-14
 2.2695 1.1562033E-14
 2.27 1.1739412E-14
 2.2705002 1.1616448E-14
 2.2710001 1.142306E-14
 2.2715 1.1756173E-14
 2.272 1.2362084E-14
 2.2725 1.1694811E-14
 2.273 1.1465274E-14
 2.2735002 1.1668911E-14
 2.2740002 1.16058904E-14
 2.2745001 1.1422048E-14
 2.275 1.1617665E-14
 2.2755 1.2358513E-14
 2.276 1.179608E-14
 2.2765 1.1420976E-14
 2.2770002 1.2077916E-14
 2.2775002 1.1855404E-14
 2.278 1.1728856E-14
 2.2785 1.1725159E-14
 2.279 1.141872E-14
 2.2795 1.1653367E-14
 2.2800002 1.1680024E-14
 2.2805002 1.1586434E-14
 2.2810001 1.10726485E-14
 2.2815 1.0691036E-14
 2.282 1.2107253E-14
 2.2825 1.224772E-14
 2.283 1.2093095E-14
 2.2835002 1.1199438E-14
 2.2840002 1.1660157E-14
 2.2845001 1.1238005E-14
 2.285 1.1343482E-14
 2.2855 1.1937238E-14
 2.286 1.1486807E-14
 2.2865002 1.1730886E-14
 2.2870002 1.1780998E-14
 2.2875001 1.1878334E-14
 2.288 1.2110056E-14
 2.2885 1.1940621E-14
 2.289 1.1622183E-14
 2.2895 1.1767023E-14
 2.2900002 1.2030502E-14
 2.2905002 1.1862579E-14
 2.2910001 1.1736793E-14
 2.2915 1.18316256E-14
 2.292 1.1441493E-14
 2.2925 1.1470125E-14
 2.293 1.1013388E-14
 2.2935002 1.0536698E-14
 2.2940001 9.080278E-15
 2.2945 9.41499E-15
 2.295 1.0121481E-14
 2.2955 9.8664685E-15
 2.296 1.0015532E-14
 2.2965002 9.985851E-15
 2.2970002 9.929568E-15
 2.2975001 1.0405932E-14
 2.298 1.0912967E-14
 2.2985 1.0634405E-14
 2.299 1.0559401E-14
 2.2995 1.0670815E-14
 2.3000002 1.0927705E-14
 2.3005002 1.0732805E-14
 2.301 1.0294557E-14
 2.3015 1.02368565E-14
 2.302 1.081341E-14
 2.3025 1.10860765E-14
 2.3030002 1.0906646E-14
 2.3035002 1.0719113E-14
 2.3040001 1.0809654E-14
 2.3045 1.1045964E-14
 2.305 1.12067295E-14
 2.3055 1.0724676E-14
 2.306 1.063623E-14
 2.3065002 1.08497085E-14
 2.3070002 1.087706E-14
 2.3075001 1.1241262E-14
 2.308 1.0702329E-14
 2.3085 1.129723E-14
 2.309 1.1153786E-14
 2.3095002 1.0555911E-14
 2.3100002 1.0258406E-14
 2.3105001 1.0495868E-14
 2.311 1.06360835E-14
 2.3115 1.0175277E-14
 2.312 1.0471501E-14
 2.3125 1.0518688E-14
 2.3130002 1.0567867E-14
 2.3135002 1.0789513E-14
 2.3140001 1.0543763E-14
 2.3145 1.0488829E-14
 2.315 1.0050734E-14
 2.3155 1.0789511E-14
 2.316 1.0926694E-14
 2.3165002 1.0414356E-14
 2.3170002 1.0943335E-14
 2.3175 1.0752693E-14
 2.318 1.0068051E-14
 2.3185 1.03908445E-14
 2.319 1.061036E-14
 2.3195002 1.0821618E-14
 2.3200002 1.09842E-14
 2.3205001 1.042936E-14
 2.321 1.0106953E-14
 2.3215 1.0622831E-14
 2.322 1.0345194E-14
 2.3225 9.781035E-15
 2.3230002 8.822966E-15
 2.3235002 8.598108E-15
 2.3240001 9.199796E-15
 2.3245 9.678932E-15
 2.325 9.580595E-15
 2.3255 9.8027335E-15
 2.3260002 9.4272345E-15
 2.3265002 9.541418E-15
 2.3270001 9.874326E-15
 2.3275 9.997952E-15
 2.328 1.0080096E-14
 2.3285 9.848258E-15
 2.329 9.575771E-15
 2.3295002 1.0005556E-14
 2.3300002 1.0150292E-14
 2.3305001 9.243203E-15
 2.331 9.5899495E-15
 2.3315 1.0030437E-14
 2.332 9.752208E-15
 2.3325 1.0087545E-14
 2.3330002 1.0268297E-14
 2.3335001 1.0168935E-14
 2.334 9.80358E-15
 2.3345 9.690569E-15
 2.335 9.65699E-15
 2.3355 9.341988E-15
 2.3360002 9.80362E-15
 2.3365002 1.0197798E-14
 2.3370001 9.773215E-15
 2.3375 1.0011945E-14
 2.338 9.993541E-15
 2.3385 9.3386865E-15
 2.339 9.602586E-15
 2.3395002 9.716501E-15
 2.3400002 1.0007091E-14
 2.3405 9.407192E-15
 2.341 9.884693E-15
 2.3415 9.767054E-15
 2.342 9.668237E-15
 2.3425002 1.0176588E-14
 2.3430002 1.0184425E-14
 2.3435001 9.960813E-15
 2.344 9.586217E-15
 2.3445 9.684439E-15
 2.345 9.363946E-15
 2.3455 9.068335E-15
 2.3460002 9.931028E-15
 2.3465002 1.0389765E-14
 2.3470001 1.0352177E-14
 2.3475 1.005947E-14
 2.348 1.02864825E-14
 2.3485 1.0273184E-14
 2.3490002 1.03845214E-14
 2.3495002 1.0079746E-14
 2.3500001 9.6838905E-15
 2.3505 1.00462936E-14
 2.351 9.420483E-15
 2.3515 9.050282E-15
 2.352 9.500066E-15
 2.3525002 8.753379E-15
 2.3530002 7.97682E-15
 2.3535001 8.609213E-15
 2.354 8.447618E-15
 2.3545 8.6670436E-15
 2.355 9.089363E-15
 2.3555 9.215649E-15
 2.3560002 9.3415986E-15
 2.3565001 8.6850295E-15
 2.357 9.006405E-15
 2.3575 9.566427E-15
 2.358 9.59406E-15
 2.3585 9.36982E-15
 2.3590002 8.6347885E-15
 2.3595002 8.559426E-15
 2.3600001 9.473246E-15
 2.3605 9.290867E-15
 2.361 9.265374E-15
 2.3615 9.149111E-15
 2.362 8.959713E-15
 2.3625002 9.121197E-15
 2.3630002 9.124809E-15
 2.3635 9.2877866E-15
 2.364 9.529449E-15
 2.3645 9.3476074E-15
 2.365 9.2612965E-15
 2.3655002 9.11214E-15
 2.3660002 9.58836E-15
 2.3665001 9.488642E-15
 2.367 9.466789E-15
 2.3675 9.2426024E-15
 2.368 8.499515E-15
 2.3685 8.928945E-15
 2.3690002 8.969986E-15
 2.3695002 9.479417E-15
 2.3700001 9.8020575E-15
 2.3705 1.0113986E-14
 2.371 9.480271E-15
 2.3715 9.280284E-15
 2.3720002 9.2286645E-15
 2.3725002 9.643579E-15
 2.3730001 9.2905725E-15
 2.3735 9.539545E-15
 2.374 9.39987E-15
 2.3745 9.1774936E-15
 2.375 9.3982846E-15
 2.3755002 9.0769414E-15
 2.3760002 9.127491E-15
 2.3765001 9.52729E-15
 2.377 9.0325925E-15
 2.3775 9.256133E-15
 2.378 9.794401E-15
 2.3785 8.9264576E-15
 2.3790002 8.581349E-15
 2.3795002 8.790063E-15
 2.38 8.98344E-15
 2.3805 9.374344E-15
 2.381 8.733748E-15
 2.3815 8.518379E-15
 2.3820002 8.866569E-15
 2.3825002 8.848095E-15
 2.3830001 8.37837E-15
 2.3835 8.197671E-15
 2.384 8.125247E-15
 2.3845 8.2774E-15
 2.385 8.443661E-15
 2.3855002 9.1122525E-15
 2.3860002 8.733117E-15
 2.3865001 8.217262E-15
 2.387 8.048096E-15
 2.3875 8.106779E-15
 2.388 8.653061E-15
 2.3885002 8.393403E-15
 2.3890002 8.5141245E-15
 2.3895001 8.609834E-15
 2.39 8.989009E-15
 2.3905 9.018708E-15
 2.391 8.863046E-15
 2.3915 9.0722175E-15
 2.3920002 8.318001E-15
 2.3925002 8.363446E-15
 2.3930001 8.308125E-15
 2.3935 8.490448E-15
 2.394 9.2379175E-15
 2.3945 9.3846744E-15
 2.395 8.638425E-15
 2.3955002 8.345103E-15
 2.3960001 8.542092E-15
 2.3965 9.058998E-15
 2.397 8.588112E-15
 2.3975 8.4431245E-15
 2.398 8.383389E-15
 2.3985002 8.175764E-15
 2.3990002 8.521006E-15
 2.3995001 8.508298E-15
 2.4 8.6039955E-15
 2.4005 8.597114E-15
 2.401 8.3734E-15
 2.4015 8.277946E-15
 2.4020002 8.413127E-15
 2.4025002 8.1338024E-15
 2.403 7.9967635E-15
 2.4035 8.64977E-15
 2.404 8.860404E-15
 2.4045 8.357479E-15
 2.4050002 7.9839835E-15
 2.4055002 8.018283E-15
 2.4060001 8.243061E-15
 2.4065 8.365454E-15
 2.407 8.424522E-15
 2.4075 8.237164E-15
 2.408 7.963598E-15
 2.4085002 7.572455E-15
 2.4090002 7.758952E-15
 2.4095001 8.124667E-15
 2.41 7.998669E-15
 2.4105 7.6188886E-15
 2.411 8.109235E-15
 2.4115002 8.232752E-15
 2.4120002 8.100621E-15
 2.4125001 8.052436E-15
 2.413 7.824008E-15
 2.4135 7.629721E-15
 2.414 7.709145E-15
 2.4145 7.457619E-15
 2.4150002 7.477703E-15
 2.4155002 8.395324E-15
 2.4160001 8.83999E-15
 2.4165 7.424004E-15
 2.417 7.07085E-15
 2.4175 7.421764E-15
 2.418 7.7551635E-15
 2.4185002 8.190227E-15
 2.4190001 8.549796E-15
 2.4195 7.88504E-15
 2.42 6.719144E-15
 2.4205 7.702012E-15
 2.421 8.118426E-15
 2.4215002 8.019295E-15
 2.4220002 7.54983E-15
 2.4225001 7.3413735E-15
 2.423 7.5591295E-15
 2.4235 7.642646E-15
 2.424 8.023878E-15
 2.4245 8.042313E-15
 2.4250002 7.896339E-15
 2.4255002 7.642478E-15
 2.426 7.360159E-15
 2.4265 7.583911E-15
 2.427 7.363254E-15
 2.4275 7.770959E-15
 2.4280002 7.45707E-15
 2.4285002 7.0722906E-15
 2.4290001 7.2378745E-15
 2.4295 7.818805E-15
 2.43 7.7593885E-15
 2.4305 7.586377E-15
 2.431 7.496822E-15
 2.4315002 7.282284E-15
 2.4320002 7.388187E-15
 2.4325001 7.640917E-15
 2.433 8.29373E-15
 2.4335 7.885367E-15
 2.434 6.7187505E-15
 2.4345002 6.9696188E-15
 2.4350002 7.470888E-15
 2.4355001 7.5579556E-15
 2.436 7.298134E-15
 2.4365 6.966583E-15
 2.437 6.168134E-15
 2.4375 6.05194E-15
 2.4380002 6.7321806E-15
 2.4385002 7.375897E-15
 2.4390001 7.719541E-15
 2.4395 7.76716E-15
 2.44 7.818284E-15
 2.4405 7.458121E-15
 2.441 7.458603E-15
 2.4415002 7.3855225E-15
 2.4420002 7.0126493E-15
 2.4425 7.0991665E-15
 2.443 6.7556358E-15
 2.4435 7.0826913E-15
 2.444 7.062484E-15
 2.4445002 6.5184013E-15
 2.4450002 6.6752727E-15
 2.4455001 7.404849E-15
 2.446 8.115385E-15
 2.4465 7.230762E-15
 2.447 7.152482E-15
 2.4475 7.3477084E-15
 2.4480002 6.3795485E-15
 2.4485002 6.4471273E-15
 2.4490001 6.905328E-15
 2.4495 7.153777E-15
 2.45 7.6239335E-15
 2.4505 7.048472E-15
 2.4510002 7.5825085E-15
 2.4515002 7.5842585E-15
 2.4520001 6.345404E-15
 2.4525 6.4504168E-15
 2.453 6.6431197E-15
 2.4535 6.478611E-15
 2.454 6.364073E-15
 2.4545002 6.4745212E-15
 2.4550002 6.0121344E-15
 2.4555001 6.3915353E-15
 2.456 7.076384E-15
 2.4565 7.249782E-15
 2.457 7.275407E-15
 2.4575 7.314727E-15
 2.4580002 7.5180535E-15
 2.4585001 0.
 2.459 0.
 2.4595 0.
 2.46 0.
 2.4605 0.
 2.4610002 0.
 2.4615002 0.
 2.4620001 0.
 2.4625 0.
 2.463 0.
 2.4635 0.
 2.464 0.
 2.4645002 0.
 2.4650002 0.
 2.4655 0.
 2.466 0.
 2.4665 0.
 2.467 0.
 2.4675002 0.
 2.4680002 0.
 2.4685001 0.
 2.469 0.
 2.4695 0.
 2.47 0.
 2.4705 0.
 2.4710002 0.
 2.4715002 0.
 2.4720001 0.
 2.4725 0.
 2.473 0.
 2.4735 0.
 2.4740002 0.
 2.4745002 0.
 2.4750001 0.
 2.4755 0.
 2.476 0.
 2.4765 0.
 2.477 0.
 2.4775002 0.
 2.4780002 0.
 2.4785001 0.
 2.479 0.
 2.4795 0.
 2.48 0.
 2.4805 0.
 2.4810002 0.
 2.4815001 0.
 2.482 0.
 2.4825 0.
 2.483 0.
 2.4835 0.
 2.4840002 0.
 2.4845002 0.
 2.4850001 0.
 2.4855 0.
 2.486 0.
 2.4865 0.
 2.487 0.
 2.4875002 0.
 2.4880002 0.
 2.4885 0.
 2.489 0.
 2.4895 0.
 2.49 0.
 2.4905002 0.
 2.4910002 0.
 2.4915001 0.
 2.492 0.
 2.4925 0.
 2.493 0.
